
-0.26869676 9.407527 2.7561994 1129507633232159
-0.26677418 9.407141 2.7577007 1129507638254450
-0.26509273 9.406793 2.7590501 1129507643258202
-0.26389557 9.4064455 2.7603498 1129507648270962
-0.2632353 9.406034 2.7618122 1129507653014401
-0.26297483 9.405525 2.763572 1129507658092525
-0.2628819 9.404989 2.765405 1129507662976068
-0.2630102 9.404414 2.7673473 1129507668313672
-0.2632438 9.4039545 2.7688866 1129507672940392
-0.2635536 9.403556 2.7702088 1129507677970548
-0.2639534 9.403308 2.7710161 1129507682906591
-0.2643313 9.403321 2.7709332 1129507688103153
-0.26478255 9.40354 2.770148 1129507692866227
-0.2654606 9.404005 2.7685018 1129507698123206
-0.26630586 9.40455 2.7665691 1129507702805760
-0.26754856 9.405282 2.7639585 1129507708216072
-0.26883575 9.405989 2.7614295 1129507712783729
-0.27016467 9.406753 2.758696 1129507718006073
-0.27127236 9.407406 2.75636 1129507722821178
-0.27245316 9.408134 2.7537563 1129507728183001
-0.2731967 9.408687 2.751794 1129507732675033
-0.27385396 9.409274 2.749721 1129507737763992
-0.2743988 9.409822 2.7477887 1129507742631649
-0.27481645 9.410152 2.7466178 1129507745584721
-0.27522415 9.410948 2.7438464 1129507752641546
-0.2755328 9.411603 2.7415695 1129507757658837
-0.275809 9.412341 2.7390058 1129507762740141
-0.2760127 9.413149 2.7362072 1129507767620192
-0.27610707 9.414026 2.7331777 1129507772501548
-0.27613717 9.415016 2.7297616 1129507777534933
-0.27633506 9.416035 2.7262266 1129507782471757
-0.27658293 9.417089 2.722558 1129507787534986
-0.27683043 9.418136 2.7189121 1129507792434987
-0.27721128 9.419166 2.7153015 1129507797481550
-0.2776602 9.420038 2.7122283 1129507802383686
-0.27817753 9.4207735 2.7096202 1129507807432801
-0.27873144 9.421387 2.7074292 1129507812336760
-0.27922243 9.421875 2.7056787 1129507817376708
-0.2796652 9.42221 2.704466 1129507822289990
-0.28008467 9.422414 2.7037146 1129507827346761
-0.28064674 9.422482 2.7034202 1129507832269210
-0.2812459 9.422422 2.7035625 1129507837314158
-0.28188974 9.42231 2.7038875 1129507842214680
-0.2824787 9.42217 2.7043145 1129507847240617
-0.28281185 9.422012 2.7048283 1129507852159837
-0.28311872 9.421868 2.7052975 1129507857210410
-0.2835124 9.421783 2.7055514 1129507862121817
-0.28398183 9.421753 2.7056072 1129507867155515
-0.284446 9.421752 2.705562 1129507872182652
-0.28498176 9.421763 2.7054663 1129507877229526
-0.2854567 9.421747 2.7054727 1129507882126871
-0.28584954 9.421736 2.7054715 1129507887186142
-0.28619382 9.421731 2.7054532 1129507892142081
-0.28637353 9.421704 2.7055247 1129507897026820
-0.2862847 9.421688 2.705592 1129507902120467
-0.28595033 9.421597 2.705947 1129507907198279
-0.28565988 9.4214 2.706662 1129507912124270
-0.28522408 9.421132 2.70764 1129507917194895
-0.28473395 9.420814 2.7087963 1129507922042761
-0.28425762 9.420501 2.7099342 1129507927044271
-0.2838949 9.42016 2.7111578 1129507931838230
-0.28341386 9.41982 2.712392 1129507936867345
-0.28292522 9.4195175 2.713491 1129507941936877
-0.28256103 9.419253 2.7144449 1129507947037502
-0.28211388 9.418954 2.7155318 1129507952058024
-0.28168574 9.418634 2.7166853 1129507956966045
-0.28129295 9.418311 2.7178445 1129507961736775
-0.2807438 9.4179945 2.7189994 1129507966899014
-0.28034633 9.41773 2.7199552 1129507971653651
-0.27981266 9.417525 2.7207203 1129507976659061
-0.27914366 9.417402 2.7212133 1129507981869225
-0.27870587 9.417411 2.7212276 1129507986759485
-0.27819848 9.417493 2.7209964 1129507991561309
-0.277678 9.417578 2.7207563 1129507996854538
-0.2773144 9.417587 2.7207594 1129508001528862
-0.27665302 9.41747 2.7212327 1129508006635268
-0.27602515 9.417222 2.7221537 1129508011480113
-0.2754073 9.416825 2.723587 1129508016586780
-0.27493528 9.416419 2.7250426 1129508021477146
-0.2745542 9.416028 2.7264318 1129508026464124
-0.27421284 9.415627 2.7278512 1129508031377251
-0.27388877 9.415242 2.729209 1129508036420427
-0.27354094 9.414896 2.7304406 1129508041396523
-0.2731499 9.414596 2.731515 1129508046389856
-0.27274573 9.414276 2.7326574 1129508051316107
-0.27227837 9.413945 2.7338414 1129508056453190
-0.27173 9.413559 2.7352264 1129508061763807
-0.27131093 9.413198 2.736509 1129508066435900
-0.2708699 9.412795 2.7379403 1129508071449233
-0.27056098 9.41243 2.7392251 1129508076344339
-0.27045903 9.41215 2.740192 1129508081343868
-0.2704275 9.411935 2.7409375 1129508086259548
-0.27034423 9.411789 2.7414484 1129508091222881
-0.27022123 9.41173 2.7416618 1129508096120538
-0.2700102 9.411771 2.741544 1129508101389965
-0.26990148 9.411866 2.741227 1129508106094758
-0.26980916 9.41199 2.7408068 1129508111114081
-0.26970455 9.412097 2.7404518 1129508116031895
-0.26993492 9.412165 2.7401977 1129508121433978
-0.27032718 9.412118 2.7403173 1129508125976791
-0.27086586 9.411984 2.7407255 1129508131040229
-0.27157727 9.41182 2.7412167 1129508135960334
-0.27231643 9.411656 2.7417066 1129508141220126
-0.2728928 9.411558 2.741987 1129508145895960
-0.273582 9.411504 2.742105 1129508150935647
-0.27446556 9.411518 2.741968 1129508155860805
-0.27534884 9.411489 2.7419817 1129508160831687
-0.27602866 9.41139 2.7422462 1129508165808514
-0.27619296 9.411206 2.7428617 1129508170871847
-0.2760302 9.410916 2.7438743 1129508175778515
-0.27576596 9.4105215 2.7452562 1129508180825859
-0.2755716 9.410082 2.746781 1129508185748620
-0.2754591 9.409598 2.7484488 1129508190807266
-0.2755319 9.409115 2.750095 1129508195826486
-0.27554065 9.408633 2.751744 1129508201123308
-0.27564213 9.408316 2.75282 1129508205650341
-0.27590224 9.408095 2.7535436 1129508210707789
-0.2764012 9.40797 2.7539244 1129508215810290
-0.27723008 9.407921 2.7540073 1129508220907262
-0.27808937 9.407956 2.7538 1129508225554614
-0.27902028 9.407971 2.7536557 1129508230626072
-0.280019 9.407996 2.753471 1129508235803834
-0.28078708 9.40807 2.7531404 1129508240694042
-0.28139356 9.408152 2.7528002 1129508245577370
-0.28169695 9.408202 2.7525942 1129508250689459
-0.28171244 9.408206 2.7525775 1129508255424096
-0.28145695 9.408259 2.752422 1129508260585919
-0.2811343 9.408401 2.7519746 1129508265438726
-0.28078592 9.408651 2.7511497 1129508270653367
-0.28060675 9.408944 2.7501674 1129508275336390
-0.280536 9.409321 2.7488854 1129508280902587
-0.28060058 9.409645 2.7477684 1129508285460141
-0.28062046 9.409946 2.7467356 1129508290359828
-0.28070933 9.410228 2.7457619 1129508295253058
-0.28088468 9.410453 2.7449715 1129508300258467
-0.28087828 9.41061 2.7444322 1129508305250924
-0.28087914 9.41068 2.744194 1129508310246861
-0.28088382 9.410635 2.744349 1129508315192227
-0.2809265 9.410542 2.7446642 1129508320303945
-0.2812173 9.410367 2.7452326 1129508325137853
-0.28153092 9.410171 2.7458732 1129508330155196
-0.28174168 9.409953 2.7465959 1129508335077802
-0.28189424 9.409654 2.747605 1129508340197745
-0.2820521 9.40936 2.7485971 1129508345048584
-0.28201145 9.409048 2.7496674 1129508350231188
-0.28197345 9.408738 2.7507327 1129508354990668
-0.2820059 9.408365 2.7520027 1129508359978788
-0.2820255 9.407984 2.7533069 1129508365085305
-0.28202108 9.407661 2.7544086 1129508370026971
-0.28184018 9.407292 2.7556858 1129508374911660
-0.28135353 9.406906 2.757055 1129508380127962
-0.28074735 9.406582 2.758224 1129508385021557
-0.28016487 9.406245 2.7594302 1129508389905671
-0.27949145 9.405905 2.7606564 1129508394853902
-0.27882624 9.405573 2.7618558 1129508399902807
-0.2782946 9.405292 2.762866 1129508404786403
-0.27772677 9.405058 2.7637181 1129508409816350
-0.27732664 9.404911 2.7642603 1129508414778122
-0.27708873 9.404885 2.7643697 1129508419814320
-0.27674532 9.404979 2.764087 1129508424698748
-0.2764267 9.405155 2.7635183 1129508429704158
-0.27619612 9.405414 2.7626626 1129508434698228
-0.2737492 9.4061 2.7605648 1129508454603230
-0.27335784 9.406237 2.7601416 1129508459643490
-0.27307695 9.406369 2.7597141 1129508464575523
-0.2730007 9.40653 2.7591746 1129508469696408
-0.2731331 9.406692 2.758611 1129508474597295
-0.2734011 9.406846 2.7580588 1129508479539847
-0.27385882 9.407008 2.7574604 1129508484581098
-0.27446532 9.407117 2.7570264 1129508489538493
-0.27505574 9.407238 2.7565558 1129508494423547
-0.275858 9.407382 2.7559845 1129508499417297
-0.27680445 9.407561 2.7552776 1129508504342090
-0.2778087 9.407844 2.754212 1129508509384954
-0.27886146 9.408193 2.7529144 1129508514852091
-0.27980462 9.40847 2.7518694 1129508519364069
-0.28081095 9.408727 2.750892 1129508524261258
-0.28193325 9.409034 2.7497249 1129508529587768
-0.28280976 9.409239 2.7489324 1129508534545947
-0.2834703 9.409413 2.7482672 1129508539250321
-0.28406972 9.409541 2.7477684 1129508544181521
-0.28459817 9.409615 2.7474637 1129508549198604
-0.2849875 9.409633 2.7473629 1129508554313344
-0.2855092 9.409718 2.7470179 1129508559220480
-0.28612298 9.409826 2.7465816 1129508564092148
-0.28672183 9.409998 2.745929 1129508569237408
-0.28715435 9.410326 2.744758 1129508574242565
-0.28762725 9.4107685 2.7431931 1129508579128242
-0.28829917 9.411351 2.7411196 1129508584112306
-0.28951916 9.412904 2.7356539 1129508594139909
-0.29030737 9.413758 2.7326305 1129508599125640
-0.29099306 9.414593 2.7296786 1129508603923922
-0.2916121 9.415484 2.7265377 1129508608944651
-0.29210803 9.416298 2.7236733 1129508614005850
-0.2923138 9.417007 2.7211943 1129508618899288
-0.29239327 9.417631 2.7190301 1129508623832101
-0.2923845 9.418159 2.717204 1129508628894497
-0.2923006 9.418566 2.7157989 1129508633861477
-0.29217753 9.418833 2.7148888 1129508638817779
-0.29193613 9.419056 2.7141373 1129508643767364
-0.29163012 9.419269 2.7134326 1129508648782832
-0.29145065 9.419389 2.7130353 1129508653738823
-0.29128137 9.4194355 2.7128913 1129508658739604
-0.29104728 9.419425 2.7129514 1129508663670647
-0.29072547 9.419374 2.7131648 1129508668689553
-0.29043382 9.419307 2.7134306 1129508673772523
-0.29003334 9.419218 2.7137806 1129508678653512
-0.28966302 9.419099 2.7142324 1129508683567524
-0.28929415 9.4189205 2.7148914 1129508688594867
-0.28896442 9.418658 2.7158372 1129508693608931
-0.28856167 9.418347 2.716958 1129508698573462
-0.2881571 9.417986 2.7182512 1129508703487266
-0.28767717 9.417541 2.7198462 1129508708614974
-0.28729695 9.417105 2.7213936 1129508713469090
-0.28685325 9.416674 2.722933 1129508718485391
-0.28633648 9.416328 2.7241812 1129508723394768
-0.2856327 9.416022 2.7253115 1129508728442059
-0.2849613 9.4158945 2.7258215 1129508733359456
-0.28431508 9.415892 2.7259007 1129508738388935
-0.28396493 9.415963 2.725692 1129508743323051
-0.283722 9.416145 2.7250867 1129508748343363
-0.28372523 9.416416 2.72415 1129508753276802
-0.2838255 9.4167 2.723157 1129508758301593
-0.28406218 9.417014 2.7220476 1129508763225084
-0.28413433 9.417308 2.7210236 1129508768259927
-0.28394523 9.417638 2.7199013 1129508773277533
-0.28387445 9.41791 2.718969 1129508778345345
-0.28415504 9.418099 2.7182808 1129508783237065
-0.28449908 9.41826 2.717689 1129508788238940
-0.28469348 9.418423 2.7171068 1129508793183308
-0.28505236 9.418602 2.7164464 1129508798261233
-0.2854917 9.418704 2.7160447 1129508803148265
-0.28586197 9.418786 2.7157211 1129508808217171
-0.28600082 9.418788 2.7157 1129508813150349
-0.2859029 9.418687 2.716063 1129508818046287
-0.28574914 9.418488 2.716768 1129508822972850
-0.28549805 9.418245 2.7176359 1129508828006548
-0.2853095 9.417978 2.7185786 1129508832924154
-0.285128 9.417719 2.7194972 1129508837968841
-0.2850935 9.417529 2.720157 1129508842943731
-0.28533518 9.417346 2.7207654 1129508847942279
-0.28577912 9.417258 2.7210214 1129508852847958
-0.28630346 9.417253 2.7209895 1129508857870249
-0.2869532 9.417284 2.7208123 1129508862795146
-0.2875617 9.417317 2.7206283 1129508867866083
-0.28793898 9.417417 2.7202487 1129508872755564
-0.28810552 9.417483 2.7199984 1129508877789209
-0.2880623 9.417543 2.719794 1129508882710044
-0.28824258 9.417512 2.7198842 1129508887787544
-0.2884802 9.417437 2.7201192 1129508892666607
-0.28873184 9.417302 2.7205582 1129508897695930
-0.28894898 9.417216 2.720833 1129508902621765
-0.28911996 9.417115 2.7211645 1129508907761139
-0.28927365 9.416978 2.7216232 1129508912682807
-0.2894198 9.416815 2.722174 1129508917624734
-0.28946885 9.416756 2.7223713 1129508922551819
-0.28944606 9.416726 2.7224765 1129508927615100
-0.2894434 9.416723 2.7224867 1129508932543018
-0.28969008 9.416754 2.7223537 1129508937555205
-0.29021847 9.416787 2.7221818 1129508942455623
-0.2909036 9.416798 2.7220743 1129508947564789
-0.29147846 9.416776 2.7220864 1129508952408749
-0.2919893 9.41668 2.7223666 1129508957441665
-0.29261744 9.41652 2.7228515 1129508962378906
-0.29329053 9.416275 2.723624 1129508967902187
-0.29386982 9.416052 2.724337 1129508972352501
-0.29456627 9.415824 2.7250483 1129508977367917
-0.29521573 9.415583 2.7258077 1129508982292606
-0.29594493 9.415304 2.7266893 1129508987628595
-0.29665515 9.41503 2.727562 1129508992375471
-0.2972952 9.414695 2.7286484 1129508997488857
-0.2977795 9.414366 2.7297306 1129509002193129
-0.29821903 9.41394 2.731148 1129509007486410
-0.29859602 9.413427 2.732878 1129509012236880
-0.29871938 9.412713 2.7353237 1129509017318339
-0.29856628 9.411329 2.7400959 1129509025772557
-0.29872674 9.411071 2.7409668 1129509027204537
-0.29881555 9.410083 2.7443476 1129509032259225
-0.2989009 9.40801 2.751437 1129509042039331
-0.29911512 9.406872 2.7553 1129509047368445
-0.29926735 9.405903 2.75859 1129509051999436
-0.29938862 9.404881 2.7620583 1129509057016258
-0.29924917 9.4039755 2.7651536 1129509061940895
-0.29881075 9.403161 2.76797 1129509067102561
-0.2983688 9.402469 2.77037 1129509071896156
-0.297845 9.401772 2.772791 1129509077174646
-0.29742417 9.401169 2.7748811 1129509081905370
-0.2967803 9.400579 2.7769423 1129509086999126
-0.29595634 9.400074 2.7787435 1129509091822617
-0.29505295 9.3995 2.7807806 1129509096874804
-0.29430413 9.398959 2.7826874 1129509101766003
-0.29363012 9.398373 2.7847366 1129509106882722
-0.2929915 9.397763 2.7868602 1129509111738765
-0.29216465 9.397092 2.789213 1129509116755118
-0.29127994 9.39642 2.791567 1129509121682516
-0.29026434 9.395744 2.793947 1129509126761213
-0.2892942 9.395116 2.796158 1129509131717256
-0.28827712 9.39449 2.7983642 1129509136670798
-0.28727525 9.393883 2.8005052 1129509141593299
-0.2849114 9.392685 2.8047612 1129509151548300
-0.28378734 9.392172 2.8065917 1129509156590331
-0.28258756 9.39175 2.8081234 1129509161509811
-0.28130737 9.3913145 2.8097103 1129509166717416
-0.2802295 9.390924 2.81112 1129509171701218
-0.27936822 9.390605 2.8122745 1129509176501322
-0.27861968 9.390256 2.8135135 1129509181419240
-0.27802518 9.389809 2.8150642 1129509186683875
-0.27747977 9.389381 2.8165436 1129509191477054
-0.27676842 9.388823 2.818476 1129509196416585
-0.27609617 9.388146 2.8207932 1129509201336117
-0.27544764 9.387255 2.8238215 1129509206611378
-0.27493414 9.38631 2.8270109 1129509211340545
-0.27428213 9.3851795 2.8308258 1129509216334660
-0.27354828 9.383902 2.83513 1129509221399348
-0.2730602 9.382505 2.8397925 1129509226394609
-0.27262506 9.38097 2.8449037 1129509231410912
-0.27218962 9.379479 2.849855 1129509236240026
-0.27162942 9.377879 2.8551702 1129509241308361
-0.27127463 9.374897 2.8649802 1129509251165133
-0.2714626 9.373436 2.869738 1129509256156903
-0.27190283 9.371997 2.874394 1129509261091227
-0.27262977 9.370562 2.878998 1129509266120342
-0.27354148 9.369199 2.8833451 1129509271036124
-0.27472672 9.367814 2.8877263 1129509276157009
-0.2758798 9.366481 2.8919382 1129509281044406
-0.27684844 9.365141 2.8961833 1129509286023989
-0.27755666 9.363914 2.9000823 1129509290961960
-0.27813476 9.362655 2.9040897 1129509295977793
-0.27858812 9.361396 2.9081016 1129509300957429
-0.2788521 9.3601885 2.9119577 1129509305946648
-0.27890414 9.359021 2.9157014 1129509310873472
-0.27887315 9.357816 2.9195735 1129509315896284
-0.2789442 9.356592 2.9234846 1129509320855713
-0.27897984 9.355345 2.927471 1129509325854618
-0.27904826 9.354127 2.9313543 1129509330802016
-0.27930903 9.352825 2.9354799 1129509335807328
-0.27971563 9.35152 2.9395983 1129509340753527
-0.2802228 9.350145 2.9439185 1129509345809516
-0.28075808 9.348695 2.948471 1129509350850611
-0.2813076 9.347283 2.952888 1129509355856965
-0.28181452 9.3459015 2.957209 1129509360716654
-0.28217962 9.344503 2.9615912 1129509365690872
-0.28241464 9.343122 2.9659243 1129509370664624
-0.28263333 9.341914 2.9697056 1129509375639571
-0.28294462 9.340856 2.9730022 1129509380579104
-0.28322643 9.339826 2.9762115 1129509385598062
-0.2833805 9.33894 2.9789727 1129509390529209
-0.2836527 9.338092 2.981605 1129509395565407
-0.283926 9.337287 2.9840982 1129509400523689
-0.28431508 9.336486 2.986567 1129509405511293
-0.28488007 9.335721 2.9889042 1129509410429732
-0.28546646 9.334932 2.9913096 1129509415467388
-0.28623694 9.333983 2.9941971 1129509420887493
-0.28702176 9.333166 2.996667 1129509425424316
-0.28779015 9.332192 2.9996262 1129509430344786
-0.28838354 9.33115 3.0028105 1129509435377025
-0.28873956 9.330086 3.0060787 1129509440336452
-0.28932032 9.329027 3.0093083 1129509445337182
-0.289878 9.328079 3.0121913 1129509450274319
-0.2902302 9.327107 3.0151663 1129509455421663
-0.29015398 9.326199 3.0179825 1129509460394268
-0.2897811 9.325319 3.0207362 1129509465261559
-0.289305 9.324464 3.0234177 1129509470173279
-0.2889289 9.323695 3.0258238 1129509475205831
-0.28860536 9.323057 3.027822 1129509480416770
-0.28838155 9.32259 3.0292811 1129509485164582
-0.28832075 9.322168 3.030583 1129509490102500
-0.28835675 9.321796 3.0317242 1129509495118594
-0.28849038 9.32132 3.0331745 1129509500269168
-0.28856903 9.320837 3.0346515 1129509505093595
-0.28859654 9.320343 3.0361671 1129509510014169
-0.28861764 9.319823 3.0377614 1129509515033491
-0.28845543 9.319249 3.0395372 1129509520028389
-0.28808334 9.318703 3.0412443 1129509524997086
-0.28759328 9.318073 3.0432215 1129509529960941
-0.2861381 9.316539 3.0480523 1129509540146828
-0.28560206 9.315817 3.050309 1129509545024692
-0.2851102 9.3149805 3.0529058 1129509549833496
-0.28463557 9.313949 3.0560973 1129509554870631
-0.28433752 9.312835 3.0595183 1129509559818288
-0.28417942 9.3116 3.0632873 1129509564831673
-0.28420606 9.310309 3.067205 1129509569740998
-0.28431165 9.308943 3.0713406 1129509574776466
-0.28443742 9.307568 3.0754929 1129509579759120
-0.28464407 9.306223 3.0795414 1129509584732300
-0.28493002 9.30487 3.0836043 1129509589671885
-0.28531298 9.303463 3.0878098 1129509594703604
-0.28567398 9.302071 3.0919678 1129509599622716
-0.28590205 9.30058 3.0964265 1129509604649177
-0.28604764 9.299075 3.10093 1129509609574960
-0.28635842 9.297502 3.1056166 1129509614634751
-0.2866812 9.296015 3.1100352 1129509619529388
-0.28708902 9.29454 3.1143994 1129509624572565
-0.28747723 9.293024 3.1188877 1129509629591056
-0.28791076 9.291498 3.1233892 1129509634529910
-0.28829634 9.289864 3.1282115 1129509639504799
-0.2887579 9.288129 3.1333175 1129509644655119
-0.28923815 9.286404 3.1383784 1129509649504131
-0.28986368 9.284554 3.1437917 1129509654537099
-0.2902925 9.282626 3.1494408 1129509659527882
-0.2907541 9.280658 3.155193 1129509664454548
-0.29118878 9.27855 3.1613455 1129509669398917
-0.29154277 9.276402 3.1676102 1129509674362049
-0.29183188 9.274238 3.1739144 1129509679254441
-0.2923379 9.271938 3.1805801 1129509684305383
-0.29281822 9.269724 3.1869853 1129509689243666
-0.29331368 9.267458 3.193521 1129509694274499
-0.29379514 9.265269 3.199823 1129509699172152
-0.2942447 9.263 3.2063446 1129509704233667
-0.2947987 9.260733 3.2128348 1129509709212105
-0.2954459 9.258416 3.2194455 1129509714179240
-0.29593962 9.256132 3.2259624 1129509719088716
-0.29607418 9.253772 3.2327154 1129509724164814
-0.29590386 9.25151 3.2391965 1129509729057003
-0.29574874 9.249302 3.2455099 1129509734093045
-0.29554424 9.247291 3.2512553 1129509739009811
-0.29523307 9.245321 3.256881 1129509744075077
-0.29491407 9.243574 3.261865 1129509748986016
-0.29468063 9.241953 3.2664752 1129509754005338
-0.29467866 9.24043 3.2707818 1129509759023204
-0.29481763 9.239037 3.2747023 1129509763987318
-0.2949644 9.237714 3.2784204 1129509768931687
-0.29500976 9.2364025 3.2821066 1129509774042632
-0.29524687 9.235171 3.2855473 1129509778855862
-0.2957207 9.233835 3.2892582 1129509784039768
-0.29614693 9.232623 3.2926223 1129509788797895
-0.2965705 9.231342 3.296172 1129509793839457
-0.29692337 9.230062 3.2997246 1129509798771281
-0.2973037 9.228698 3.3035045 1129509803802218
-0.29756978 9.227267 3.307473 1129509808715188
-0.2976254 9.225713 3.311803 1129509813752375
-0.29758543 9.224032 3.3164809 1129509818744043
-0.29759344 9.222274 3.3213704 1129509823706126
-0.29770198 9.220422 3.3264968 1129509828628315
-0.29776168 9.2184515 3.3319497 1129509833665294
-0.29766387 9.216511 3.337321 1129509838598056
-0.29735357 9.21449 3.3429246 1129509843680660
-0.29678196 9.212513 3.34842 1129509848550869
-0.29570323 9.210452 3.3541803 1129509853625609
-0.294645 9.208572 3.3594298 1129509858499308
-0.2935686 9.206754 3.3645048 1129509863535089
-0.29238296 9.205103 3.369121 1129509868472590
-0.29111663 9.203276 3.3742201 1129509873926079
-0.29016715 9.201739 3.3784885 1129509878460976
-0.28768927 9.198116 3.388552 1129509888560092
-0.28645775 9.196441 3.3932004 1129509893702644
-0.28543898 9.194903 3.397449 1129509898372326
-0.28424308 9.193299 3.4018881 1129509903364520
-0.28280982 9.19181 3.4060307 1129509908303219
-0.28027555 9.188829 3.4142704 1129509918286762
-0.2790477 9.187611 3.4176488 1129509923276970
-0.27791783 9.186499 3.42073 1129509928203065
-0.27686244 9.185296 3.4240432 1129509933175146
-0.27600586 9.184083 3.4273658 1129509938157649
-0.27519187 9.182775 3.4309351 1129509943210097
-0.27433884 9.181316 3.434903 1129509948114525
-0.27334785 9.179502 3.4398284 1129509953386868
-0.27243602 9.177781 3.4444892 1129509958075672
-0.27131668 9.175788 3.4498816 1129509963108276
-0.27014795 9.173837 3.4551616 1129509968086037
-0.26892602 9.171733 3.4608355 1129509973353433
-0.2679754 9.169921 3.4657075 1129509977988330
-0.2670899 9.168014 3.4708188 1129509983022861
-0.26629406 9.166182 3.4757133 1129509988121352
-0.26557428 9.164559 3.4800441 1129509992999685
-0.2648849 9.162966 3.4842913 1129509998080624
-0.26417032 9.161576 3.487998 1129510002992186
-0.26338443 9.160273 3.491478 1129510007859114
-0.26259178 9.158957 3.4949892 1129510012933124
-0.26179063 9.157663 3.4984365 1129510017860157
-0.2609188 9.1563015 3.5020635 1129510022877813
-0.26010805 9.154922 3.50573 1129510027770002
-0.25937685 9.153481 3.5095432 1129510032767654
-0.25871634 9.152083 3.5132341 1129510037729274
-0.2580748 9.150709 3.5168602 1129510042773440
-0.25739878 9.149291 3.5205982 1129510047938441
-0.25674585 9.148051 3.5238667 1129510052761566
-0.25615224 9.146896 3.5269032 1129510057642192
-0.25571296 9.145873 3.5295916 1129510062700734
-0.25527018 9.145098 3.531632 1129510067613651
-0.25495192 9.144525 3.5331385 1129510072592136
-0.25463396 9.144097 3.5342655 1129510077536505
-0.25441006 9.14389 3.534817 1129510082634694
-0.25432009 9.14385 3.534927 1129510087618133
-0.25443143 9.143796 3.53506 1129510092667712
-0.25450864 9.1437845 3.5350857 1129510097476207
-0.25467932 9.143756 3.5351472 1129510102518081
-0.2549351 9.143744 3.5351582 1129510107441572
-0.2552794 9.143725 3.5351827 1129510112467822
-0.25558573 9.143767 3.535052 1129510117387094
-0.255714 9.14381 3.534929 1129510122431000
-0.25591484 9.143708 3.5351806 1129510127344855
-0.2563804 9.1434355 3.5358515 1129510132424595
-0.2569945 9.142932 3.5371091 1129510137316836
-0.2576264 9.142178 3.539013 1129510142341523
-0.25811306 9.141249 3.5413733 1129510147269545
-0.25870198 9.140124 3.5442333 1129510152293242
-0.25945693 9.138928 3.5472612 1129510157213035
-0.26064974 9.137555 3.5507076 1129510162249441
-0.26183903 9.13604 3.554519 1129510167195432
-0.2631865 9.134321 3.558834 1129510172382463
-0.26459005 9.132687 3.5629222 1129510177127673
-0.26604304 9.130825 3.56758 1129510182174131
-0.26724434 9.128849 3.572546 1129510187194965
-0.26817587 9.126742 3.5778563 1129510192231215
-0.26857045 9.12453 3.5834627 1129510197044237
-0.2686052 9.1220455 3.5897787 1129510202124810
-0.2687315 9.11954 3.596131 1129510206999082
-0.2689054 9.116809 3.6030366 1129510212032363
-0.26929006 9.114087 3.6098866 1129510216965541
-0.26981148 9.111407 3.6166067 1129510222008458
-0.27044198 9.108918 3.622825 1129510226929657
-0.2712563 9.106566 3.6286716 1129510231974657
-0.27230918 9.104408 3.634005 1129510236875127
-0.27348945 9.102235 3.6393578 1129510241959449
-0.27446803 9.100176 3.6444266 1129510246884971
-0.27538526 9.098078 3.6495945 1129510251860284
-0.27623436 9.095925 3.654889 1129510256781795
-0.27704433 9.093643 3.6605055 1129510261816951
-0.2777803 9.091252 3.6663823 1129510266800963
-0.278528 9.088585 3.672933 1129510271898254
-0.27909794 9.085856 3.6796343 1129510276804922
-0.27947915 9.083015 3.6866121 1129510281775339
-0.2798831 9.080287 3.6932971 1129510286655913
-0.28022948 9.077399 3.7003632 1129510291738048
-0.28046188 9.0745 3.7074506 1129510296714299
-0.28105965 9.0713005 3.7152255 1129510301647632
-0.2828593 9.066701 3.7263 1129510307307164
-0.2835398 9.063179 3.734808 1129510311580076
-0.28291932 9.059174 3.7445598 1129510316845967
-0.28216675 9.055807 3.7527518 1129510321576691
-0.28137702 9.052174 3.7615647 1129510326867791
-0.280948 9.049041 3.7691257 1129510331461647
-0.28057277 9.045416 3.777844 1129510336550969
-0.27995226 9.041869 3.7863736 1129510341431752
-0.27919683 9.038044 3.795552 1129510346717324
-0.27858105 9.034777 3.8033645 1129510351378003
-0.27833474 9.031085 3.812139 1129510356422117
-0.27948263 9.026565 3.8227487 1129510361331389
-0.28008455 9.021489 3.8346689 1129510366546441
-0.2789134 9.017222 3.844775 1129510371301755
-0.2774781 9.0130205 3.8547192 1129510376443577
-0.27701083 9.0097275 3.8624427 1129510381250349
-0.2763124 9.006964 3.8689332 1129510386608787
-0.27536407 9.005195 3.873117 1129510391301444
-0.27442685 9.003362 3.8774412 1129510396381392
-0.27355036 9.001873 3.8809576 1129510401165403
-0.27258006 9.000507 3.8841925 1129510406381236
-0.27211684 8.999594 3.8863423 1129510411115873
-0.27179188 8.998682 3.8884733 1129510416475092
-0.27137375 8.997907 3.8902988 1129510421072124
-0.27077636 8.996955 3.8925402 1129510426135197
-0.27010626 8.99594 3.8949325 1129510431038844
-0.26958513 8.994658 3.8979278 1129510436061969
-0.2691798 8.993277 3.901142 1129510440994210
-0.26875252 8.991628 3.9049711 1129510446262647
-0.2684302 8.9900255 3.9086804 1129510450965981
-0.26797783 8.988195 3.9129171 1129510455980616
-0.26735917 8.98636 3.917173 1129510460914212
-0.26642862 8.9844475 3.9216208 1129510465992961
-0.26548314 8.982697 3.925695 1129510470891660
-0.26442423 8.98109 3.9294393 1129510475889629
-0.26334375 8.979686 3.932718 1129510480832963
-0.26207992 8.978342 3.9358704 1129510485908015
-0.2608877 8.977141 3.9386878 1129510490774319
-0.25962922 8.975951 3.9414823 1129510495806402
-0.2585346 8.974765 3.944256 1129510500741820
-0.25768057 8.973459 3.9472797 1129510505829788
-0.2569186 8.972075 3.9504745 1129510510702654
-0.25608653 8.97049 3.9541247 1129510515719633
-0.25546375 8.968768 3.9580717 1129510520641405
-0.2548862 8.966845 3.9624627 1129510525669842
-0.25443587 8.964875 3.9669473 1129510530644732
-0.25423953 8.962905 3.9714086 1129510535638906
-0.25430065 8.960979 3.9757469 1129510540553230
-0.25439194 8.958994 3.9802136 1129510545589584
-0.25432646 8.956918 3.9848871 1129510550589273
-0.25448728 8.954749 3.9897478 1129510555549324
-0.25480154 8.952531 3.9947035 1129510560474221
-0.25499597 8.950261 3.9997764 1129510565504013
-0.25516847 8.947873 4.005101 1129510570425993
-0.2563815 8.944503 4.012546 1129510575470055
-0.2579982 8.940128 4.0221786 1129510580388963
-0.25779158 8.935713 4.0319934 1129510585414119
-0.25705886 8.931705 4.0409093 1129510590342297
-0.25716618 8.927928 4.0492415 1129510595373495
-0.25766897 8.924683 4.0563574 1129510600324746
-0.25751474 8.921785 4.062736 1129510605592767
-0.25711378 8.919301 4.0682135 1129510610255424
-0.2568666 8.916557 4.074238 1129510615315789
-0.25671613 8.914216 4.079367 1129510620210634
-0.2567244 8.9120655 4.0840635 1129510625310321
-0.25691795 8.910237 4.088037 1129510630167197
-0.25690168 8.908328 4.092198 1129510635210686
-0.25648347 8.90656 4.09607 1129510640135844
-0.2556877 8.904851 4.0998344 1129510645185844
-0.25487828 8.903243 4.1033745 1129510650079126
-0.25401014 8.901582 4.1070313 1129510655158813
-0.25315392 8.899982 4.1105504 1129510660070950
-0.2524637 8.89834 4.1141467 1129510665072356
-0.25176707 8.896695 4.1177435 1129510670009337
-0.2508524 8.894951 4.1215663 1129510675031420
-0.24980332 8.89316 4.1254935 1129510679956004
-0.24848741 8.891195 4.1298056 1129510684989389
-0.24687894 8.889203 4.134188 1129510689910641
-0.24493374 8.887042 4.138947 1129510694964755
-0.24303798 8.88487 4.143719 1129510699901423
-0.24093118 8.882709 4.1484733 1129510704901527
-0.23884599 8.880599 4.153107 1129510709824497
-0.23711473 8.878146 4.1584473 1129510714870642
-0.23707537 8.874837 4.165508 1129510719803508
-0.2369209 8.871224 4.1732044 1129510724854862
-0.23564878 8.868257 4.1795797 1129510729742155
-0.23394355 8.865599 4.185309 1129510734773665
-0.23234966 8.863359 4.190139 1129510739770906
-0.23136602 8.861176 4.1948104 1129510744740801
-0.23040165 8.858898 4.1996694 1129510749665542
-0.22891794 8.856548 4.204704 1129510754689344
-0.22703996 8.854077 4.210007 1129510760033877
-0.22558314 8.852017 4.214415 1129510764656272
-0.22385305 8.850006 4.218729 1129510769580701
-0.22194467 8.848018 4.222999 1129510774598721
-0.21994397 8.846113 4.2270904 1129510779572262
-0.21784912 8.844199 4.231203 1129510784559035
-0.21567799 8.8423395 4.235198 1129510789566119
-0.21364686 8.840567 4.2390003 1129510794522004
-0.2115871 8.838747 4.242897 1129510799641797
-0.20968397 8.837062 4.246499 1129510804525078
-0.20769258 8.835397 4.2500606 1129510809458152
-0.20583735 8.833798 4.253472 1129510814424819
-0.20410493 8.832097 4.257087 1129510819698987
-0.202829 8.8305 4.2604613 1129510824437320
-0.20164631 8.828767 4.264106 1129510829381689
-0.20049255 8.826937 4.267949 1129510834387099
-0.19951206 8.82508 4.2718315 1129510839331468
-0.19881806 8.823252 4.2756395 1129510844302113
-0.19841953 8.821408 4.279461 1129510849240188
-0.19791073 8.81946 4.283497 1129510854258208
-0.19709101 8.817393 4.287786 1129510859196178
-0.19606814 8.815024 4.2927017 1129510864292011
-0.19508766 8.812673 4.2975726 1129510869137846
-0.19377135 8.8100195 4.303067 1129510874200762
-0.19222826 8.807193 4.3089213 1129510879322795
-0.19096513 8.804277 4.3149295 1129510884129670
-0.19162922 8.799979 4.3236594 1129510889124046
-0.19253387 8.795086 4.333564 1129510894083993
-0.19194092 8.790796 4.3422866 1129510899038578
-0.19086367 8.787006 4.349997 1129510904041807
-0.19016378 8.783724 4.3566527 1129510908964412
-0.18967107 8.780761 4.362642 1129510913998787
-0.18934819 8.777874 4.3684635 1129510919169570
-0.18895838 8.775383 4.37348 1129510923959048
-0.18840432 8.772996 4.3782916 1129510928908841
-0.18809485 8.770818 4.3826656 1129510933922227
-0.187748 8.769005 4.386308 1129510938836030
-0.18723278 8.767405 4.3895288 1129510943913217
-0.18665002 8.765894 4.3925676 1129510948799937
-0.18599333 8.764258 4.395858 1129510953825822
-0.1855804 8.762538 4.399304 1129510958755147
-0.18686849 8.759606 4.405083 1129510963786917
-0.18868472 8.755898 4.412372 1129510968721606
-0.18899427 8.752494 4.4191093 1129510973773637
-0.18850301 8.749664 4.42473 1129510978666711
-0.18774989 8.74695 4.4301233 1129510983873794
-0.18717623 8.744685 4.4346185 1129510988625202
-0.1869112 8.742294 4.439341 1129510993692806
-0.18663916 8.740079 4.443712 1129510998824942
-0.1861663 8.738191 4.447443 1129511003638692
-0.1856853 8.736313 4.451152 1129511008790308
-0.18536328 8.734695 4.4543376 1129511013738328
-0.185005 8.733285 4.457118 1129511018551402
-0.18449709 8.731727 4.460191 1129511023780204
-0.18385907 8.730343 4.462924 1129511028628591
-0.18289112 8.728961 4.465668 1129511033621195
-0.18187258 8.727632 4.4683065 1129511038440050
-0.18060595 8.726231 4.4710927 1129511043475981
-0.18006292 8.724492 4.4745054 1129511048362499
-0.180727 8.721696 4.4799266 1129511053397291
-0.18041664 8.7191 4.4849887 1129511058319427
-0.17907372 8.717083 4.4889627 1129511063359635
-0.1779269 8.715369 4.4923363 1129511068350887
-0.17783956 8.71326 4.4964285 1129511073312657
-0.17774346 8.710745 4.501302 1129511078237086
-0.17646863 8.707787 4.5070734 1129511083289064
-0.1743374 8.704533 4.513437 1129511088192295
-0.17216292 8.700717 4.520871 1129511093293649
-0.17057182 8.696786 4.5284886 1129511098151775
-0.1695036 8.692537 4.5366793 1129511103179379
-0.16964188 8.687299 4.546696 1129511108119849
-0.17007859 8.6806 4.5594573 1129511113215734
-0.16864507 8.673983 4.572087 1129511118076308
-0.16596675 8.666825 4.5857387 1129511123100683
-0.16443558 8.659581 4.599458 1129511128020059
-0.16423926 8.652334 4.613082 1129511133063705
-0.16413295 8.645454 4.625966 1129511138090946
-0.16333249 8.638849 4.638317 1129511143059383
-0.16190568 8.632665 4.649868 1129511147948603
-0.16034533 8.626497 4.6613545 1129511153225738
-0.15913396 8.621264 4.671067 1129511158044802
-0.15788691 8.616199 4.680447 1129511162941260
-0.15739277 8.611464 4.689169 1129511167884126
-0.15730228 8.607177 4.697038 1129511172917875
-0.15725997 8.60346 4.7038417 1129511177803606
-0.15684825 8.600017 4.7101493 1129511182848814
-0.15622903 8.596989 4.7156935 1129511187772982
-0.15557124 8.590188 4.728093 1129511197759024
-0.15531558 8.586869 4.734126 1129511202779858
-0.15514089 8.583503 4.7402325 1129511207688869
-0.15503755 8.579586 4.7473207 1129511213058973
-0.15497947 8.576262 4.7533236 1129511217633349
-0.15486208 8.572562 4.759997 1129511222666109
-0.15533188 8.568467 4.7673492 1129511227587934
-0.15697339 8.562972 4.7771606 1129511232887360
-0.15779302 8.558321 4.7854614 1129511237544758
-0.15784048 8.553802 4.793534 1129511242610747
-0.15789902 8.549774 4.800711 1129511247566634
-0.15807302 8.546269 4.8069406 1129511252572044
-0.15843527 8.5433445 4.812125 1129511257516413
-0.15871273 8.540557 4.8170624 1129511262552344
-0.15847492 8.538112 4.821403 1129511267431011
-0.15793079 8.535834 4.8254523 1129511272402258
-0.1574042 8.533844 4.828988 1129511277346627
-0.15673642 8.532045 4.832187 1129511282426220
-0.15575035 8.530536 4.8348827 1129511287366065
-0.15456876 8.529031 4.837575 1129511292486377
-0.15332344 8.527683 4.8399887 1129511297299295
-0.15217105 8.526201 4.8426366 1129511302324607
-0.152179 8.524068 4.8463893 1129511307264765
-0.15293169 8.521144 4.8515053 1129511312282316
-0.15255122 8.51847 4.8562107 1129511317222578
-0.15165514 8.516299 4.8600454 1129511322300703
-0.15115716 8.514585 4.863063 1129511327170079
-0.15022454 8.513288 4.8653626 1129511332225495
-0.14886986 8.512437 4.8668923 1129511337120965
-0.14790976 8.511803 4.8680315 1129511342153882
-0.1474974 8.511609 4.8683815 1129511347078571
-0.1470555 8.511859 4.867959 1129511352373779
-0.14668404 8.51245 4.8669353 1129511357196065
-0.14606941 8.513251 4.865553 1129511362231996
-0.14549421 8.514085 4.864113 1129511366994510
-0.14572687 8.51445 4.863466 1129511372030864
-0.14601363 8.514509 4.863353 1129511377037897
-0.14561382 8.514752 4.86294 1129511381998157
-0.1450243 8.515127 4.8623013 1129511386911856
-0.14451253 8.515716 4.8612857 1129511391973887
-0.14451195 8.516261 4.8603296 1129511396866701
-0.14456896 8.516571 4.859786 1129511401921804
-0.14432375 8.516817 4.8593597 1129511406824462
-0.14401248 8.516977 4.859089 1129511411884045
-0.1438687 8.516898 4.8592324 1129511416783578
-0.14398444 8.516665 4.859636 1129511421822327
-0.1441864 8.516379 4.8601317 1129511426728422
-0.14427118 8.516075 4.8606625 1129511432002484
-0.14410165 8.515933 4.8609166 1129511436704569
-0.14397742 8.515911 4.8609595 1129511441771600
-0.14401305 8.516108 4.8606124 1129511446662122
-0.14411418 8.516458 4.8599973 1129511451771549
-0.1442454 8.516858 4.859291 1129511456607019
-0.14427227 8.517217 4.8586607 1129511461751290
-0.14414015 8.5174055 4.8583355 1129511466577333
-0.14395949 8.51749 4.858193 1129511471738061
-0.14368708 8.517473 4.8582306 1129511476656396
-0.14328489 8.517323 4.858506 1129511481631285
-0.14258368 8.517075 4.8589606 1129511486491605
-0.1418065 8.516703 4.8596354 1129511491571865
-0.1410793 8.516346 4.8602824 1129511496429471
-0.14026473 8.515998 4.860916 1129511501467387
-0.13935514 8.515629 4.861588 1129511506416711
-0.13852856 8.515172 4.862412 1129511511430409
-0.13794252 8.514594 4.8634405 1129511516349160
-0.1374208 8.513895 4.8646784 1129511521383795
-0.13681604 8.513062 4.8661547 1129511526310984
-0.13607335 8.511977 4.8680716 1129511531345255
-0.13516201 8.510769 4.870209 1129511536271767
-0.13442752 8.509508 4.8724318 1129511541303120
-0.13326803 8.508021 4.8750587 1129511546237080
-0.13102244 8.506183 4.878327 1129511551304319
-0.12967767 8.503548 4.8829546 1129511556186508
-0.12939356 8.500488 4.8882866 1129511561204737
-0.12841296 8.498076 4.892505 1129511566197082
-0.12692906 8.4962845 4.895655 1129511571173488
-0.1257798 8.494625 4.8985624 1129511576090312
-0.12475448 8.492902 4.901576 1129511581253697
-0.12321066 8.491493 4.904054 1129511586273907
-0.12145552 8.490342 4.906091 1129511591106407
-0.11967379 8.489425 4.9077225 1129511596016668
-0.11795431 8.488732 4.908961 1129511601110210
-0.11636518 8.4883 4.9097447 1129511605979273
-0.11457935 8.487982 4.910339 1129511611002659
-0.11084433 8.487371 4.9114804 1129511621043962
-0.10923737 8.487231 4.9117584 1129511625909119
-0.10770349 8.487156 4.911923 1129511630961307
-0.10635462 8.487076 4.9120884 1129511635832193
-0.10507764 8.487062 4.91214 1129511640871307
-0.10367559 8.487318 4.9117265 1129511646269746
-0.10265728 8.487604 4.9112554 1129511650831933
-0.10150423 8.487979 4.91063 1129511655742820
-0.10025065 8.488436 4.9098673 1129511660775111
-0.09899385 8.48876 4.909333 1129511665902092
-0.09783495 8.488879 4.909149 1129511670736362
-0.09658868 8.488892 4.909153 1129511675692353
-0.095236905 8.4888735 4.909211 1129511680702822
-0.09390119 8.488767 4.909421 1129511685875011
-0.092696406 8.488557 4.9098067 1129511690766364
-0.09059814 8.487586 4.911524 1129511700606157
-0.08974996 8.486814 4.912874 1129511705775325
-0.08925219 8.485986 4.914313 1129511710574231
-0.088842705 8.4851 4.9158506 1129511715529336
-0.08855393 8.48406 4.917647 1129511720565013
-0.0885545 8.482838 4.9197574 1129511725687046
-0.089060426 8.481655 4.921786 1129511730488452
-0.09005095 8.480645 4.923509 1129511735411005
-0.090574995 8.480133 4.9243827 1129511740472255
-0.08995506 8.480293 4.924116 1129511745343555
-0.08980891 8.481527 4.921993 1129511750430485
-0.09236487 8.488609 4.909722 1129511760396371
-0.09372192 8.49257 4.9028416 1129511765247881
-0.09530636 8.496979 4.895166 1129511770316581
-0.096925884 8.500861 4.8883905 1129511775284499
-0.09858572 8.504321 4.882334 1129511780264915
-0.10054077 8.507552 4.876662 1129511785228718
-0.10266067 8.510717 4.8710938 1129511790228197
-0.10430328 8.513771 4.865719 1129511795156219
-0.105187714 8.516747 4.860489 1129511800179552
-0.105647475 8.519612 4.855454 1129511805128148
-0.106285825 8.522344 4.8506455 1129511810136064
-0.107354105 8.52478 4.846338 1129511815059919
-0.108560346 8.52693 4.842528 1129511820100492
-0.10934747 8.528517 4.8397145 1129511825040593
-0.10982214 8.529429 4.8380947 1129511830047837
-0.1099575 8.529741 4.8375425 1129511834973619
-0.1097076 8.529316 4.8382983 1129511840017421
-0.10906664 8.528265 4.8401647 1129511845105079
-0.10810301 8.526772 4.842816 1129511849996693
-0.10691433 8.524844 4.8462358 1129511854916902
-0.105618656 8.522581 4.8502417 1129511859918881
-0.10410293 8.5200615 4.8546996 1129511865039976
-0.10235191 8.51761 4.859036 1129511869904039
-0.100233205 8.514986 4.863678 1129511874982477
-0.09804668 8.5125265 4.868025 1129511879994196
-0.096094854 8.510375 4.8718243 1129511884765442
-0.09431458 8.508299 4.8754835 1129511889793311
-0.09238173 8.5063095 4.878989 1129511894727740
-0.09050092 8.504469 4.8822346 1129511899764042