
-0.039415985 -0.020240642 0.043677174 1129507633232159
-0.03089361 -0.02450183 0.040481284 1129507638254450
-0.02769772 -0.029828314 0.034089502 1129507643258202
-0.026632423 -0.03089361 0.023436533 1129507648270962
-0.031958908 -0.028763017 0.01384886 1129507653014401
-0.036220096 -0.02769772 0.0042611877 1129507658092525
-0.039415985 -0.02769772 0.0010652969 1129507662976068
-0.03835069 -0.02450183 -0.0031958907 1129507668313672
-0.035154797 -0.025567126 -0.005326485 1129507672940392
-0.02769772 -0.026632423 -0.0074570784 1129507677970548
-0.017044751 -0.03089361 -0.01065297 1129507682906591
0.0021305939 -0.036220096 -0.011718267 1129507688103153
0.018110048 -0.044742472 -0.015979454 1129507692866227
0.034089502 -0.04793836 -0.02130594 1129507698123206
0.044742472 -0.050068956 -0.026632423 1129507702805760
0.05219955 -0.046873067 -0.031958908 1129507708216072
0.059656627 -0.04261188 -0.035154797 1129507712783729
0.05646074 -0.03835069 -0.031958908 1129507718006073
0.05219955 -0.03089361 -0.026632423 1129507722821178
0.05219955 -0.02450183 -0.02450183 1129507728183001
0.046873067 -0.019175345 -0.015979454 1129507732675033
0.043677174 -0.014914157 -0.011718267 1129507737763992
0.04261188 -0.014914157 -0.009587673 1129507742631649
0.04261188 -0.019175345 -0.009587673 1129507745584721
0.04261188 -0.02769772 -0.009587673 1129507752641546
0.04900366 -0.025567126 -0.0074570784 1129507757658837
0.054330144 -0.02450183 -0.0063917814 1129507762740141
0.06178722 -0.026632423 -0.005326485 1129507767620192
0.067113705 -0.035154797 -0.005326485 1129507772501548
0.07350549 -0.039415985 -0.005326485 1129507777534933
0.07776668 -0.045807768 -0.01065297 1129507782471757
0.07883197 -0.045807768 -0.011718267 1129507787534986
0.08096257 -0.04261188 -0.01065297 1129507792434987
0.07776668 -0.033024207 -0.01065297 1129507797481550
0.068179004 -0.02450183 -0.009587673 1129507802383686
0.05646074 -0.020240642 -0.009587673 1129507807432801
0.04900366 -0.01384886 -0.0085223755 1129507812336760
0.03835069 -0.011718267 -0.0063917814 1129507817376708
0.02769772 -0.011718267 -0.005326485 1129507822289990
0.017044751 -0.0063917814 -0.0031958907 1129507827346761
0.0074570784 -0.0031958907 -0.005326485 1129507832269210
-0.0021305939 -0.0010652969 -0.005326485 1129507837314158
-0.0063917814 -0.0010652969 -0.0063917814 1129507842214680
-0.0085223755 -0.0021305939 -0.005326485 1129507847240617
-0.01065297 -0.0063917814 -0.0010652969 1129507852159837
-0.009587673 -0.0085223755 -0.0010652969 1129507857210410
-0.005326485 -0.009587673 -0.0031958907 1129507862121817
-0.0010652969 -0.011718267 -0.005326485 1129507867155515
0.0010652969 -0.015979454 -0.0063917814 1129507872182652
0.0021305939 -0.018110048 -0.0085223755 1129507877229526
0.0 -0.022371236 -0.0085223755 1129507882126871
0.0 -0.02130594 -0.0063917814 1129507887186142
0.0 -0.01384886 -0.0031958907 1129507892142081
-0.0021305939 -0.011718267 0.0010652969 1129507897026820
-0.0021305939 -0.0085223755 0.0074570784 1129507902120467
-0.0085223755 -0.0010652969 0.014914157 1129507907198279
-0.017044751 0.0074570784 0.017044751 1129507912124270
-0.022371236 0.012783563 0.02130594 1129507917194895
-0.02769772 0.020240642 0.025567126 1129507922042761
-0.026632423 0.023436533 0.025567126 1129507927044271
-0.029828314 0.025567126 0.02450183 1129507931838230
-0.028763017 0.023436533 0.025567126 1129507936867345
-0.025567126 0.015979454 0.023436533 1129507941936877
-0.022371236 0.01065297 0.019175345 1129507947037502
-0.025567126 0.0074570784 0.020240642 1129507952058024
-0.02769772 0.0074570784 0.020240642 1129507956966045
-0.028763017 0.0085223755 0.020240642 1129507961736775
-0.026632423 0.009587673 0.022371236 1129507966899014
-0.02450183 0.0085223755 0.020240642 1129507971653651
-0.019175345 0.005326485 0.02130594 1129507976659061
-0.012783563 0.0021305939 0.022371236 1129507981869225
-0.0031958907 0.0 0.018110048 1129507986759485
0.0021305939 0.0010652969 0.020240642 1129507991561309
0.0021305939 -0.0010652969 0.018110048 1129507996854538
-0.0031958907 -0.0010652969 0.017044751 1129508001528862
-0.012783563 0.0010652969 0.022371236 1129508006635268
-0.023436533 0.0031958907 0.023436533 1129508011480113
-0.033024207 0.0042611877 0.022371236 1129508016586780
-0.035154797 0.0085223755 0.02130594 1129508021477146
-0.033024207 0.005326485 0.018110048 1129508026464124
-0.034089502 0.0 0.015979454 1129508031377251
-0.031958908 -0.0010652969 0.014914157 1129508036420427
-0.029828314 0.0 0.015979454 1129508041396523
-0.026632423 0.0042611877 0.018110048 1129508046389856
-0.028763017 0.009587673 0.020240642 1129508051316107
-0.028763017 0.014914157 0.022371236 1129508056453190
-0.031958908 0.014914157 0.023436533 1129508061763807
-0.034089502 0.015979454 0.023436533 1129508066435900
-0.035154797 0.014914157 0.022371236 1129508071449233
-0.033024207 0.015979454 0.020240642 1129508076344339
-0.025567126 0.01384886 0.014914157 1129508081343868
-0.02130594 0.014914157 0.01384886 1129508086259548
-0.015979454 0.011718267 0.01384886 1129508091222881
-0.009587673 0.0085223755 0.01384886 1129508096120538
-0.0021305939 0.005326485 0.01384886 1129508101389965
0.0021305939 0.0085223755 0.01384886 1129508106094758
0.0042611877 0.0085223755 0.012783563 1129508111114081
0.0031958907 0.0031958907 0.011718267 1129508116031895
0.0010652969 0.0 0.0031958907 1129508121433978
-0.0074570784 0.0 0.0 1129508125976791
-0.012783563 0.0 -0.0031958907 1129508131040229
-0.014914157 -0.0010652969 -0.0074570784 1129508135960334
-0.01384886 -0.0042611877 -0.0085223755 1129508141220126
-0.01065297 -0.0063917814 -0.0063917814 1129508145895960
-0.0063917814 -0.0063917814 -0.0085223755 1129508150935647
-0.0010652969 -0.0021305939 -0.011718267 1129508155860805
-0.0042611877 -0.0021305939 -0.011718267 1129508160831687
-0.009587673 -0.0021305939 -0.0074570784 1129508165808514
-0.017044751 0.0042611877 0.005326485 1129508170871847
-0.026632423 0.015979454 0.015979454 1129508175778515
-0.034089502 0.02769772 0.02130594 1129508180825859
-0.03835069 0.035154797 0.022371236 1129508185748620
-0.040481284 0.03835069 0.02130594 1129508190807266
-0.040481284 0.040481284 0.018110048 1129508195826486
-0.03835069 0.03728539 0.018110048 1129508201123308
-0.03089361 0.029828314 0.014914157 1129508205650341
-0.020240642 0.025567126 0.009587673 1129508210707789
-0.012783563 0.02130594 0.0031958907 1129508215810290
-0.0063917814 0.012783563 -0.0063917814 1129508220907262
0.0 0.0010652969 -0.011718267 1129508225554614
-0.0010652969 -0.0074570784 -0.014914157 1129508230626072
0.0 -0.01384886 -0.018110048 1129508235803834
0.0031958907 -0.017044751 -0.014914157 1129508240694042
0.0031958907 -0.01065297 -0.009587673 1129508245577370
0.0 -0.0021305939 -0.0021305939 1129508250689459
-0.0042611877 0.0 0.0063917814 1129508255424096
-0.0010652969 0.0010652969 0.011718267 1129508260585919
0.005326485 0.0010652969 0.01384886 1129508265438726
0.012783563 -0.0010652969 0.012783563 1129508270653367
0.018110048 -0.0074570784 0.0085223755 1129508275336390
0.02130594 -0.012783563 0.0031958907 1129508280902587
0.022371236 -0.018110048 0.0 1129508285460141
0.019175345 -0.020240642 0.0 1129508290359828
0.018110048 -0.022371236 -0.0021305939 1129508295253058
0.01384886 -0.023436533 -0.0042611877 1129508300258467
0.0085223755 -0.022371236 0.0 1129508305250924
0.0021305939 -0.022371236 0.0 1129508310246861
-0.0063917814 -0.019175345 0.0010652969 1129508315192227
-0.009587673 -0.015979454 0.0010652969 1129508320303945
-0.015979454 -0.009587673 -0.0021305939 1129508325137853
-0.017044751 -0.0042611877 -0.0010652969 1129508330155196
-0.019175345 -0.0010652969 0.0021305939 1129508335077802
-0.02450183 0.0021305939 0.0042611877 1129508340197745
-0.025567126 0.005326485 0.005326485 1129508345048584
-0.025567126 0.0031958907 0.0085223755 1129508350231188
-0.02769772 0.0010652969 0.0085223755 1129508354990668
-0.03089361 0.0 0.0063917814 1129508359978788
-0.03089361 -0.0042611877 0.005326485 1129508365085305
-0.02769772 -0.0031958907 0.0063917814 1129508370026971
-0.031958908 -0.0021305939 0.01065297 1129508374911660
-0.031958908 0.0010652969 0.017044751 1129508380127962
-0.029828314 0.0031958907 0.02130594 1129508385021557
-0.03089361 0.0085223755 0.022371236 1129508389905671
-0.03089361 0.0063917814 0.023436533 1129508394853902
-0.029828314 0.0085223755 0.023436533 1129508399902807
-0.026632423 0.005326485 0.020240642 1129508404786403
-0.022371236 0.0010652969 0.019175345 1129508409816350
-0.015979454 -0.0021305939 0.014914157 1129508414778122
-0.0063917814 -0.0074570784 0.009587673 1129508419814320
0.0021305939 -0.012783563 0.01065297 1129508424698748
0.0085223755 -0.020240642 0.0074570784 1129508429704158
0.014914157 -0.02450183 0.0042611877 1129508434698228
0.01065297 -0.01384886 0.01065297 1129508454603230
0.005326485 -0.0031958907 0.01384886 1129508459643490
0.005326485 0.0074570784 0.014914157 1129508464575523
0.0074570784 0.012783563 0.011718267 1129508469696408
0.0085223755 0.012783563 0.0074570784 1129508474597295
0.0085223755 0.0085223755 0.0031958907 1129508479539847
0.009587673 0.0042611877 -0.0021305939 1129508484581098
0.0063917814 0.0010652969 -0.0063917814 1129508489538493
0.0074570784 -0.0031958907 -0.0074570784 1129508494423547
0.009587673 -0.0063917814 -0.012783563 1129508499417297
0.012783563 -0.009587673 -0.017044751 1129508504342090
0.020240642 -0.01384886 -0.019175345 1129508509384954
0.023436533 -0.018110048 -0.020240642 1129508514852091
0.022371236 -0.015979454 -0.020240642 1129508519364069
0.019175345 -0.011718267 -0.019175345 1129508524261258
0.02130594 -0.0042611877 -0.018110048 1129508529587768
0.014914157 -0.0031958907 -0.01384886 1129508534545947
0.012783563 0.0010652969 -0.0085223755 1129508539250321
0.0085223755 0.0063917814 -0.005326485 1129508544181521
0.0042611877 0.0085223755 -0.0031958907 1129508549198604
0.0 0.009587673 0.0 1129508554313344
0.005326485 0.012783563 -0.0021305939 1129508559220480
0.0074570784 0.012783563 -0.0042611877 1129508564092148
0.011718267 0.01065297 -0.0042611877 1129508569237408
0.023436533 0.0031958907 -0.0031958907 1129508574242565
0.033024207 -0.0042611877 -0.0063917814 1129508579128242
0.043677174 -0.011718267 -0.012783563 1129508584112306
0.058591332 -0.029828314 -0.019175345 1129508594139909
0.064983115 -0.028763017 -0.020240642 1129508599125640
0.06604841 -0.02769772 -0.018110048 1129508603923922
0.067113705 -0.023436533 -0.014914157 1129508608944651
0.060721926 -0.018110048 -0.01065297 1129508614005850
0.054330144 -0.01384886 -0.0031958907 1129508618899288
0.046873067 -0.005326485 0.0021305939 1129508623832101
0.03835069 0.0031958907 0.0063917814 1129508628894497
0.029828314 0.011718267 0.01065297 1129508633861477
0.019175345 0.015979454 0.012783563 1129508638817779
0.015979454 0.01065297 0.01384886 1129508643767364
0.014914157 0.0063917814 0.01384886 1129508648782832
0.0085223755 0.0042611877 0.01065297 1129508653738823
0.0031958907 -0.0021305939 0.0085223755 1129508658739604
-0.0010652969 -0.0074570784 0.0085223755 1129508663670647
-0.0042611877 -0.009587673 0.009587673 1129508668689553
-0.005326485 -0.01065297 0.0085223755 1129508673772523
-0.0074570784 -0.009587673 0.011718267 1129508678653512
-0.009587673 -0.01065297 0.01065297 1129508683567524
-0.01384886 -0.009587673 0.01065297 1129508688594867
-0.020240642 -0.0031958907 0.011718267 1129508693608931
-0.02450183 0.005326485 0.015979454 1129508698573462
-0.028763017 0.011718267 0.018110048 1129508703487266
-0.034089502 0.019175345 0.02130594 1129508708614974
-0.035154797 0.023436533 0.02130594 1129508713469090
-0.034089502 0.02769772 0.023436533 1129508718485391
-0.028763017 0.031958908 0.026632423 1129508723394768
-0.025567126 0.03089361 0.029828314 1129508728442059
-0.012783563 0.02769772 0.028763017 1129508733359456
-0.0031958907 0.020240642 0.025567126 1129508738388935
0.0031958907 0.011718267 0.017044751 1129508743323051
0.011718267 0.0021305939 0.011718267 1129508748343363
0.019175345 -0.0021305939 0.005326485 1129508753276802
0.020240642 -0.005326485 0.0021305939 1129508758301593
0.023436533 -0.009587673 -0.0021305939 1129508763225084
0.02130594 -0.01065297 0.0010652969 1129508768259927
0.023436533 -0.0042611877 0.0085223755 1129508773277533
0.019175345 0.0010652969 0.0074570784 1129508778345345
0.014914157 -0.0063917814 -0.0021305939 1129508783237065
0.012783563 -0.012783563 -0.005326485 1129508788238940
0.012783563 -0.012783563 -0.0021305939 1129508793183308
0.01384886 -0.0042611877 -0.0031958907 1129508798261233
0.0085223755 0.0021305939 -0.0031958907 1129508803148265
0.0063917814 0.0074570784 0.0 1129508808217171
0.0 0.0085223755 0.005326485 1129508813150349
-0.0085223755 0.012783563 0.011718267 1129508818046287
-0.015979454 0.015979454 0.01384886 1129508822972850
-0.019175345 0.017044751 0.015979454 1129508828006548
-0.02130594 0.017044751 0.014914157 1129508832924154
-0.020240642 0.014914157 0.01384886 1129508837968841
-0.014914157 0.01065297 0.009587673 1129508842943731
-0.01384886 0.012783563 0.0042611877 1129508847942279
-0.0063917814 0.009587673 -0.0010652969 1129508852847958
0.0 0.0042611877 -0.0042611877 1129508857870249
0.0031958907 0.0031958907 -0.0074570784 1129508862795146
0.0031958907 0.0031958907 -0.0063917814 1129508867866083
0.0074570784 0.005326485 -0.0010652969 1129508872755564
0.0042611877 0.011718267 0.005326485 1129508877789209
0.0031958907 0.018110048 0.011718267 1129508882710044
-0.0031958907 0.020240642 0.0074570784 1129508887787544
-0.0063917814 0.017044751 0.005326485 1129508892666607
-0.01065297 0.018110048 0.005326485 1129508897695930
-0.0074570784 0.019175345 0.0063917814 1129508902621765
-0.0085223755 0.023436533 0.0085223755 1129508907761139
-0.011718267 0.025567126 0.009587673 1129508912682807
-0.01384886 0.028763017 0.01065297 1129508917624734
-0.0063917814 0.028763017 0.012783563 1129508922551819
-0.0042611877 0.02769772 0.01384886 1129508927615100
-0.0021305939 0.02130594 0.011718267 1129508932543018
0.0010652969 0.018110048 0.005326485 1129508937555205
0.0021305939 0.01384886 -0.0021305939 1129508942455623
0.0010652969 0.0063917814 -0.0074570784 1129508947564789
-0.0010652969 -0.0031958907 -0.0085223755 1129508952408749
-0.0063917814 -0.0085223755 -0.0085223755 1129508957441665
-0.01065297 -0.01384886 -0.012783563 1129508962378906
-0.014914157 -0.01384886 -0.012783563 1129508967902187
-0.017044751 -0.01384886 -0.012783563 1129508972352501
-0.014914157 -0.015979454 -0.014914157 1129508977367917
-0.015979454 -0.022371236 -0.015979454 1129508982292606
-0.017044751 -0.026632423 -0.018110048 1129508987628595
-0.019175345 -0.023436533 -0.018110048 1129508992375471
-0.022371236 -0.020240642 -0.014914157 1129508997488857
-0.02450183 -0.014914157 -0.01065297 1129509002193129
-0.028763017 -0.009587673 -0.0074570784 1129509007486410
-0.039415985 -0.005326485 -0.005326485 1129509012236880
-0.05219955 0.0010652969 0.0021305939 1129509017318339
-0.060721926 -0.0010652969 0.0042611877 1129509025772557
-0.0692443 -0.005326485 0.0021305939 1129509027204537
-0.07244019 -0.0085223755 0.0 1129509032259225
-0.07776668 -0.011718267 -0.0021305939 1129509042039331
-0.07883197 -0.01384886 -0.0042611877 1129509047368445
-0.07776668 -0.014914157 -0.0031958907 1129509051999436
-0.07563608 -0.017044751 -0.0031958907 1129509057016258
-0.0692443 -0.014914157 0.0031958907 1129509061940895
-0.060721926 -0.009587673 0.01065297 1129509067102561
-0.05646074 -0.0063917814 0.012783563 1129509071896156
-0.05219955 0.0031958907 0.015979454 1129509077174646
-0.05113425 0.0085223755 0.017044751 1129509081905370
-0.046873067 0.0031958907 0.019175345 1129509086999126
-0.043677174 -0.0031958907 0.022371236 1129509091822617
-0.046873067 -0.0021305939 0.023436533 1129509096874804
-0.045807768 -0.0010652969 0.02130594 1129509101766003
-0.046873067 0.0 0.019175345 1129509106882722
-0.05113425 -0.0010652969 0.019175345 1129509111738765
-0.054330144 -0.005326485 0.02130594 1129509116755118
-0.05539544 -0.0074570784 0.022371236 1129509121682516
-0.054330144 -0.0074570784 0.02450183 1129509126761213
-0.05219955 -0.0031958907 0.025567126 1129509131717256
-0.05219955 -0.0031958907 0.026632423 1129509136670798
-0.05113425 -0.0063917814 0.025567126 1129509141593299
-0.04793836 -0.005326485 0.026632423 1129509151548300
-0.043677174 -0.0063917814 0.02769772 1129509156590331
-0.03835069 -0.0074570784 0.029828314 1129509161509811
-0.03728539 -0.01065297 0.028763017 1129509166717416
-0.035154797 -0.011718267 0.025567126 1129509171701218
-0.03089361 -0.01384886 0.02130594 1129509176501322
-0.031958908 -0.018110048 0.017044751 1129509181419240
-0.036220096 -0.017044751 0.012783563 1129509186683875
-0.03835069 -0.015979454 0.01384886 1129509191477054
-0.046873067 -0.019175345 0.015979454 1129509196416585
-0.05539544 -0.020240642 0.014914157 1129509201336117
-0.06604841 -0.02130594 0.012783563 1129509206611378
-0.07776668 -0.011718267 0.014914157 1129509211340545
-0.08735435 -0.0042611877 0.019175345 1129509216334660
-0.09694202 0.0085223755 0.02450183 1129509221399348
-0.10652969 0.02450183 0.02450183 1129509226394609
-0.116117366 0.035154797 0.026632423 1129509231410912
-0.117182665 0.036220096 0.02769772 1129509236240026
-0.119313255 0.029828314 0.02769772 1129509241308361
-0.11079088 0.035154797 0.018110048 1129509251165133
-0.10972559 0.025567126 0.01065297 1129509256156903
-0.10866029 0.015979454 0.0021305939 1129509261091227
-0.1054644 0.0085223755 -0.0063917814 1129509266120342
-0.1022685 0.0021305939 -0.012783563 1129509271036124
-0.09907261 0.0021305939 -0.018110048 1129509276157009
-0.10013791 0.0 -0.019175345 1129509281044406
-0.09907261 -0.0031958907 -0.015979454 1129509286023989
-0.092680834 0.0 -0.009587673 1129509290961960
-0.09374613 0.0010652969 -0.0063917814 1129509295977793
-0.094811425 0.0063917814 -0.0021305939 1129509300957429
-0.091615535 0.01065297 0.0031958907 1129509305946648
-0.09055024 0.009587673 0.0074570784 1129509310873472
-0.091615535 0.0074570784 0.0085223755 1129509315896284
-0.09374613 0.0074570784 0.0063917814 1129509320855713
-0.094811425 0.0085223755 0.0074570784 1129509325854618
-0.09374613 0.01065297 0.0074570784 1129509330802016
-0.09800732 0.01065297 0.0031958907 1129509335807328
-0.09907261 0.0074570784 -0.0010652969 1129509340753527
-0.10120321 0.0042611877 -0.0042611877 1129509345809516
-0.10652969 0.0031958907 -0.005326485 1129509350850611
-0.1043991 0.0010652969 -0.0063917814 1129509355856965
-0.1054644 -0.0010652969 -0.0063917814 1129509360716654
-0.1043991 -0.0010652969 -0.0031958907 1129509365690872
-0.1033338 -0.0031958907 -0.0010652969 1129509370664624
-0.091615535 -0.0010652969 0.0 1129509375639571
-0.08202787 0.005326485 0.0 1129509380579104
-0.07883197 0.0031958907 0.0 1129509385598062
-0.070309594 -0.0021305939 0.0010652969 1129509390529209
-0.06604841 -0.0042611877 -0.0021305939 1129509395565407
-0.063917816 -0.0074570784 -0.0031958907 1129509400523689
-0.06285252 -0.009587673 -0.0063917814 1129509405511293
-0.060721926 -0.01065297 -0.01065297 1129509410429732
-0.060721926 -0.009587673 -0.01065297 1129509415467388
-0.06604841 -0.0063917814 -0.012783563 1129509420887493
-0.0692443 0.0010652969 -0.012783563 1129509425424316
-0.07457078 0.0031958907 -0.01065297 1129509430344786
-0.07776668 0.0042611877 -0.0063917814 1129509435377025
-0.08096257 0.0085223755 0.0 1129509440336452
-0.07989727 0.020240642 -0.0010652969 1129509445337182
-0.07350549 0.022371236 0.0 1129509450274319
-0.07244019 0.018110048 0.0031958907 1129509455421663
-0.07137489 0.009587673 0.009587673 1129509460394268
-0.07137489 0.0021305939 0.01384886 1129509465261559
-0.0692443 0.0021305939 0.015979454 1129509470173279
-0.06178722 0.0031958907 0.01384886 1129509475205831
-0.05113425 -0.0021305939 0.01065297 1129509480416770
-0.043677174 -0.0085223755 0.0074570784 1129509485164582
-0.03835069 -0.012783563 0.0021305939 1129509490102500
-0.034089502 -0.015979454 -0.0010652969 1129509495118594
-0.039415985 -0.019175345 -0.0042611877 1129509500269168
-0.04261188 -0.020240642 -0.0031958907 1129509505093595
-0.04261188 -0.017044751 -0.0010652969 1129509510014169
-0.043677174 -0.01065297 0.0010652969 1129509515033491
-0.04793836 -0.0063917814 0.0063917814 1129509520028389
-0.046873067 -0.0010652969 0.012783563 1129509524997086
-0.053264845 0.01384886 0.020240642 1129509529960941
-0.05646074 0.017044751 0.023436533 1129509540146828
-0.060721926 0.019175345 0.023436533 1129509545024692
-0.0692443 0.02130594 0.023436533 1129509549833496
-0.07883197 0.02130594 0.022371236 1129509554870631
-0.08522376 0.019175345 0.018110048 1129509559818288
-0.091615535 0.019175345 0.014914157 1129509564831673
-0.09694202 0.02130594 0.011718267 1129509569740998
-0.09907261 0.017044751 0.0085223755 1129509574776466
-0.10013791 0.005326485 0.0042611877 1129509579759120
-0.09800732 0.0010652969 0.0010652969 1129509584732300
-0.09907261 0.0031958907 0.0 1129509589671885
-0.10013791 0.0 -0.0031958907 1129509594703604
-0.10120321 -0.0042611877 -0.0042611877 1129509599622716
-0.1054644 -0.0063917814 -0.0021305939 1129509604649177
-0.10866029 -0.0085223755 -0.0010652969 1129509609574960
-0.10972559 -0.0074570784 -0.0042611877 1129509614634751
-0.10759499 -0.0063917814 -0.0042611877 1129509619529388
-0.1033338 -0.0074570784 -0.0063917814 1129509624572565
-0.10652969 -0.0085223755 -0.0063917814 1129509629591056
-0.10866029 -0.0085223755 -0.0074570784 1129509634529910
-0.11505207 -0.005326485 -0.005326485 1129509639504799
-0.117182665 -0.0010652969 -0.005326485 1129509644655119
-0.12357444 0.0010652969 -0.005326485 1129509649504131
-0.12677033 0.0031958907 -0.0074570784 1129509654537099
-0.13316211 0.0063917814 -0.0021305939 1129509659527882
-0.1374233 0.011718267 -0.0010652969 1129509664454548
-0.14594568 0.015979454 0.0010652969 1129509669398917
-0.14807628 0.017044751 0.0031958907 1129509674362049
-0.15127216 0.015979454 0.0042611877 1129509679254441
-0.15446806 0.017044751 0.0 1129509684305383
-0.15233746 0.012783563 -0.0010652969 1129509689243666
-0.15233746 0.0074570784 -0.0031958907 1129509694274499
-0.15127216 0.0010652969 -0.005326485 1129509699172152
-0.15127216 -0.0010652969 -0.005326485 1129509704233667
-0.15340276 0.0 -0.0074570784 1129509709212105
-0.15659864 0.0 -0.009587673 1129509714179240
-0.15659864 0.0 -0.0063917814 1129509719088716
-0.15659864 -0.0010652969 0.0010652969 1129509724164814
-0.15659864 -0.0021305939 0.0074570784 1129509729057003
-0.14914156 0.0085223755 0.01065297 1129509734093045
-0.14061919 0.01384886 0.01384886 1129509739009811
-0.13422741 0.017044751 0.017044751 1129509744075077
-0.12463974 0.02130594 0.019175345 1129509748986016
-0.113986775 0.02130594 0.017044751 1129509754005338
-0.10759499 0.023436533 0.012783563 1129509759023204
-0.10013791 0.017044751 0.0074570784 1129509763987318
-0.09587672 0.0085223755 0.0042611877 1129509768931687
-0.091615535 -0.0063917814 0.0010652969 1129509774042632
-0.091615535 -0.012783563 -0.005326485 1129509778855862
-0.09055024 -0.01384886 -0.01065297 1129509784039768
-0.09055024 -0.018110048 -0.011718267 1129509788797895
-0.089484945 -0.012783563 -0.009587673 1129509793839457
-0.091615535 -0.0074570784 -0.0063917814 1129509798771281
-0.094811425 0.0 -0.0042611877 1129509803802218
-0.10120321 0.0021305939 -0.0010652969 1129509808715188
-0.10652969 0.0042611877 0.0042611877 1129509813752375
-0.11505207 0.0042611877 0.0063917814 1129509818744043
-0.120378554 0.0042611877 0.005326485 1129509823706126
-0.12677033 0.0074570784 0.0042611877 1129509828628315
-0.13103153 0.0074570784 0.005326485 1129509833665294
-0.13209683 0.0063917814 0.0085223755 1129509838598056
-0.13316211 0.0031958907 0.011718267 1129509843680660
-0.13635801 -0.005326485 0.014914157 1129509848550869
-0.13635801 -0.015979454 0.02130594 1129509853625609
-0.13103153 -0.0063917814 0.025567126 1129509858499308
-0.12357444 0.0063917814 0.029828314 1129509863535089
-0.116117366 0.009587673 0.034089502 1129509868472590
-0.11505207 0.015979454 0.035154797 1129509873926079
-0.11824796 0.011718267 0.031958908 1129509878460976
-0.11505207 -0.014914157 0.023436533 1129509888560092
-0.11185618 -0.019175345 0.023436533 1129509893702644
-0.113986775 -0.017044751 0.022371236 1129509898372326
-0.11079088 -0.017044751 0.02450183 1129509903364520
-0.1054644 -0.018110048 0.029828314 1129509908303219
-0.09694202 -0.009587673 0.026632423 1129509918286762
-0.088419646 -0.0031958907 0.03089361 1129509923276970
-0.08309316 0.0010652969 0.03089361 1129509928203065
-0.08735435 0.0031958907 0.029828314 1129509933175146
-0.08735435 0.0063917814 0.026632423 1129509938157649
-0.091615535 0.009587673 0.026632423 1129509943210097
-0.1033338 0.01384886 0.029828314 1129509948114525
-0.116117366 0.019175345 0.033024207 1129509953386868
-0.12463974 0.026632423 0.03728539 1129509958075672
-0.13209683 0.03089361 0.04154658 1129509963108276
-0.13103153 0.029828314 0.04261188 1129509968086037
-0.13209683 0.028763017 0.04154658 1129509973353433
-0.13103153 0.023436533 0.03728539 1129509977988330
-0.12570503 0.019175345 0.031958908 1129509983022861
-0.119313255 0.01384886 0.02769772 1129509988121352
-0.11185618 0.0074570784 0.02450183 1129509992999685
-0.1054644 0.0031958907 0.02130594 1129509998080624
-0.09694202 0.0 0.02130594 1129510002992186
-0.092680834 0.0010652969 0.023436533 1129510007859114
-0.089484945 0.0031958907 0.023436533 1129510012933124
-0.09055024 0.0010652969 0.023436533 1129510017860157
-0.092680834 0.0010652969 0.02450183 1129510022877813
-0.09587672 0.0031958907 0.02450183 1129510027770002
-0.09694202 0.0063917814 0.023436533 1129510032767654
-0.094811425 0.0074570784 0.022371236 1129510037729274
-0.091615535 0.0042611877 0.020240642 1129510042773440
-0.091615535 0.0010652969 0.019175345 1129510047938441
-0.08735435 0.0021305939 0.020240642 1129510052761566
-0.08096257 0.0010652969 0.018110048 1129510057642192
-0.070309594 -0.0021305939 0.012783563 1129510062700734
-0.057526033 -0.0085223755 0.01065297 1129510067613651
-0.044742472 -0.011718267 0.0063917814 1129510072592136
-0.036220096 -0.017044751 0.0042611877 1129510077536505
-0.022371236 -0.02450183 -0.0010652969 1129510082634694
-0.012783563 -0.03089361 -0.0063917814 1129510087618133
-0.012783563 -0.033024207 -0.011718267 1129510092667712
-0.01065297 -0.035154797 -0.011718267 1129510097476207
-0.01065297 -0.035154797 -0.01384886 1129510102518081
-0.009587673 -0.033024207 -0.014914157 1129510107441572
-0.009587673 -0.025567126 -0.01384886 1129510112467822
-0.0063917814 -0.01384886 -0.0085223755 1129510117387094
-0.0063917814 -0.0021305939 0.0 1129510122431000
-0.014914157 0.0074570784 0.0021305939 1129510127344855
-0.023436533 0.01384886 -0.0010652969 1129510132424595
-0.03728539 0.014914157 -0.0042611877 1129510137316836
-0.050068956 0.009587673 -0.0063917814 1129510142341523
-0.060721926 -0.0010652969 -0.0074570784 1129510147269545
-0.070309594 -0.0063917814 -0.011718267 1129510152293242
-0.07563608 -0.0042611877 -0.014914157 1129510157213035
-0.08309316 -0.0021305939 -0.023436533 1129510162249441
-0.092680834 -0.0063917814 -0.025567126 1129510167195432
-0.09907261 -0.0085223755 -0.028763017 1129510172382463
-0.1033338 -0.0042611877 -0.03089361 1129510177127673
-0.10972559 -0.0031958907 -0.029828314 1129510182174131
-0.117182665 -0.0031958907 -0.02450183 1129510187194965
-0.12463974 0.0031958907 -0.015979454 1129510192231215
-0.1374233 0.0063917814 -0.0031958907 1129510197044237
-0.14594568 0.012783563 0.0074570784 1129510202124810
-0.15340276 0.020240642 0.0085223755 1129510206999082
-0.16085984 0.020240642 0.0074570784 1129510212032363
-0.16299044 0.015979454 0.0010652969 1129510216965541
-0.15659864 0.0074570784 -0.005326485 1129510222008458
-0.14914156 -0.0042611877 -0.012783563 1129510226929657
-0.1374233 -0.01065297 -0.019175345 1129510231974657
-0.12996623 -0.017044751 -0.02769772 1129510236875127
-0.12570503 -0.022371236 -0.031958908 1129510241959449
-0.12357444 -0.023436533 -0.028763017 1129510246884971
-0.12463974 -0.02450183 -0.02769772 1129510251860284
-0.12890093 -0.02769772 -0.02769772 1129510256781795
-0.13316211 -0.025567126 -0.025567126 1129510261816951
-0.14061919 -0.02130594 -0.022371236 1129510266800963
-0.15233746 -0.015979454 -0.020240642 1129510271898254
-0.16192514 -0.01384886 -0.015979454 1129510276804922
-0.16618632 -0.01384886 -0.011718267 1129510281775339
-0.16299044 -0.009587673 -0.01065297 1129510286655913
-0.16512102 -0.005326485 -0.0074570784 1129510291738048
-0.16938221 -0.0031958907 -0.0042611877 1129510296714299
-0.18642697 0.0010652969 -0.01065297 1129510301647632
-0.22690825 0.0 -0.033024207 1129510307307164
-0.23330003 -0.034089502 -0.028763017 1129510311580076
-0.21518998 -0.050068956 -0.005326485 1129510316845967
-0.204537 -0.025567126 0.009587673 1129510321576691
-0.19707993 0.0031958907 0.020240642 1129510326867791
-0.19814523 0.029828314 0.025567126 1129510331461647
-0.204537 0.035154797 0.025567126 1129510336550969
-0.2087982 0.020240642 0.025567126 1129510341431752
-0.2066676 0.01384886 0.02450183 1129510346717324
-0.20240642 0.018110048 0.025567126 1129510351378003
-0.2087982 0.02769772 0.020240642 1129510356422117
-0.25673655 0.03835069 -0.0063917814 1129510361331389
-0.26845482 -0.0042611877 -0.011718267 1129510366546441
-0.25034478 -0.063917816 0.0031958907 1129510371301755
-0.22903883 -0.046873067 0.01384886 1129510376443577
-0.19601464 0.0074570784 0.017044751 1129510381250349
-0.15127216 0.026632423 0.028763017 1129510386608787
-0.11824796 0.026632423 0.03728539 1129510391301444
-0.11185618 0.011718267 0.028763017 1129510396381392
-0.09907261 -0.015979454 0.017044751 1129510401165403
-0.08415846 -0.03089361 0.01065297 1129510406381236
-0.067113705 -0.028763017 0.0021305939 1129510411115873
-0.058591332 -0.025567126 -0.0010652969 1129510416475092
-0.060721926 -0.022371236 0.0042611877 1129510421072124
-0.063917816 -0.02130594 0.0074570784 1129510426135197
-0.0692443 -0.019175345 0.01065297 1129510431038844
-0.08096257 -0.01065297 0.01065297 1129510436061969
-0.08735435 -0.005326485 0.01065297 1129510440994210
-0.094811425 -0.0021305939 0.011718267 1129510446262647
-0.1033338 0.0 0.011718267 1129510450965981
-0.10866029 0.0 0.01384886 1129510455980616
-0.11079088 -0.0042611877 0.015979454 1129510460914212
-0.11185618 -0.0042611877 0.022371236 1129510465992961
-0.10759499 0.0 0.025567126 1129510470891660
-0.09800732 0.0 0.02769772 1129510475889629
-0.088419646 -0.0021305939 0.02769772 1129510480832963
-0.08309316 -0.0074570784 0.028763017 1129510485908015
-0.07883197 -0.009587673 0.02769772 1129510490774319
-0.07563608 -0.0085223755 0.028763017 1129510495806402
-0.07670138 -0.0042611877 0.02769772 1129510500741820
-0.07989727 0.0021305939 0.02450183 1129510505829788
-0.08735435 0.0042611877 0.02450183 1129510510702654
-0.094811425 0.0021305939 0.02450183 1129510515719633
-0.1033338 0.0021305939 0.020240642 1129510520641405
-0.11079088 -0.0042611877 0.015979454 1129510525669842
-0.113986775 -0.005326485 0.012783563 1129510530644732
-0.11292148 -0.0042611877 0.0074570784 1129510535638906
-0.11185618 -0.0031958907 0.0021305939 1129510540553230
-0.11185618 -0.0085223755 -0.0010652969 1129510545589584
-0.117182665 -0.01384886 0.0 1129510550589273
-0.122509144 -0.009587673 -0.0031958907 1129510555549324
-0.12570503 -0.0063917814 -0.005326485 1129510560474221
-0.12570503 -0.005326485 -0.0021305939 1129510565504013
-0.13422741 -0.0063917814 -0.0021305939 1129510570425993
-0.17790459 0.0021305939 -0.02130594 1129510575470055
-0.23116943 -0.03089361 -0.045807768 1129510580388963
-0.22903883 -0.091615535 -0.031958908 1129510585414119
-0.21412468 -0.07350549 -0.011718267 1129510590342297
-0.19921052 -0.005326485 0.0 1129510595373495
-0.17683929 0.044742472 0.01384886 1129510600324746
-0.15127216 0.057526033 0.034089502 1129510605592767
-0.14914156 0.04900366 0.03728539 1129510610255424
-0.14914156 0.028763017 0.023436533 1129510615315789
-0.13316211 0.009587673 0.012783563 1129510620210634
-0.11824796 0.0063917814 0.0074570784 1129510625310321
-0.10759499 0.01065297 0.005326485 1129510630167197
-0.10759499 0.0074570784 0.0085223755 1129510635210686
-0.1033338 0.0010652969 0.014914157 1129510640135844
-0.09800732 -0.009587673 0.018110048 1129510645185844
-0.09587672 -0.009587673 0.019175345 1129510650079126
-0.094811425 -0.01065297 0.019175345 1129510655158813
-0.094811425 -0.009587673 0.020240642 1129510660070950
-0.094811425 -0.005326485 0.018110048 1129510665072356
-0.09587672 -0.0063917814 0.018110048 1129510670009337
-0.09907261 -0.011718267 0.020240642 1129510675031420
-0.1033338 -0.012783563 0.023436533 1129510679956004
-0.10972559 -0.01065297 0.029828314 1129510684989389
-0.113986775 -0.0063917814 0.039415985 1129510689910641
-0.119313255 -0.0042611877 0.046873067 1129510694964755
-0.122509144 0.0 0.04900366 1129510699901423
-0.120378554 0.0 0.053264845 1129510704901527
-0.119313255 -0.0031958907 0.05219955 1129510709824497
-0.13209683 -0.0021305939 0.043677174 1129510714870642
-0.1747087 0.005326485 0.009587673 1129510719803508
-0.18429637 -0.020240642 0.0 1129510724854862
-0.15979454 -0.035154797 0.019175345 1129510729742155
-0.14168449 -0.01065297 0.039415985 1129510734773665
-0.12357444 0.025567126 0.054330144 1129510739770906
-0.12144385 0.054330144 0.054330144 1129510744740801
-0.12677033 0.04793836 0.05113425 1129510749665542
-0.12783563 0.026632423 0.05219955 1129510754689344
-0.12570503 0.01384886 0.05219955 1129510760033877
-0.12357444 0.015979454 0.050068956 1129510764656272
-0.113986775 0.017044751 0.054330144 1129510769580701
-0.11079088 0.014914157 0.05646074 1129510774598721
-0.10759499 0.011718267 0.057526033 1129510779572262
-0.10759499 0.0074570784 0.057526033 1129510784559035
-0.1043991 0.0063917814 0.058591332 1129510789566119
-0.10120321 0.015979454 0.060721926 1129510794522004
-0.10013791 0.022371236 0.06285252 1129510799641797
-0.09800732 0.02450183 0.06285252 1129510804525078
-0.09587672 0.023436533 0.063917816 1129510809458152
-0.091615535 0.02130594 0.059656627 1129510814424819
-0.09055024 0.02130594 0.054330144 1129510819698987
-0.094811425 0.022371236 0.04900366 1129510824437320
-0.09694202 0.025567126 0.046873067 1129510829381689
-0.10013791 0.025567126 0.045807768 1129510834387099
-0.1022685 0.033024207 0.045807768 1129510839331468
-0.10013791 0.04261188 0.043677174 1129510844302113
-0.10120321 0.054330144 0.04261188 1129510849240188
-0.1043991 0.058591332 0.046873067 1129510854258208
-0.11185618 0.060721926 0.05539544 1129510859196178
-0.122509144 0.06604841 0.06178722 1129510864292011
-0.12783563 0.07137489 0.064983115 1129510869137846
-0.13635801 0.0692443 0.070309594 1129510874200762
-0.14274979 0.06604841 0.07350549 1129510879322795
-0.15553336 0.060721926 0.067113705 1129510884129670
-0.2119941 0.06604841 0.02450183 1129510889124046
-0.23969181 0.025567126 -0.0010652969 1129510894083993
-0.2119941 -0.018110048 0.011718267 1129510899038578
-0.18749227 -0.009587673 0.026632423 1129510904041807
-0.16725162 0.026632423 0.036220096 1129510908964412
-0.14914156 0.05219955 0.043677174 1129510913998787
-0.14168449 0.054330144 0.040481284 1129510919169570
-0.13316211 0.02769772 0.029828314 1129510923959048
-0.12357444 0.0021305939 0.020240642 1129510928908841
-0.11185618 -0.005326485 0.01065297 1129510933922227
-0.09694202 -0.011718267 0.0085223755 1129510938836030
-0.08415846 -0.015979454 0.009587673 1129510943913217
-0.08309316 -0.018110048 0.01065297 1129510948799937
-0.08628905 -0.022371236 0.009587673 1129510953825822
-0.091615535 -0.018110048 0.0063917814 1129510958755147
-0.14274979 0.0021305939 -0.022371236 1129510963786917
-0.18003519 -0.012783563 -0.04261188 1129510968721606
-0.16299044 -0.04154658 -0.022371236 1129510973773637
-0.14274979 -0.025567126 0.0042611877 1129510978666711
-0.12996623 0.0074570784 0.025567126 1129510983873794
-0.12144385 0.035154797 0.03728539 1129510988625202
-0.119313255 0.053264845 0.03835069 1129510993692806
-0.10972559 0.046873067 0.035154797 1129510998824942
-0.10120321 0.02769772 0.03089361 1129511003638692
-0.09374613 0.014914157 0.023436533 1129511008790308
-0.08522376 0.0063917814 0.015979454 1129511013738328
-0.07776668 0.0 0.01384886 1129511018551402
-0.07776668 -0.0063917814 0.012783563 1129511023780204
-0.07563608 -0.012783563 0.01384886 1129511028628591
-0.07350549 -0.018110048 0.018110048 1129511033621195
-0.07350549 -0.022371236 0.018110048 1129511038440050
-0.07350549 -0.02450183 0.02130594 1129511043475981
-0.09055024 -0.018110048 0.0085223755 1129511048362499
-0.13316211 -0.025567126 -0.023436533 1129511053397291
-0.12677033 -0.067113705 -0.022371236 1129511058319427
-0.09907261 -0.07883197 -0.005326485 1129511063359635
-0.08735435 -0.039415985 0.01065297 1129511068350887
-0.1054644 0.009587673 0.011718267 1129511073312657
-0.12463974 0.019175345 0.017044751 1129511078237086
-0.14168449 0.0042611877 0.036220096 1129511083289064
-0.15979454 -0.0042611877 0.053264845 1129511088192295
-0.17790459 -0.0021305939 0.053264845 1129511093293649
-0.19175345 0.017044751 0.05219955 1129511098151775
-0.19921052 0.036220096 0.04900366 1129511103179379
-0.24608359 0.04793836 0.02769772 1129511108119849
-0.30041373 0.018110048 0.005326485 1129511113215734
-0.31106672 -0.045807768 0.015979454 1129511118076308
-0.32491556 -0.067113705 0.031958908 1129511123100683
-0.33556855 -0.012783563 0.035154797 1129511128020059
-0.32704616 0.04261188 0.033024207 1129511133063705
-0.312132 0.05219955 0.036220096 1129511138090946
-0.30360964 0.025567126 0.03835069 1129511143059383
-0.28976077 -0.0010652969 0.039415985 1129511147948603
-0.26738954 -0.012783563 0.033024207 1129511153225738
-0.25034478 -0.02769772 0.020240642 1129511158044802
-0.23862651 -0.043677174 0.011718267 1129511162941260
-0.22158176 -0.02769772 0.0021305939 1129511167884126
-0.19814523 -0.025567126 -0.0063917814 1129511172917875
-0.17896989 -0.02769772 -0.0085223755 1129511177803606
-0.16192514 -0.033024207 -0.0031958907 1129511182848814
-0.14807628 -0.03089361 0.0031958907 1129511187772982
-0.15340276 -0.005326485 0.0074570784 1129511197759024
-0.15766394 -0.0031958907 0.009587673 1129511202779858
-0.16299044 -0.0021305939 0.0085223755 1129511207688869
-0.17044751 0.0021305939 0.0085223755 1129511213058973
-0.1725781 0.009587673 0.012783563 1129511217633349
-0.1725781 0.015979454 0.017044751 1129511222666109
-0.19281875 0.023436533 0.0074570784 1129511227587934
-0.23330003 0.023436533 -0.018110048 1129511232887360
-0.22690825 -0.0074570784 -0.019175345 1129511237544758
-0.20347172 -0.018110048 -0.0063917814 1129511242610747
-0.18749227 -0.0021305939 0.0021305939 1129511247566634
-0.16405573 0.018110048 0.01065297 1129511252572044
-0.14168449 0.031958908 0.01384886 1129511257516413
-0.13316211 0.02450183 0.011718267 1129511262552344
-0.122509144 -0.0010652969 0.009587673 1129511267431011
-0.11292148 -0.011718267 0.01065297 1129511272402258
-0.10120321 -0.0074570784 0.012783563 1129511277346627
-0.09055024 -0.0031958907 0.018110048 1129511282426220
-0.08096257 0.0010652969 0.028763017 1129511287366065
-0.07776668 0.0021305939 0.033024207 1129511292486377
-0.07563608 0.0010652969 0.036220096 1129511297299295
-0.07776668 0.0074570784 0.036220096 1129511302324607
-0.1054644 0.02130594 0.017044751 1129511307264765
-0.13529271 0.012783563 -0.005326485 1129511312282316
-0.12677033 -0.019175345 0.0031958907 1129511317222578
-0.1033338 -0.014914157 0.017044751 1129511322300703
-0.088419646 0.009587673 0.022371236 1129511327170079
-0.068179004 0.01384886 0.034089502 1129511332225495
-0.05113425 -0.0031958907 0.035154797 1129511337120965
-0.040481284 0.005326485 0.029828314 1129511342153882
-0.022371236 0.015979454 0.023436533 1129511347078571
-0.0031958907 0.0074570784 0.018110048 1129511352373779
0.011718267 -0.0010652969 0.012783563 1129511357196065
0.020240642 -0.011718267 0.011718267 1129511362231996
0.023436533 -0.019175345 0.0074570784 1129511366994510
0.0042611877 -0.018110048 -0.011718267 1129511372030864
-0.0074570784 -0.03089361 -0.020240642 1129511377037897
0.0 -0.04261188 -0.01065297 1129511381998157
0.005326485 -0.026632423 0.0031958907 1129511386911856
0.01384886 -0.0021305939 0.014914157 1129511391973887
0.012783563 0.020240642 0.015979454 1129511396866701
0.0031958907 0.02450183 0.017044751 1129511401921804
0.0010652969 0.017044751 0.020240642 1129511406824462
-0.0021305939 0.014914157 0.020240642 1129511411884045
-0.011718267 0.01384886 0.015979454 1129511416783578
-0.017044751 0.01384886 0.009587673 1129511421822327
-0.019175345 0.0063917814 0.0031958907 1129511426728422
-0.018110048 -0.005326485 -0.0010652969 1129511432002484
-0.012783563 -0.020240642 -0.0031958907 1129511436704569
-0.0063917814 -0.031958908 -0.011718267 1129511441771600
0.0031958907 -0.03835069 -0.019175345 1129511446662122
0.009587673 -0.03728539 -0.020240642 1129511451771549
0.012783563 -0.04154658 -0.023436533 1129511456607019
0.01065297 -0.043677174 -0.022371236 1129511461751290
0.0042611877 -0.046873067 -0.020240642 1129511466577333
0.0 -0.04261188 -0.017044751 1129511471738061
-0.0042611877 -0.034089502 -0.009587673 1129511476656396
-0.009587673 -0.031958908 -0.005326485 1129511481631285
-0.01384886 -0.034089502 0.0010652969 1129511486491605
-0.018110048 -0.031958908 0.0031958907 1129511491571865
-0.018110048 -0.029828314 0.0042611877 1129511496429471
-0.017044751 -0.026632423 0.0074570784 1129511501467387
-0.018110048 -0.02769772 0.009587673 1129511506416711
-0.02130594 -0.02769772 0.0074570784 1129511511430409
-0.026632423 -0.022371236 0.005326485 1129511516349160
-0.03089361 -0.019175345 0.005326485 1129511521383795
-0.03728539 -0.015979454 0.009587673 1129511526310984
-0.046873067 -0.011718267 0.014914157 1129511531345255
-0.053264845 -0.0085223755 0.02130594 1129511536271767
-0.054330144 0.0031958907 0.023436533 1129511541303120
-0.064983115 -0.0042611877 0.029828314 1129511546237080
-0.07776668 -0.039415985 0.034089502 1129511551304319
-0.113986775 -0.02769772 0.02130594 1129511556186508
-0.12783563 -0.01065297 0.005326485 1129511561204737
-0.1022685 -0.019175345 0.017044751 1129511566197082
-0.07776668 -0.01065297 0.034089502 1129511571173488
-0.07350549 0.009587673 0.03835069 1129511576090312
-0.07244019 0.009587673 0.034089502 1129511581253697
-0.06178722 -0.0021305939 0.040481284 1129511586273907
-0.053264845 -0.0085223755 0.043677174 1129511591106407
-0.04261188 -0.0085223755 0.043677174 1129511596016668
-0.031958908 -0.0031958907 0.043677174 1129511601110210
-0.022371236 0.0021305939 0.045807768 1129511605979273
-0.017044751 0.0 0.04793836 1129511611002659
-0.014914157 0.005326485 0.050068956 1129511621043962
-0.009587673 0.009587673 0.05113425 1129511625909119
-0.0063917814 0.011718267 0.04900366 1129511630961307
-0.0063917814 0.0074570784 0.043677174 1129511635832193
-0.0031958907 0.005326485 0.039415985 1129511640871307
0.0074570784 0.0010652969 0.03728539 1129511646269746
0.01065297 0.0010652969 0.034089502 1129511650831933
0.01384886 0.0031958907 0.036220096 1129511655742820
0.017044751 0.0042611877 0.03835069 1129511660775111
0.011718267 0.005326485 0.03835069 1129511665902092
0.0042611877 0.0042611877 0.03728539 1129511670736362
0.0 0.0042611877 0.03835069 1129511675692353
-0.0010652969 0.0063917814 0.04154658 1129511680702822
-0.0042611877 0.0074570784 0.040481284 1129511685875011
-0.0085223755 0.014914157 0.043677174 1129511690766364
-0.020240642 0.02130594 0.040481284 1129511700606157
-0.029828314 0.026632423 0.040481284 1129511705775325
-0.034089502 0.03089361 0.036220096 1129511710574231
-0.035154797 0.031958908 0.034089502 1129511715529336
-0.040481284 0.031958908 0.03089361 1129511720565013
-0.046873067 0.033024207 0.02450183 1129511725687046
-0.04793836 0.039415985 0.015979454 1129511730488452
-0.039415985 0.044742472 0.0074570784 1129511735411005
-0.018110048 0.025567126 0.0074570784 1129511740472255
0.009587673 -0.02130594 0.0074570784 1129511745343555
0.05219955 -0.011718267 0.0010652969 1129511750430485
0.14701098 -0.0031958907 -0.029828314 1129511760396371
0.17151281 -0.019175345 -0.039415985 1129511765247881
0.18323107 -0.028763017 -0.04900366 1129511770316581
0.16618632 -0.03728539 -0.05539544 1129511775284499
0.14914156 -0.031958908 -0.053264845 1129511780264915
0.14061919 -0.0063917814 -0.045807768 1129511785228718
0.1374233 0.014914157 -0.03728539 1129511790228197
0.13529271 0.014914157 -0.026632423 1129511795156219
0.12996623 -0.0021305939 -0.018110048 1129511800179552
0.12783563 -0.011718267 -0.01384886 1129511805128148
0.12144385 -0.011718267 -0.018110048 1129511810136064
0.11185618 -0.0042611877 -0.02450183 1129511815059919
0.09800732 -0.0010652969 -0.025567126 1129511820100492
0.07670138 -0.0042611877 -0.018110048 1129511825040593
0.04793836 -0.0042611877 -0.01065297 1129511830047837
0.023436533 -0.0031958907 -0.0021305939 1129511834973619
-0.0074570784 -0.0021305939 0.0074570784 1129511840017421
-0.033024207 -0.0010652969 0.017044751 1129511845105079
-0.053264845 0.0010652969 0.026632423 1129511849996693
-0.07137489 0.0031958907 0.033024207 1129511854916902
-0.08415846 0.005326485 0.036220096 1129511859918881
-0.092680834 0.005326485 0.040481284 1129511865039976
-0.094811425 0.0010652969 0.045807768 1129511869904039
-0.09800732 -0.0031958907 0.050068956 1129511874982477
-0.092680834 -0.0074570784 0.050068956 1129511879994196
-0.08415846 -0.011718267 0.044742472 1129511884765442
-0.07670138 -0.017044751 0.035154797 1129511889793311
-0.07457078 -0.028763017 0.033024207 1129511894727740
-0.067113705 -0.036220096 0.026632423 1129511899764042