
-0.2197204 0.17406845 -0.103423834 1129507633232159
-0.1450285 0.21276188 0.08661103 1129507638254450
-0.14670995 0.21310997 0.08526158 1129507643258202
-0.052139044 0.2517643 0.09832716 1129507648270962
-0.052799314 0.25217533 0.0968647 1129507653014401
-0.06742501 0.28620338 0.06158614 1129507658092525
-0.067517936 0.28673935 0.05975318 1129507662976068
-0.12963888 0.24900723 0.08175278 1129507668313672
-0.12940529 0.2494669 0.08021355 1129507672940392
-0.11951867 0.11579037 0.06452608 1129507677970548
-0.11911887 0.11603832 0.063718796 1129507682906591
-0.118740946 0.18785095 -0.051120043 1129507688103153
-0.11828971 0.18763256 -0.05033493 1129507692866227
-0.10803485 0.12970638 -0.029535055 1129507698123206
-0.107189596 0.12916183 -0.027602434 1129507702805760
-0.120312124 0.14279461 -0.07287574 1129507708216072
-0.11902493 0.14208794 -0.07034683 1129507712783729
-0.14642644 0.20357323 -0.029306173 1129507718006073
-0.14531875 0.20291996 -0.026970148 1129507722821178
-0.11540753 0.14951897 -0.029154778 1129507728183001
-0.11466399 0.14896679 -0.027192593 1129507732675033
-0.14273715 0.18668652 -0.049061537 1129507737763992
-0.1421923 0.18613815 -0.047129154 1129507742631649
-0.16092825 0.18101978 -0.026804686 1129507745584721
-0.16052055 0.18022442 -0.024033308 1129507752641546
-0.16500029 0.17956924 -0.15104318 1129507757658837
-0.16472411 0.1788311 -0.14847946 1129507762740141
-0.19325083 0.13971615 -0.069066525 1129507767620192
-0.19315645 0.13883877 -0.06603694 1129507772501548
-0.11651191 0.051657677 -0.09613967 1129507777534933
-0.116314024 0.050639153 -0.09260464 1129507782471757
-0.1831038 0.12141037 -0.036263704 1129507787534986
-0.18285629 0.12036419 -0.032617807 1129507792434987
-0.21599427 0.10975742 -0.072102785 1129507797481550
-0.21554536 0.10888481 -0.06902957 1129507802383686
-0.28206566 0.09857273 0.010192871 1129507807432801
-0.28151175 0.09795952 0.012383938 1129507812336760
-0.22834831 0.08310604 -0.062479973 1129507817376708
-0.22790554 0.0827713 -0.061267376 1129507822289990
-0.20833248 0.082567215 -0.046150684 1129507827346761
-0.2077704 0.082499504 -0.045856237 1129507832269210
-0.22632486 0.11607742 -0.14655519 1129507837314158
-0.225681 0.11618996 -0.14688015 1129507842214680
-0.21072686 0.07802296 -0.15209556 1129507847240617
-0.2103937 0.07818031 -0.15260935 1129507852159837
-0.20051003 0.11663151 -0.124347925 1129507857210410
-0.20011634 0.116716385 -0.12460184 1129507862121817
-0.20922372 0.09759331 -0.110292435 1129507867155515
-0.20875955 0.09759426 -0.11024737 1129507872182652
-0.16033977 0.12152481 -0.057479143 1129507877229526
-0.15986484 0.12154102 -0.05748558 1129507882126871
-0.17383718 0.11676407 -0.11973357 1129507887186142
-0.17349291 0.11676884 -0.119715214 1129507892142081
-0.19725522 0.15989113 -0.08626795 1129507897026820
-0.19734406 0.15990734 -0.08633518 1129507902120467
-0.26950446 0.07380772 -0.14893961 1129507907198279
-0.2697949 0.07400417 -0.14965463 1129507912124270
-0.21276987 0.09342575 -0.0931716 1129507917194895
-0.21326 0.09374428 -0.09432793 1129507922042761
-0.09881464 0.089268684 -0.01406312 1129507927044271
-0.09917736 0.089609146 -0.015286684 1129507931838230
-0.12360042 0.1378336 -0.04525137 1129507936867345
-0.12408906 0.13813591 -0.04635024 1129507941936877
-0.095722824 0.19107246 -0.042515755 1129507947037502
-0.09616998 0.19137192 -0.043602705 1129507952058024
-0.09659812 0.1916914 -0.02081418 1129507956966045
-0.09699091 0.1920147 -0.021973372 1129507961736775
-0.02571401 0.14444733 -0.03270507 1129507966899014
-0.026111484 0.1447115 -0.03366089 1129507971653651
-0.0888944 0.106609344 0.018246412 1129507976659061
-0.0895634 0.10673237 0.017753363 1129507981869225
-0.07084757 0.15939617 -0.049298525 1129507986759485
-0.071354955 0.15931416 -0.04906726 1129507991561309
-0.17243192 0.21669006 -0.034461975 1129507996854538
-0.17279553 0.21668053 -0.034465075 1129508001528862
-0.09205404 0.17849064 -0.025361538 1129508006635268
-0.092681915 0.1787386 -0.026282549 1129508011480113
-0.064569324 0.15040493 0.00580287 1129508016586780
-0.06504136 0.1508112 0.0043473244 1129508021477146
-0.13724849 0.12247181 0.007746458 1129508026464124
-0.13758984 0.122873306 0.0063271523 1129508031377251
-0.14270234 0.08016205 -0.03333783 1129508036420427
-0.14305016 0.08050823 -0.034569502 1129508041396523
-0.1578064 0.12869263 -0.1026814 1129508046389856
-0.15821058 0.12901211 -0.1038239 1129508051316107
-0.12515911 0.14849663 -0.10500789 1129508056453190
-0.13049588 0.115364075 -0.058508873 1129508061763807
-0.13091496 0.11572456 -0.059791565 1129508066435900
-0.155298 0.19274235 -0.14741397 1129508071449233
-0.15560693 0.1931076 -0.1486988 1129508076344339
-0.10303643 0.14550304 -0.025167227 1129508081343868
-0.103067964 0.14571857 -0.025912762 1129508086259548
-0.06484401 0.0884037 -0.0072700977 1129508091222881
-0.06496701 0.08846283 -0.0074834824 1129508096120538
-0.060389638 0.06926823 -0.0025773048 1129508101389965
-0.060498357 0.06917286 -0.0022602081 1129508106094758
-0.12283993 0.17439365 0.046043873 1129508111114081
-0.122944534 0.17428684 0.046398878 1129508116031895
-0.13229096 0.23646832 0.046653032 1129508121433978
-0.1318987 0.23651505 0.046533346 1129508125976791
-0.054745585 0.11693859 -0.0496428 1129508131040229
-0.054034173 0.11710262 -0.050133944 1129508135960334
-0.13469785 0.07417107 0.030778885 1129508141220126
-0.13412148 0.074269295 0.030498505 1129508145895960
-0.09991345 0.14136124 0.05432248 1129508150935647
-0.0990299 0.14134693 0.05445957 1129508155860805
-0.069416195 0.09349251 0.006561756 1129508160831687
-0.068736374 0.09359074 0.00629735 1129508165808514
-0.13082132 0.20869637 -0.05656743 1129508170871847
-0.13098407 0.20898628 -0.057579994 1129508175778515
-0.19349757 0.2045927 -0.0015010834 1129508180825859
-0.19369191 0.20503235 -0.0030260086 1129508185748620
-0.1554972 0.21988106 0.033613443 1129508190807266
-0.15542442 0.22036457 0.0319674 1129508195826486
-0.08837801 0.1298666 0.121298075 1129508201123308
-0.088276535 0.13018417 0.12022209 1129508205650341
-0.025767177 0.13040447 0.004576683 1129508210707789
-0.025268227 0.1305294 0.0041959286 1129508215810290
0.042598322 0.26465416 -0.029405832 1129508220907262
0.043457612 0.26461887 -0.029198408 1129508225554614
0.01565808 0.3029108 0.014041424 1129508230626072
0.016656786 0.302886 0.014226198 1129508235803834
-0.09749678 0.2501402 -0.062057734 1129508240694042
-0.0968903 0.25005817 -0.06171751 1129508245577370
-0.03433767 0.21648884 0.005526066 1129508250689459
-0.034322172 0.21648502 0.005542755 1129508255424096
-0.044154495 0.22122002 -0.0038785934 1129508260585919
-0.044477135 0.22107887 -0.0034310818 1129508265438726
-0.05440232 0.18730927 0.02133584 1129508270653367
-0.054581493 0.18701649 0.022318125 1129508275336390
-0.088171065 0.16269779 0.057118893 1129508280902587
-0.08810648 0.16237354 0.058235884 1129508285460141
-0.11681703 0.13334179 0.006596327 1129508290359828
-0.11672816 0.13306046 0.0075700283 1129508295253058
-0.19316724 0.14241219 -0.053888798 1129508300258467
-0.19317365 0.14225483 -0.053349495 1129508305250924
-0.25063366 0.07993603 -0.014804125 1129508310246861
-0.25062898 0.07998085 -0.014959097 1129508315192227
-0.18833703 0.04176712 -0.053581476 1129508320303945
-0.18804622 0.041941643 -0.054149866 1129508325137853
-0.15421379 -0.0105342865 0.040977478 1129508330155196
-0.15400302 -0.010316849 0.04025483 1129508335077802
-0.18258089 0.05223179 0.010515213 1129508340197745
-0.18242303 0.05252552 0.009523153 1129508345048584
-0.105849236 0.038472176 -0.05379629 1129508350231188
-0.105887234 0.03878212 -0.054861546 1129508354990668
-0.17289242 0.14449978 -0.0561316 1129508359978788
-0.17287284 0.14488125 -0.05743575 1129508365085305
-0.1297816 0.0973196 -0.07290268 1129508370026971
-0.1299625 0.097688675 -0.07417989 1129508374911660
-0.025104284 0.10286331 -0.0037231445 1129508380127962
-0.025710464 0.10318756 -0.004892111 1129508385021557
-0.055023372 0.1274662 0.013055325 1129508389905671
-0.055696785 0.12780666 0.011829138 1129508394853902
-0.03720838 0.19996452 0.029783249 1129508399902807
-0.037740022 0.20024586 0.02877307 1129508404786403
-0.06224987 0.14780712 0.008767366 1129508409816350
-0.062649995 0.14795399 0.008225203 1129508414778122
-0.038945884 0.17671013 0.027269363 1129508419814320
-0.039289296 0.17661667 0.027552128 1129508424698748
0.022641331 0.13334465 0.056851387 1129508429704158
0.02241075 0.1330862 0.05770707 1129508434698228
0.01996383 0.13239956 0.059804916 1129508454603230
-0.10013762 0.15620518 0.036285877 1129508459643490
-0.10041851 0.15607262 0.03671336 1129508464575523
-0.043033928 0.084085464 0.13302112 1129508469696408
-0.042901516 0.08392429 0.13358474 1129508474597295
-0.06178713 0.16996098 0.14371371 1129508479539847
-0.061329424 0.16979885 0.14431214 1129508484581098
-0.07987654 0.22715092 0.044189453 1129508489538493
-0.07928613 0.2270298 0.04466009 1129508494423547
-0.11200267 0.1885786 0.011712551 1129508499417297
-0.11105624 0.18839931 0.012419462 1129508504342090
-0.14835921 0.13544464 0.0086967945 1129508509384954
-0.14730644 0.1350956 0.009994268 1129508514852091
-0.117632866 0.12524128 0.030192852 1129508519364069
-0.11662653 0.12498474 0.031170368 1129508524261258
-0.09156221 0.12467766 0.037125826 1129508529587768
-0.090685695 0.12447262 0.03791833 1129508534545947
-0.04692954 0.14824009 0.048160315 1129508539250321
-0.046330124 0.1481123 0.048659086 1129508544181521
-0.002706021 0.17676926 0.08727121 1129508549198604
-0.0023166835 0.17675114 0.087372065 1129508554313344
-0.05925584 0.14793587 0.10208225 1129508559220480
-0.05864206 0.14782715 0.10251856 1129508564092148
-0.014947593 0.13807869 0.1319015 1129508569237408
-0.014515072 0.13775063 0.13307261 1129508574242565
-0.07150301 0.118154526 0.101118565 1129508579128242
-0.07083109 0.11757183 0.10319209 1129508584112306
-0.0696111 0.11601925 0.10865784 1129508594139909
-0.15022573 0.119953156 -0.0032405853 1129508599125640
-0.14954004 0.11911869 -2.887249E-4 1129508603923922
-0.18722826 0.1325922 -0.059396982 1129508608944651
-0.18673232 0.13177872 -0.05653262 1129508614005850
-0.22004533 0.15022278 -0.06841874 1129508618899288
-0.21996588 0.14959908 -0.066254616 1129508623832101
-0.1433602 0.105976105 -0.05964017 1129508628894497
-0.14344409 0.105568886 -0.05823493 1129508633861477
-0.14356717 0.14839745 0.014501095 1129508638817779
-0.14380857 0.14817429 0.01525259 1129508643767364
-0.07228854 0.2341528 0.006380558 1129508648782832
-0.07246801 0.23403263 0.0067777634 1129508653738823
-0.091790885 0.17652512 -0.026597023 1129508658739604
-0.09202498 0.1765356 -0.026657104 1129508663670647
-0.09234679 0.06645298 -0.017293692 1129508668689553
-0.09263843 0.06652069 -0.017559528 1129508673772523
-0.07867372 0.095339775 0.02997446 1129508678653512
-0.079044044 0.095458984 0.029522657 1129508683567524
-0.09856653 0.13394451 1.3327599E-4 1129508688594867
-0.098896265 0.13420677 -8.125305E-4 1129508693608931
-0.17591345 0.08663368 0.026797056 1129508698573462
-0.17631802 0.086995125 0.025503874 1129508703487266
-0.14327914 0.12095928 0.07179284 1129508708614974
-0.14365935 0.12139511 0.070245504 1129508713469090
-0.096219 0.13140297 0.025610447 1129508718485391
-0.096735775 0.1317482 0.024362326 1129508723394768
-0.08307436 0.12726593 -0.0054984093 1129508728442059
-0.08374575 0.12739372 -0.0060083866 1129508733359456
-0.0029891133 0.14176178 0.013066053 1129508738388935
-0.0033392608 0.14169025 0.01327467 1129508743323051
-0.056254625 0.21812248 -0.07231116 1129508748343363
-0.056251407 0.21785164 -0.07137442 1129508753276802
0.030040115 0.15052986 0.09721279 1129508758301593
0.030276805 0.1502161 0.09832215 1129508763225084
-0.15161037 0.14034557 0.13765335 1129508768259927
-0.15179947 0.1400156 0.13877559 1129508773277533
-0.04652539 0.058341026 0.07745838 1129508778345345
-0.0462448 0.058151245 0.078146696 1129508783237065
-0.112938404 0.1729126 0.064373255 1129508788238940
-0.112744 0.17274952 0.06495547 1129508793183308
-0.0884431 0.110321045 -0.020575285 1129508798261233
-0.088003755 0.110219 -0.02017355 1129508803148265
-0.18818995 0.13886738 -0.0054848194 1129508808217171
-0.1880511 0.13886547 -0.0054636 1129508813150349
-0.116322994 0.10065937 0.0037500858 1129508818046287
-0.116476744 0.10085869 0.003045082 1129508822972850
-0.06884381 0.12983131 0.04048443 1129508828006548
-0.06903237 0.13009834 0.03954172 1129508832924154
-0.05963704 0.14472294 0.033834696 1129508837968841
-0.05967155 0.14491272 0.03317499 1129508842943731
-0.07379508 0.09721184 0.02298975 1129508847942279
-0.073351145 0.097299576 0.022733688 1129508852847958
-0.0728268 0.0781517 0.017977238 1129508857870249
-0.07217705 0.07812023 0.018154383 1129508862795146
-0.081145346 0.12597084 -0.034333944 1129508867866083
-0.08076808 0.12587166 -0.033954382 1129508872755564
-0.09975517 0.10186291 -0.024127245 1129508877789209
-0.09979838 0.101802826 -0.02392292 1129508882710044
-0.08046448 0.14971828 0.0142941475 1129508887787544
-0.08022687 0.14979362 0.014059067 1129508892666607
-0.11349404 0.17865849 -0.043840647 1129508897695930
-0.1132769 0.17874432 -0.044115543 1129508902621765
-0.0747987 0.107019424 -0.010928154 1129508907761139
-0.07464501 0.10715675 -0.011386871 1129508912682807
-0.11759448 0.14083862 -0.055033207 1129508917624734
-0.117545426 0.14089775 -0.055230618 1129508922551819
-0.074472606 0.16008091 0.026067019 1129508927615100
-0.07447526 0.16008377 0.026056767 1129508932543018
-0.0119793415 0.16484165 0.059708595 1129508937555205
-0.011450946 0.16480827 0.059880495 1129508942455623
0.046695024 0.14564419 0.16533303 1129508947564789
0.04726988 0.14566612 0.16532087 1129508952408749
-0.033622146 0.16970348 0.17461753 1129508957441665
-0.032994002 0.1698637 0.17413259 1129508962378906
-0.02274409 0.1701088 0.2212441 1129508967902187
-0.022164792 0.17033195 0.22053099 1129508972352501
-0.09329441 0.18492508 0.162359 1129508977367917
-0.09264496 0.18516636 0.16159964 1129508982292606
-0.07755053 0.21417522 0.06973815 1129508987628595
-0.07684031 0.21444988 0.06886554 1129508992375471
-0.124084294 0.2578802 0.07256746 1129508997488857
-0.123600006 0.25820923 0.07148528 1129509002193129
-0.13273728 0.1389246 -0.04006529 1129509007486410
-0.13236028 0.13943768 -0.041795254 1129509012236880
-0.13223693 0.14015198 -0.04424095 1129509017318339
-0.06535238 0.17026615 0.056331635 1129509025772557
-0.065191925 0.1705246 0.05546069 1129509027204537
-0.022007465 0.1906662 -0.029322863 1129509032259225
-0.021922112 0.19273949 -0.03641224 1129509042039331
-0.07916874 0.11726284 0.031550646 1129509047368445
-0.07901651 0.11823177 0.028260708 1129509051999436
-0.15550971 0.12883091 0.048734426 1129509057016258
-0.15564916 0.12973595 0.045639038 1129509061940895
-0.12256876 0.14012718 -0.052945375 1129509067102561
-0.123010695 0.14081955 -0.055345297 1129509071896156
-0.1187461 0.0888443 -0.10565019 1129509077174646
-0.11916694 0.08944702 -0.1077404 1129509081905370
-0.11502239 0.12834358 -0.014033556 1129509086999126
-0.115846336 0.12884903 -0.015834808 1129509091822617
-0.15505698 0.18209553 -0.051390648 1129509096874804
-0.1558058 0.18263626 -0.05329752 1129509101766003
-0.10380736 0.17843437 -0.021827936 1129509106882722
-0.104445994 0.17904377 -0.02395153 1129509111738765
-0.07175401 0.13661957 0.016791344 1129509116755118
-0.07263872 0.13729191 0.014437199 1129509121682516
-0.14069197 0.09487152 0.05515313 1129509126761213
-0.14166209 0.09549999 0.052942038 1129509131717256
-0.07564154 0.124855995 0.01721692 1129509136670798
-0.07664341 0.12546349 0.015075922 1129509141593299
-0.07900727 0.1266613 0.010819912 1129509151548300
-0.08491972 0.13196278 -0.024529457 1129509156590331
-0.0861195 0.1323843 -0.026061058 1129509161509811
-0.044304073 0.08014774 0.010659456 1129509166717416
-0.045381933 0.080537796 0.009249687 1129509171701218
-0.108492464 0.14310646 -0.07330775 1129509176501322
-0.10924101 0.1434555 -0.074546814 1129509181419240
-0.1194123 0.15826797 -0.018636703 1129509186683875
-0.119957715 0.15869522 -0.02011609 1129509191477054
-0.10151544 0.12573528 0.07371974 1129509196416585
-0.10218769 0.12641144 0.07140255 1129509201336117
-0.15072027 0.12730312 0.049220562 1129509206611378
-0.15123376 0.12824821 0.046031237 1129509211340545
-0.09442493 0.09107113 0.0470047 1129509216334660
-0.095158786 0.09234905 0.04270053 1129509221399348
-0.1626845 0.017130852 0.081133604 1129509226394609
-0.16311964 0.018666267 0.07602239 1129509231410912
-0.16355509 0.05846405 0.13332033 1129509236240026
-0.16411528 0.060064316 0.12800503 1129509241308361
-0.16447008 0.063046455 0.11819506 1129509251165133
0.036830828 0.15069866 0.09428358 1129509256156903
0.037271068 0.15213776 0.08962774 1129509261091227
0.042786404 0.15357304 0.06587005 1129509266120342
0.043698117 0.15493584 0.06152296 1129509271036124
0.01136452 0.16110897 0.08587217 1129509276157009
0.012517601 0.1624422 0.08166027 1129509281044406
-0.03918618 0.14462852 0.015166044 1129509286023989
-0.038477957 0.1458559 0.011266947 1129509290961960
-0.0905723 0.14232635 0.03599 1129509295977793
-0.090118945 0.1435852 0.03197813 1129509300957429
-0.061124533 0.13521576 -0.05328083 1129509305946648
-0.0610725 0.13638306 -0.05702448 1129509310873472
-0.11377594 0.1471653 0.03487134 1129509315896284
-0.11370489 0.14838886 0.030960321 1129509320855713
-0.080150425 0.15921307 0.012608767 1129509325854618
-0.080082 0.16043091 0.008725405 1129509330802016
-0.012783587 0.21440506 0.0381186 1129509335807328
-0.012376994 0.21571064 0.03400016 1129509340753527
0.007283807 0.1739893 0.063198805 1129509345809516
0.007819086 0.17543983 0.058646202 1129509350850611
-0.06824583 0.14812088 0.10211325 1129509355856965
-0.06773892 0.14950275 0.09779215 1129509360716654
-0.11046946 0.050344467 0.11735225 1129509365690872
-0.11023444 0.05172634 0.11301923 1129509370664624
-0.11001575 0.13912487 0.027834892 1129509375639571
-0.109704465 0.14018345 0.024538279 1129509380579104
-0.11421105 0.208251 0.08357811 1129509385598062
-0.114056975 0.20913696 0.080816984 1129509390529209
-0.10420799 0.1333704 0.09733844 1129509395565407
-0.103934675 0.1341753 0.094845295 1129509400523689
-0.07960358 0.106245995 0.14504886 1129509405511293
-0.07903859 0.10701084 0.14271164 1129509410429732
-0.06408697 0.09822273 0.07326841 1129509415467388
-0.063316494 0.09917164 0.070380926 1129509420887493
-0.18224177 0.08562374 0.08227658 1129509425424316
-0.18147337 0.08659744 0.07931733 1129509430344786
-0.07553512 0.1115818 0.01867199 1129509435377025
-0.0751791 0.1126461 0.015403748 1129509440336452
-0.07938674 0.15680027 0.031327724 1129509445337182
-0.07882905 0.15774822 0.028444767 1129509450274319
-0.08805364 0.2401228 -0.0032606125 1129509455421663
-0.08812988 0.24103165 -0.0060768127 1129509460394268
-0.045407146 0.14614296 -0.018407345 1129509465261559
-0.04588324 0.1469984 -0.021088839 1129509470173279
-0.09893179 0.15734386 -0.013918161 1129509475205831
-0.09925532 0.15798187 -0.015916348 1129509480416770
-0.08990231 0.12971878 0.044873953 1129509485164582
-0.08996311 0.1301403 0.043572187 1129509490102500
-0.08035031 0.101781845 0.08073807 1129509495118594
-0.080216676 0.10225868 0.07928777 1129509500269168
-0.13281047 0.12189484 0.044291973 1129509505093595
-0.13278297 0.12238884 0.042776346 1129509510014169
-0.065724224 0.12769699 -0.02106738 1129509515033491
-0.06588644 0.1282711 -0.022843122 1129509520028389
-0.14766136 0.21979713 -0.0053966045 1129509524997086
-0.06674859 0.21563816 -0.002585411 1129509529960941
-0.06820378 0.21717262 -0.0074162483 1129509540146828
-0.11183542 0.17479897 0.06694174 1129509545024692
-0.11232728 0.17563534 0.06434488 1129509549833496
-0.06491786 0.14314842 0.061153412 1129509554870631
-0.065215915 0.14426231 0.057732344 1129509559818288
-0.036643595 0.15028572 0.07790542 1129509564831673
-0.03661695 0.15157604 0.07398772 1129509569740998
-0.098760605 0.16251945 0.1416781 1129509574776466
-0.09863484 0.16389465 0.1375258 1129509579759120
-0.050544173 0.10777855 0.119112015 1129509584732300
-0.05025822 0.10913181 0.115049124 1129509589671885
-0.035510033 0.08659649 0.21618843 1129509594703604
-0.035149038 0.08798885 0.21203041 1129509599622716
-0.054074585 0.12778664 0.12138057 1129509604649177
-0.053929 0.12929153 0.11687708 1129509609574960
-0.09671384 0.09255791 0.13134408 1129509614634751
-0.09639105 0.094044685 0.12692547 1129509619529388
-0.07204124 0.11467266 0.093830824 1129509624572565
-0.07165304 0.116189 0.089342594 1129509629591056
-0.0951615 0.14644527 0.08484101 1129509634529910
-0.094775915 0.14807987 0.08001876 1129509639504799
-0.14219841 0.13066101 0.20898819 1129509644655119
-0.14171815 0.13238621 0.20392728 1129509649504131
-0.15066943 0.100717545 0.13147616 1129509654537099
-0.1502406 0.10264492 0.12582707 1129509659527882
-0.16414422 0.1285553 0.14880514 1129509664454548
-0.16370955 0.13066292 0.14265275 1129509669398917
-0.11068311 0.1280222 0.09808087 1129509674362049
-0.110394 0.13018703 0.09177661 1129509679254441
-0.07636917 0.15163994 0.14736032 1129509684305383
-0.07588884 0.15385437 0.14095521 1129509689243666
-0.03708616 0.1369667 0.14878464 1129509694274499
-0.036604702 0.13915539 0.14248276 1129509699172152
0.030882508 0.19409752 0.059346437 1129509704233667
0.031436503 0.1963644 0.052856207 1129509709212105
-0.03495395 0.1364317 0.0941298 1129509714179240
-0.034460217 0.13871574 0.08761287 1129509719088716
-0.058267683 0.0979805 0.12874389 1129509724164814
-0.058438003 0.100242615 0.12226272 1129509729057003
-0.07774672 0.07371998 0.010604382 1129509734093045
-0.07795122 0.07573128 0.0048589706 1129509739009811
-0.12135804 0.111219406 -7.6675415E-4 1129509744075077
-0.12167704 0.11296654 -0.005750656 1129509748986016
-0.026142389 0.13374138 0.061465263 1129509754005338
-0.026144356 0.1352644 0.05715871 1129509759023204
-0.04994741 0.1941185 0.09154534 1129509763987318
-0.049800634 0.19544125 0.087827206 1129509768931687
-0.088062495 0.15844536 0.041045427 1129509774042632
-0.08782539 0.15967655 0.03760481 1129509778855862
-0.01552552 0.098763466 0.15839219 1129509784039768
-0.015099287 0.099975586 0.1550281 1129509788797895
0.03320831 0.072525024 0.15626693 1129509793839457
0.03356117 0.07380581 0.15271425 1129509798771281
-0.07619175 0.060804367 0.20639515 1129509803802218
-0.07592568 0.06223488 0.20242667 1129509808715188
-0.080658466 0.1451931 0.16936612 1129509813752375
-0.08069843 0.14687347 0.16468835 1129509818744043
-0.028017998 0.11990166 0.14543366 1129509823706126
-0.027909458 0.12175369 0.14030719 1129509828628315
-0.1092526 0.17639637 0.08697033 1129509833665294
-0.10935041 0.1783371 0.081599 1129509838598056
-0.04741147 0.06543541 0.09993744 1129509843680660
-0.04798308 0.06741238 0.09444213 1129509848550869
-0.087369025 0.11256981 0.0743165 1129509853625609
-0.088427246 0.1144495 0.069067 1129509858499308
-0.11344567 0.09711361 0.059203625 1129509863535089
-0.114631325 0.09876442 0.054587364 1129509868472590
-0.005764395 0.07186127 0.0686419 1129509873926079
-0.006713867 0.07339764 0.06437349 1129509878460976
-0.0091917515 0.077020645 0.054310083 1129509888560092
-0.034365267 0.002081871 0.06402683 1129509893702644
-0.03538403 0.003619194 0.059778214 1129509898372326
-0.13234803 0.06268406 0.060127497 1129509903364520
-0.13378128 0.0641737 0.055984974 1129509908303219
-0.13631555 0.06715393 0.047745228 1129509918286762
-0.1614854 0.09231472 0.07309723 1129509923276970
-0.16261527 0.093426704 0.07001591 1129509928203065
-0.063114196 0.08505249 0.13374066 1129509933175146
-0.063970774 0.086265564 0.13041806 1129509938157649
-0.069573164 0.1258812 0.055022478 1129509943210097
-0.070426196 0.12733936 0.051054716 1129509948114525
-0.095359206 0.14830875 0.11316681 1129509953386868
-0.09627104 0.15002918 0.108505964 1129509958075672
-0.044717938 0.09456062 0.21803546 1129509963108276
-0.045886666 0.09651184 0.21275544 1129509968086037
0.04387106 0.11298084 0.11610198 1129509973353433
0.042920426 0.114792824 0.1112299 1129509977988330
0.022881329 0.13106537 0.19230986 1129509983022861
0.022085488 0.13289738 0.18741536 1129509988121352
0.0261541 0.13930798 0.1639309 1129509992999685
0.025464714 0.14090157 0.1596837 1129509998080624
8.081198E-4 0.18059921 0.1751306 1129510002992186
2.2232533E-5 0.18190289 0.17165065 1129510007859114
-7.7041984E-4 0.19758415 0.23517704 1129510012933124
-0.0015715659 0.19887733 0.23172975 1129510017860157
0.031075433 0.15235424 0.22331429 1129510022877813
0.03026469 0.1537342 0.21964788 1129510027770002
0.02953349 0.15996361 0.32117963 1129510032767654
0.028872982 0.16136074 0.31748867 1129510037729274
0.11921109 0.17710114 0.27555513 1129510042773440
0.11853509 0.17851925 0.2718172 1129510047938441
0.093940124 0.17018223 0.22545314 1129510052761566
0.09334652 0.17133713 0.22241664 1129510057642192
0.107272446 0.14841747 0.25803542 1129510062700734
0.10682967 0.14919281 0.25599504 1129510067613651
0.07299259 0.14018917 0.20660448 1129510072592136
0.07267463 0.14061642 0.20547748 1129510077536505
0.043720305 0.1934967 0.14267683 1129510082634694
0.04363033 0.19353676 0.14256692 1129510087618133
-0.028084368 0.16007137 0.19031787 1129510092667712
-0.02800715 0.16008282 0.19029212 1129510097476207
-0.06614369 0.11701584 0.14234662 1129510102518081
-0.06588793 0.11702728 0.14233565 1129510107441572
-0.13736969 0.030855179 0.17104149 1129510112467822
-0.13706335 0.030813217 0.17117214 1129510117387094
-0.103416264 0.006828308 0.15692997 1129510122431000
-0.103215426 0.0069303513 0.15667844 1129510127344855
-0.07401943 0.06466389 0.15121913 1129510132424595
-0.073405355 0.06516743 0.14996147 1129510137316836
-0.13023427 0.11380577 0.23424888 1129510142341523
-0.12974763 0.11473465 0.23188853 1129510147269545
0.009705007 0.13501263 0.0997417 1129510152293242
0.0104599595 0.13620853 0.09671378 1129510157213035
-0.007500857 0.13758183 0.08369064 1129510162249441
-0.0063115656 0.13909721 0.079879284 1129510167195432
-0.033694506 0.16954613 0.080352545 1129510172382463
-0.032290965 0.17118073 0.07626438 1129510177127673
-0.12181765 0.19698524 0.10512543 1129510182174131
-0.12061635 0.19896126 0.10015941 1129510187194965
-0.18672246 0.105298996 0.1379447 1129510192231215
-0.18632787 0.10751152 0.13233829 1129510197044237
-0.11925548 0.08126545 0.08771515 1129510202124810
-0.11912918 0.08377075 0.081362724 1129510206999082
-0.047129214 0.10565567 0.16064835 1129510212032363
-0.046744555 0.10837746 0.15379834 1129510216965541
0.059121728 0.15415287 0.15186667 1129510222008458
0.059752226 0.15664196 0.14564848 1129510226929657
0.031836122 0.16378212 0.10149455 1129510231974657
0.03288901 0.16594028 0.09616113 1129510236875127
0.0053388476 0.1729021 0.076443195 1129510241959449
0.0063174367 0.17496109 0.07137442 1129510246884971
-0.074168175 0.12438679 0.109302044 1129510251860284
-0.07331908 0.12653923 0.10400748 1129510256781795
-0.13954678 0.06657219 0.103179455 1129510261816951
-0.13881081 0.06896305 0.097302675 1129510266800963
-0.027929813 0.10993767 0.1577897 1129510271898254
-0.027359873 0.11266613 0.15108848 1129510276804922
-0.041343868 0.14902592 0.17284107 1129510281775339
-0.040939927 0.15175438 0.16615605 1129510286655913
-0.002286315 0.09239292 0.14472485 1129510291738048
-0.0020539165 0.09529209 0.13763738 1129510296714299
-0.13553146 0.026665688 0.3261869 1129510301647632
-0.20076945 0.06957245 0.49707198 1129510307307164
-0.20008895 0.07309437 0.488564 1129510311580076
-0.0235385 0.04358101 0.004760027 1129510316845967
-0.024291068 0.04694748 -0.0034320354 1129510321576691
-0.06817642 0.13198376 0.011697054 1129510326867791
-0.06860542 0.13511658 0.0041360855 1129510331461647
-0.18390235 0.15789509 0.17737722 1129510336550969
-0.18452287 0.1614418 0.16884756 1129510341431752
-0.07035661 0.09822941 0.039959192 1129510346717324
-0.07097238 0.1014967 0.032146692 1129510351378003
-0.119102746 0.03336239 0.095198154 1129510356422117
-0.11795485 0.037882805 0.08458853 1129510361331389
0.09333682 -0.07196331 0.5036247 1129510366546441
0.09216568 -0.06769657 0.4935186 1129510371301755
0.009327501 0.16156006 -0.07666898 1129510376443577
0.00886023 0.1648531 -0.08439255 1129510381250349
-0.106759846 0.2921152 -0.066940784 1129510386608787
-0.107708186 0.29388428 -0.07112455 1129510391301444
-0.10385701 0.16643047 0.15439439 1129510396381392
-0.1047335 0.16791916 0.15087795 1129510401165403
-0.043454558 0.08788204 0.21946907 1129510406381236
-0.043917775 0.08879566 0.21731925 1129510411115873
-0.053819567 0.060976982 0.29659152 1129510416475092
-0.054237694 0.06175232 0.29476595 1129510421072124
-0.1027191 0.101011276 0.2685821 1129510426135197
-0.1033892 0.102025986 0.2661898 1129510431038844
-0.08475673 0.2134409 0.27756023 1129510436061969
-0.08516207 0.21482277 0.2743461 1129510440994210
-0.07122412 0.28829765 0.2369976 1129510446262647
-0.071546435 0.28989983 0.23328829 1129510450965981
-0.01453796 0.20075035 0.11891842 1129510455980616
-0.015156627 0.20258617 0.11466265 1129510460914212
-0.087913245 0.113518715 0.11500311 1129510465992961
-0.08885872 0.11526966 0.11092901 1129510470891660
-0.109071225 0.08335781 0.17422223 1129510475889629
-0.11015171 0.08476162 0.1709435 1129510480832963
-0.111415535 0.062163353 0.12948394 1129510485908015
-0.11260775 0.06336403 0.12666655 1129510490774319
-0.15217346 0.1124382 0.13344884 1129510495806402
-0.15326807 0.11362457 0.13067508 1129510500741820
-0.14933372 0.105353355 0.15638185 1129510505829788
-0.15009567 0.10673714 0.15318704 1129510510702654
-0.055159688 0.14662933 0.16390204 1129510515719633
-0.055782467 0.14835167 0.15995502 1129510520641405
-0.008475989 0.13591003 0.22260213 1129510525669842
-0.008926332 0.13787937 0.21811748 1129510530644732
0.0052425563 0.044081688 0.29027057 1129510535638906
0.005303681 0.046007156 0.2859323 1129510540553230
6.0656667E-4 0.124607086 0.14738989 1129510545589584
5.4109097E-4 0.12668324 0.14271641 1129510550589273
-0.042393744 0.14800549 0.15700936 1129510555549324
-0.04207948 0.15022373 0.1520536 1129510560474221
-0.08019227 0.0615139 0.19007683 1129510565504013
-0.08001977 0.0639019 0.18475199 1129510570425993
-0.23682404 -0.10032177 0.6034746 1129510575470055
-0.23520735 -0.095947266 0.593842 1129510580388963
-0.04866624 -0.02928257 0.086033344 1129510585414119
-0.04939896 -0.02527523 0.07711744 1129510590342297
-0.1450597 0.21792221 -0.04613638 1129510595373495
-0.14455691 0.22116756 -0.05325222 1129510600324746
-0.08725029 0.15702724 -0.05963087 1129510605592767
-0.08765125 0.15951157 -0.0651083 1129510610255424
-0.016072392 0.08564091 0.15871096 1129510615315789
-0.016222864 0.08798218 0.15358162 1129510620210634
-0.040156633 0.085344315 0.08184719 1129510625310321
-0.039963067 0.08717251 0.07787371 1129510630167197
-0.09744018 0.06035137 0.18863487 1129510635210686
-0.0978584 0.062119484 0.18476295 1129510640135844
-0.0603469 0.073405266 0.17142153 1129510645185844
-0.061156332 0.07501316 0.16788149 1129510650079126
-0.06681287 0.052732468 0.17380142 1129510655158813
-0.06766909 0.05433178 0.17028236 1129510660070950
-0.101878166 0.11822319 0.27681923 1129510665072356
-0.102574795 0.11986828 0.27322245 1129510670009337
-0.10827786 0.14555454 0.20236206 1129510675031420
-0.109326944 0.14734554 0.19843483 1129510679956004
-0.08191243 0.063118935 0.1510272 1129510684989389
-0.083520904 0.06511116 0.14664459 1129510689910641
-0.05194728 0.009811401 0.23765373 1129510694964755
-0.053843036 0.011983871 0.23288155 1129510699901423
-0.055949837 -0.043315887 0.29516506 1129510704901527
-0.05803503 -0.04120636 0.29053116 1129510709824497
-0.12680393 -0.03396511 0.26124907 1129510714870642
-0.12684329 -0.03065586 0.25418854 1129510719803508
-0.09347895 0.15491581 0.2512803 1129510724854862
-0.09475106 0.15788364 0.244905 1129510729742155
-0.005476624 0.122234344 -0.0720706 1129510734773665
-0.0070705116 0.12447357 -0.07690048 1129510739770906
-0.022419348 0.12665749 0.11954117 1129510744740801
-0.023383722 0.12893486 0.1146822 1129510749665542
-0.034444258 0.14086151 0.056975365 1129510754689344
-0.036322236 0.14333248 0.05167198 1129510760033877
-0.028202236 0.121450424 0.0424757 1129510764656272
-0.02993232 0.12346172 0.038161755 1129510769580701
0.011254922 0.14460373 0.19669724 1129510774598721
0.009254217 0.14650822 0.19260597 1129510779572262
-0.0024174303 0.100538254 0.21243525 1129510784559035
-0.0045885593 0.10239792 0.2084403 1129510789566119
-0.08802256 0.02755642 0.1950612 1129510794522004
-0.09008232 0.02937603 0.1911645 1129510799641797
-0.039313003 0.093310356 0.27375364 1129510804525078
-0.041304395 0.09497547 0.27019215 1129510809458152
-0.1676581 0.13009262 0.25720406 1129510814424819
-0.16939053 0.13179398 0.25358868 1129510819698987
-0.08447519 0.09029579 0.31246376 1129510824437320
-0.08565788 0.09202862 0.3088193 1129510829381689
-0.014985606 -0.0066976547 0.2475152 1129510834387099
-0.015966088 -0.004840851 0.2436328 1129510839331468
0.05995436 -0.055685043 0.23024797 1129510844302113
0.05955583 -0.05384159 0.2264266 1129510849240188
-0.04150945 0.058239937 0.27985144 1129510854258208
-0.042329162 0.06030655 0.2755623 1129510859196178
-0.07208246 0.062675476 0.20360899 1129510864292011
-0.07306294 0.06502724 0.1987381 1129510869137846
-0.098321274 0.12992954 0.27464628 1129510874200762
-0.09986436 0.13275623 0.26879215 1129510879322795
-0.07239707 -0.11811352 0.24363041 1129510884129670
-0.07173298 -0.11381531 0.23490047 1129510889124046
-0.027732685 0.087402344 0.4739933 1129510894083993
-0.028325632 0.09169197 0.46527052 1129510899038578
0.061576784 0.17209625 0.13194847 1129510904041807
0.06087689 0.1753788 0.12529278 1129510908964412
-0.0018650591 0.14003468 0.23422527 1129510913998787
-0.0021879375 0.14292145 0.22840357 1129510919169570
0.03094107 0.12625885 0.26169443 1129510923959048
0.030387014 0.1286459 0.25688267 1129510928908841
-0.013018087 0.17391968 0.26208544 1129510933922227
-0.013364941 0.17573261 0.25844288 1129510938836030
0.05315748 0.15817928 0.20254993 1129510943913217
0.052574724 0.1596899 0.19951105 1129510948799937
0.008822396 0.20442104 0.26325893 1129510953825822
0.00840947 0.20614147 0.25981283 1129510958755147
-0.16747338 0.12288189 0.67541265 1129510963786917
-0.16565715 0.12658978 0.6681237 1129510968721606
0.011823341 0.0964756 0.14902735 1129510973773637
0.01133208 0.09930515 0.14340687 1129510978666711
0.044097796 0.015828133 0.11885977 1129510983873794
0.04352413 0.01809311 0.114364624 1129510988625202
-0.071662575 -0.032188416 0.30117846 1129510993692806
-0.07193461 -0.02997303 0.2968073 1129510998824942
-5.814284E-4 0.1299324 0.28349972 1129511003638692
-0.001062423 0.13181019 0.27979088 1129511008790308
0.017769158 0.14779282 0.20477915 1129511013738328
0.017410874 0.1492033 0.20199871 1129511018551402
-0.054923087 0.20822239 0.23244476 1129511023780204
-0.05556111 0.20960617 0.22971153 1129511028628591
-0.013433427 0.15831566 0.18865967 1129511033621195
-0.014451966 0.15964508 0.18602133 1129511038440050
0.07526107 -0.044855118 0.14971638 1129511043475981
0.07471804 -0.04311657 0.14630365 1129511048362499
-0.029962748 0.05065918 0.57662725 1129511053397291
-0.03027311 0.05325508 0.57156515 1129511058319427
0.11203607 0.079214096 -0.1698227 1129511063359635
0.11088925 0.08092785 -0.17319632 1129511068350887
-0.16692548 0.0064229965 0.22493744 1129511073312657
-0.16702157 0.008937836 0.22006416 1129511078237086
-0.24012248 -0.026411057 0.21908092 1129511083289064
-0.2422537 -0.02315712 0.21271753 1129511088192295
-0.005008012 -0.067225456 0.21964836 1129511093293649
-0.0065991133 -0.06329441 0.21203089 1129511098151775
-0.17526144 -0.13566017 -0.016426563 1129511103179379
-0.17512316 -0.13042164 -0.026443481 1129511108119849
-0.107648805 0.010352135 0.51625013 1129511113215734
-0.10908233 0.01696968 0.5036206 1129511118076308
0.060621873 -0.042910576 -0.027178764 1129511123100683
0.059090704 -0.035666466 -0.040898323 1129511128020059
-0.07996932 0.08171368 0.13222599 1129511133063705
-0.08007562 0.08859348 0.11934185 1129511138090946
-0.07608768 0.07604504 0.16924 1129511143059383
-0.0775145 0.082229614 0.1576891 1129511147948603
0.08373088 0.093185425 0.19408655 1129511153225738
0.0825195 0.098418236 0.18437386 1129511158044802
0.12436809 0.060388565 0.17978239 1129511162941260
0.12387395 0.06512356 0.17106056 1129511167884126
-0.039022267 0.0071611404 0.15840292 1129511172917875
-0.03906457 0.010877609 0.1515994 1129511177803606
-0.029899478 0.04784012 0.073465824 1129511182848814
-0.030518696 0.050868034 0.06792164 1129511187772982
-0.031176493 0.057668686 0.055521965 1129511197759024
-0.0841046 0.07535267 0.30327415 1129511202779858
-0.084279284 0.07871914 0.29716778 1129511207688869
-0.08438262 0.04432869 0.2517724 1129511213058973
-0.08444071 0.047652245 0.2457695 1129511217633349
-0.0845581 -0.06835747 0.16727018 1129511222666109
-0.084088296 -0.06426239 0.15991783 1129511227587934
-0.015409127 -0.030036926 0.5619092 1129511232887360
-0.014589503 -0.025385857 0.5536084 1129511237544758
0.15305208 0.098843575 0.06669569 1129511242610747
0.15311062 0.10287094 0.059518337 1129511247566634
0.028786138 0.19256687 0.13948011 1129511252572044
0.029148385 0.19549179 0.13429546 1129511257516413
-0.04718861 0.07378101 0.25385666 1129511262552344
-0.047426417 0.076226234 0.24951601 1129511267431011
-0.081489384 -0.03641796 0.2789855 1129511272402258
-0.08201598 -0.034427643 0.27544975 1129511277346627
-0.11141418 0.020043373 0.27703905 1129511282426220
-0.11240025 0.02155304 0.2743435 1129511287366065
-0.16625425 0.04699993 0.28122807 1129511292486377
-0.16749957 0.048347473 0.27881432 1129511297299295
-0.034576684 -0.09861088 0.13730288 1129511302324607
-0.034568727 -0.09647751 0.13355017 1129511307264765
-0.06733486 0.1123476 0.54023695 1129511312282316
-0.06771533 0.115021706 0.5355315 1129511317222578
0.089405894 0.11240387 0.10074043 1129511322300703
0.08890791 0.114118576 0.09772301 1129511327170079
0.16937815 -0.052178383 0.38272762 1129511332225495
0.16802347 -0.051327705 0.38119793 1129511337120965
-0.01968436 0.14563084 0.26034832 1129511342153882
-0.02009672 0.14582443 0.25999832 1129511347078571
0.04171063 0.18867016 0.2364788 1129511352373779
0.04133916 0.18807888 0.23750257 1129511357196065
0.045512937 0.1441822 0.2915578 1129511362231996
0.044937737 0.1433487 0.29299784 1129511366994510
-0.12242372 0.13819504 0.52827644 1129511372030864
-0.122136965 0.13813591 0.52838945 1129511377037897
-0.08901794 0.11395073 0.09784603 1129511381998157
-0.08960746 0.113575935 0.098484516 1129511386911856
-0.08054243 0.11777592 0.14738417 1129511391973887
-0.08054301 0.117230415 0.14834023 1129511396866701
-0.17146565 0.07382488 0.36915064 1129511401921804
-0.17171086 0.073578835 0.36957693 1129511406824462
-0.03794685 0.020746231 0.3219638 1129511411884045
-0.03809063 0.020825386 0.32182026 1129511416783578
0.02427435 0.06894207 0.41239643 1129511421822327
0.02447632 0.06922817 0.41190052 1129511426728422
0.12990597 0.059955597 0.34912062 1129511432002484
0.12973644 0.060097694 0.34886646 1129511436704569
0.115247 0.01702404 0.30093956 1129511441771600
0.115282625 0.016827583 0.3012867 1129511446662122
0.0052504838 0.0021123886 0.28753614 1129511451771549
0.0053817034 0.0017118454 0.28824234 1129511456607019
0.03892739 0.04923725 0.25535393 1129511461751290
0.038795277 0.049048424 0.25567913 1129511466577333
-0.10024908 0.010656357 0.17920732 1129511471738061
-0.10052149 0.010673523 0.17916965 1129511476656396
-0.086558476 -0.04663658 0.25550842 1129511481631285
-0.08725968 -0.046388626 0.255054 1129511486491605
-0.059306443 0.0018672943 0.26874447 1129511491571865
-0.060033634 0.0022239685 0.2680974 1129511496429471
-0.080001816 -0.054888725 0.14775372 1129511501467387
-0.08091141 -0.054519653 0.14708185 1129511506416711
-0.12483364 -0.006178856 0.15104628 1129511511430409
-0.12541968 -0.0056009293 0.15001774 1129511516349160
-0.12115297 0.033405304 0.12004948 1129511521383795
-0.12175773 0.034238815 0.11857319 1129511526310984
-0.06503959 -0.041291237 0.073560715 1129511531345255
-0.06595093 -0.04008293 0.071423054 1129511536271767
-0.095415846 0.01863861 0.1314497 1129511541303120
-0.096575335 0.02012539 0.1288228 1129511546237080
0.0017355531 -0.12168789 -0.042039394 1129511551304319
3.9078295E-4 -0.11905289 -0.0466671 1129511556186508
-0.15791063 0.14736843 0.2640357 1129511561204737
-0.15889123 0.14978027 0.25981712 1129511566197082
-0.098125905 0.084534645 -0.08330965 1129511571173488
-0.09927517 0.08619404 -0.08621693 1129511576090312
-0.12424249 -0.0030622482 0.1549778 1129511581253697
-0.1257863 -0.0016536713 0.15249968 1129511586273907
-0.07965742 -0.048386574 0.14088583 1129511591106407
-0.08143915 -0.04746914 0.13925457 1129511596016668
-0.07358182 -0.061141968 0.14280462 1129511601110210
-0.07517095 -0.060709953 0.1420207 1129511605979273
-0.07216838 -0.0029306412 0.16536856 1129511611002659
-0.099845424 0.007256508 0.28872585 1129511621043962
-0.10145238 0.007396698 0.28844786 1129511625909119
-0.031160206 -0.016469955 0.21645689 1129511630961307
-0.03250908 -0.016389847 0.21629143 1129511635832193
-0.009844042 0.055449486 0.30243158 1129511640871307
-0.011246093 0.0551939 0.302845 1129511646269746
-0.050571628 0.0549078 0.30810452 1129511650831933
-0.05172468 0.054533005 0.30872965 1129511655742820
0.004482582 -0.008172989 0.2759738 1129511660775111
0.0032257885 -0.008497238 0.27650785 1129511665902092
0.13135378 0.015325546 0.3628831 1129511670736362
0.1301075 0.0153131485 0.36287928 1129511675692353
0.109602116 0.039273262 0.3388791 1129511680702822
0.1082664 0.039380074 0.3386693 1129511685875011
0.035235565 0.030013084 0.38137913 1129511690766364
-0.009958327 0.030983925 0.38923883 1129511700606157
-0.010806508 0.0317564 0.38788843 1129511705775325
0.0030609295 0.07567978 0.4630642 1129511710574231
0.0026514456 0.07656574 0.4615264 1129511715529336
0.055035103 0.12548923 0.49324894 1129511720565013
0.055035677 0.12671185 0.49113846 1129511725687046
0.031599585 0.1518364 0.4077072 1129511730488452
0.03259011 0.15284634 0.40598392 1129511735411005
0.124093816 0.028860092 0.41947556 1129511740472255
0.12347388 0.028699875 0.4197421 1129511745343555
0.065866895 0.1088686 4.8589706E-4 1129511750430485
-0.1518437 0.23586178 0.1324668 1129511760396371
-0.15048665 0.23190117 0.13934708 1129511765247881
-0.13932541 0.14130116 0.2427907 1129511770316581
-0.13770588 0.13741875 0.24956608 1129511775284499
-0.05464319 0.009460449 0.16464281 1129511780264915
-0.052688137 0.0062294006 0.17031527 1129511785228718
-0.08887546 -0.025666237 0.28122854 1129511790228197
-0.08723285 -0.028719902 0.28660345 1129511795156219
-1.5716255E-4 0.020976067 0.28704453 1129511800179552
3.0259788E-4 0.018111229 0.29207945 1129511805128148
0.058401793 0.053687096 0.32083035 1129511810136064
0.059470072 0.051250458 0.3251381 1129511815059919
0.055887908 0.10177326 0.3864088 1129511820100492
0.05667503 0.10018635 0.38922215 1129511825040593
-0.019464746 0.013082504 0.31901598 1129511830047837
-0.019329384 0.012770653 0.31956816 1129511834973619
-0.048309706 0.037137985 0.33796597 1129511840017421
-0.048950665 0.038188934 0.33609962 1129511845105079
0.06500737 0.010951996 0.3717556 1129511849996693
0.06381869 0.012879372 0.36833572 1129511854916902
0.072099835 -0.01837635 0.3930602 1129511859918881
0.0705841 -0.015856743 0.38860226 1129511865039976
0.0017954409 0.005748749 0.3603239 1129511869904039
-3.232658E-4 0.008372307 0.3556819 1129511874982477
-0.040817015 0.049139023 0.20289421 1129511879994196
-0.042768843 0.051290512 0.19909477 1129511884765442
-0.015818693 0.034213066 0.28641558 1129511889793311
-0.017751545 0.03620243 0.28290987 1129511894727740
-0.029209167 0.04761982 0.21262646 1129511899764042