
0.56737334 0.18191949 0.22750631 1129507633232159
0.5673299 0.18182589 0.22758964 1129507638254450
0.5672929 0.18173367 0.22765125 1129507643258202
0.56725395 0.18165548 0.22769047 1129507648270962
0.5672014 0.18159719 0.22771652 1129507653014401
0.56713325 0.18154655 0.2277274 1129507658092525
0.56705993 0.1815018 0.22773424 1129507662976068
0.5669798 0.18146405 0.22773467 1129507668313672
0.56691396 0.18143812 0.22773191 1129507672940392
0.566858 0.18141277 0.22771755 1129507677970548
0.56682414 0.1813909 0.22768721 1129507682906591
0.5668307 0.18136857 0.2276345 1129507688103153
0.5668676 0.18134959 0.22756228 1129507692866227
0.5669416 0.18133646 0.22745664 1129507698123206
0.5670238 0.18133715 0.22734864 1129507702805760
0.5671322 0.18135224 0.22720969 1129507708216072
0.56723076 0.18138532 0.22709344 1129507712783729
0.5673382 0.1814204 0.22697066 1129507718006073
0.56742626 0.1814593 0.2268816 1129507722821178
0.5675232 0.18150865 0.22679304 1129507728183001
0.56759346 0.18155052 0.22674671 1129507732675033
0.56766844 0.18159387 0.22670598 1129507737763992
0.56773835 0.18163301 0.22667262 1129507742631649
0.5677771 0.18166354 0.22665726 1129507745584721
0.567895 0.18167157 0.2265717 1129507752641546
0.5679873 0.18169032 0.22652066 1129507757658837
0.568091 0.18171246 0.22647 1129507762740141
0.5682059 0.18173316 0.22641675 1129507767620192
0.5683352 0.18174076 0.2263495 1129507772501548
0.5684838 0.18174274 0.22626965 1129507777534933
0.5686382 0.18174295 0.226171 1129507782471757
0.56879854 0.18174414 0.22606562 1129507787534986
0.5689554 0.1817519 0.22597006 1129507792434987
0.5691059 0.18177535 0.22588493 1129507797481550
0.569229 0.1818081 0.22582111 1129507802383686
0.5693312 0.18184206 0.22576474 1129507807432801
0.5694127 0.18188213 0.22572486 1129507812336760
0.5694763 0.18191698 0.2256939 1129507817376708
0.56951815 0.18194416 0.22567093 1129507822289990
0.56953937 0.18197203 0.22566202 1129507827346761
0.56953883 0.18200345 0.22565849 1129507832269210
0.5695197 0.18203308 0.22566013 1129507837314158
0.56949234 0.18206161 0.22566196 1129507842214680
0.5694625 0.18208484 0.2256633 1129507847240617
0.5694334 0.18209288 0.22566788 1129507852159837
0.5694079 0.1820964 0.22566712 1129507857210410
0.5693905 0.18210381 0.22565922 1129507862121817
0.5693821 0.18211168 0.2256403 1129507867155515
0.56937975 0.18211406 0.22561234 1129507872182652
0.5693803 0.18211547 0.22557545 1129507877229526
0.5693789 0.18210833 0.22553498 1129507882126871
0.5693789 0.18209882 0.22549736 1129507887186142
0.569376 0.18209967 0.22547731 1129507892142081
0.5693703 0.18209735 0.22546819 1129507897026820
0.5693659 0.18209098 0.22547562 1129507902120467
0.56934893 0.18208449 0.22550957 1129507907198279
0.5693124 0.18208724 0.22556221 1129507912124270
0.5692642 0.18209025 0.22563328 1129507917194895
0.5692058 0.18209918 0.22572157 1129507922042761
0.56914663 0.1821141 0.2258157 1129507927044271
0.5690824 0.18213288 0.22590795 1129507931838230
0.5690197 0.18214613 0.22600213 1129507936867345
0.56896627 0.18214966 0.22608045 1129507941936877
0.56892043 0.18215035 0.2261408 1129507947037502
0.5688715 0.18214189 0.22619893 1129507952058024
0.5688202 0.18213265 0.2262558 1129507956966045
0.5687678 0.18212563 0.22631271 1129507961736775
0.5687165 0.1821164 0.22637892 1129507966899014
0.5686727 0.18211159 0.2264331 1129507971653651
0.5686396 0.18210064 0.22648488 1129507976659061
0.5686205 0.18208426 0.22653322 1129507981869225
0.56862015 0.18207712 0.2265624 1129507986759485
0.5686299 0.18207246 0.22659391 1129507991561309
0.5686416 0.18206394 0.2266208 1129507996854538
0.56864166 0.18205732 0.22664395 1129508001528862
0.56862473 0.182039 0.22668725 1129508006635268
0.56858814 0.1820193 0.2267374 1129508011480113
0.56853014 0.18199542 0.22679405 1129508016586780
0.5684679 0.18198174 0.22685261 1129508021477146
0.5684093 0.18196683 0.22690013 1129508026464124
0.5683518 0.1819448 0.22693571 1129508031377251
0.5682974 0.18192221 0.22696714 1129508036420427
0.56824785 0.18190198 0.22700049 1129508041396523
0.5682034 0.1818883 0.2270416 1129508046389856
0.5681537 0.18188101 0.22709428 1129508051316107
0.5681003 0.1818797 0.22716072 1129508056453190
0.5680396 0.18187392 0.22723264 1129508061763807
0.56798226 0.18187185 0.22729635 1129508066435900
0.5679193 0.18186684 0.22736152 1129508071449233
0.5678606 0.18186851 0.22742112 1129508076344339
0.5678141 0.1818773 0.22746506 1129508081343868
0.56777555 0.18189208 0.22750546 1129508086259548
0.5677488 0.18190348 0.22753914 1129508091222881
0.56773627 0.18191245 0.22756477 1129508096120538
0.56773967 0.18191856 0.22758494 1129508101389965
0.56774914 0.18193391 0.22760355 1129508106094758
0.56776273 0.1819516 0.22762103 1129508111114081
0.56777656 0.18196006 0.2276288 1129508116031895
0.5677848 0.1819725 0.22761697 1129508121433978
0.56777626 0.1819853 0.22760214 1129508125976791
0.56775475 0.18199886 0.22758356 1129508131040229
0.5677287 0.18201521 0.22755648 1129508135960334
0.5677044 0.18202703 0.22752093 1129508141220126
0.567691 0.18203433 0.22748701 1129508145895960
0.56768364 0.18204615 0.22744553 1129508150935647
0.56768286 0.1820735 0.2274022 1129508155860805
0.56767607 0.18209879 0.22735983 1129508160831687
0.56766105 0.18211502 0.22732812 1129508165808514
0.5676338 0.18212077 0.227333 1129508170871847
0.5675878 0.18212871 0.22737771 1129508175778515
0.567522 0.18214703 0.22745374 1129508180825859
0.5674465 0.18217541 0.22754146 1129508185748620
0.5673626 0.18221037 0.22763477 1129508190807266
0.56727695 0.1822537 0.22772378 1129508195826486
0.5671926 0.18229315 0.2278127 1129508201123308
0.56713724 0.18232371 0.22786705 1129508205650341
0.5670955 0.18236141 0.22790882 1129508210707789
0.5670676 0.18240441 0.2279289 1129508215810290
0.56705314 0.18244785 0.22791493 1129508220907262
0.56705606 0.18247792 0.22787261 1129508225554614
0.56706 0.1824966 0.22781067 1129508230626072
0.5670682 0.18250796 0.22773187 1129508235803834
0.567086 0.18251039 0.22765598 1129508240694042
0.5671025 0.18251745 0.2275992 1129508245577370
0.56711155 0.18252924 0.2275765 1129508250689459
0.56711555 0.18253015 0.22756732 1129508255424096
0.5671276 0.18252605 0.22756973 1129508260585919
0.56715226 0.18252349 0.22757177 1129508265438726
0.5671938 0.18252139 0.22756661 1129508270653367
0.5672431 0.18251763 0.22754124 1129508275336390
0.56730735 0.18250988 0.22749384 1129508280902587
0.56736475 0.18250093 0.22743805 1129508285460141
0.56742084 0.1824845 0.22737797 1129508290359828
0.5674749 0.18246649 0.22731163 1129508295253058
0.56752163 0.18244617 0.2272399 1129508300258467
0.56755924 0.18241897 0.22718062 1129508305250924
0.56758463 0.18238802 0.2271234 1129508310246861
0.56759226 0.18235742 0.227077 1129508315192227
0.5675919 0.18232971 0.22703531 1129508320303945
0.5675753 0.18231693 0.22700027 1129508325137853
0.56755316 0.18231128 0.22697464 1129508330155196
0.5675273 0.18230636 0.22696052 1129508335077802
0.56748885 0.18230078 0.22695757 1129508340197745
0.5674498 0.18229997 0.22696026 1129508345048584
0.56741047 0.18228926 0.22696769 1129508350231188
0.5673724 0.18227527 0.2269704 1129508354990668
0.56732595 0.18225907 0.22696964 1129508359978788
0.5672803 0.1822355 0.22696127 1129508365085305
0.56724274 0.1822152 0.22695382 1129508370026971
0.5671992 0.18218906 0.22695751 1129508374911660
0.56715333 0.18215735 0.22698085 1129508380127962
0.5671158 0.18212762 0.22701098 1129508385021557
0.5670741 0.18210587 0.22705068 1129508389905671
0.5670335 0.18207821 0.22709018 1129508394853902
0.56699294 0.18205445 0.2271335 1129508399902807
0.5669604 0.18203206 0.22716253 1129508404786403
0.56693697 0.18200435 0.22718303 1129508409816350
0.56692606 0.1819807 0.22718732 1129508414778122
0.5669341 0.18195924 0.22716987 1129508419814320
0.5669615 0.18193205 0.227143 1129508424698748
0.5670043 0.18189771 0.22709702 1129508429704158
0.56706005 0.18186355 0.2270362 1129508434698228
0.56720316 0.18173222 0.226993 1129508454603230
0.56723255 0.18172011 0.22698526 1129508459643490
0.5672559 0.18172722 0.226994 1129508464575523
0.56727904 0.18175048 0.22700481 1129508469696408
0.56730175 0.18177962 0.22700548 1129508474597295
0.56732476 0.18180665 0.2269925 1129508479539847
0.56735003 0.1818339 0.22696297 1129508484581098
0.56736887 0.18185873 0.22692226 1129508489538493
0.56739134 0.18187734 0.22687352 1129508494423547
0.56741756 0.18189861 0.22680853 1129508499417297
0.56744945 0.18192133 0.22673032 1129508504342090
0.5674977 0.18194328 0.22663714 1129508509384954
0.56755775 0.18196084 0.22652826 1129508514852091
0.567606 0.18198018 0.22643714 1129508519364069
0.5676495 0.18200503 0.22635008 1129508524261258
0.5676961 0.18204613 0.22627039 1129508529587768
0.5677292 0.1820774 0.22620715 1129508534545947
0.567757 0.18210708 0.22616257 1129508539250321
0.5677761 0.1821409 0.22613257 1129508544181521
0.56778675 0.1821739 0.22611223 1129508549198604
0.56778985 0.18220223 0.22610182 1129508554313344
0.56780034 0.18224193 0.22608942 1129508559220480
0.5678138 0.18228541 0.22607206 1129508564092148
0.5678369 0.1823292 0.22605075 1129508569237408
0.56788677 0.18236269 0.22601561 1129508574242565
0.5679558 0.18239157 0.22596084 1129508579128242
0.5680476 0.18242148 0.22587799 1129508584112306
0.56829643 0.18243693 0.22564422 1129508594139909
0.5684341 0.1824569 0.22551435 1129508599125640
0.56856877 0.18247604 0.22539388 1129508603923922
0.5687102 0.1825001 0.22528066 1129508608944651
0.5688388 0.18252479 0.22518587 1129508614005850
0.5689521 0.18254338 0.22511631 1129508618899288
0.56904954 0.18256654 0.22507192 1129508623832101
0.56912977 0.1825959 0.22505152 1129508628894497
0.56918925 0.1826303 0.22505517 1129508633861477
0.5692267 0.18266422 0.22507393 1129508638817779
0.5692613 0.1826846 0.22508857 1129508643767364
0.5692966 0.18269673 0.22509861 1129508648782832
0.56931907 0.1827057 0.22510208 1129508653738823
0.56933403 0.18270284 0.22509544 1129508658739604
0.5693437 0.18268774 0.2250831 1129508663670647
0.56934905 0.18266527 0.22507188 1129508668689553
0.5693524 0.1826413 0.22505766 1129508673772523
0.5693525 0.18261565 0.2250523 1129508678653512
0.5693487 0.18258813 0.2250445 1129508683567524
0.5693359 0.1825598 0.22504081 1129508688594867
0.56930774 0.18253887 0.22505113 1129508693608931
0.569269 0.18252653 0.2250833 1129508698573462
0.5692202 0.18252124 0.22512972 1129508703487266
0.56915575 0.18252248 0.2251987 1129508708614974
0.5690909 0.18253174 0.22526924 1129508713469090
0.56902444 0.18254693 0.22535257 1129508718485391
0.56896883 0.18256857 0.22544308 1129508723394768
0.56891996 0.18258585 0.22553992 1129508728442059
0.56889796 0.18260552 0.22562137 1129508733359456
0.5688967 0.18262112 0.22568429 1129508738388935
0.56890863 0.182636 0.22571456 1129508743323051
0.5689402 0.18264495 0.22571796 1129508748343363
0.56898487 0.182659 0.2256996 1129508753276802
0.5690323 0.1826723 0.22567101 1129508758301593
0.56908524 0.18268529 0.22562733 1129508763225084
0.56913674 0.18269067 0.22558905 1129508768259927
0.5691919 0.18269895 0.22557344 1129508773277533
0.5692353 0.18271686 0.22556593 1129508778345345
0.5692691 0.1827316 0.22553176 1129508783237065
0.5693015 0.18273756 0.2254832 1129508788238940
0.56933486 0.18273912 0.22544123 1129508793183308
0.5693658 0.18275917 0.2254084 1129508798261233
0.5693821 0.18278803 0.2253876 1129508803148265
0.5693932 0.18282191 0.22538112 1129508808217171
0.5693938 0.18284623 0.22538888 1129508813150349
0.56937903 0.18286487 0.22541808 1129508818046287
0.5693493 0.18288243 0.2254593 1129508822972850
0.56931305 0.18289725 0.22550888 1129508828006548
0.5692734 0.18291236 0.22555578 1129508832924154
0.56923556 0.18292539 0.22559857 1129508837968841
0.56920904 0.18293928 0.22562389 1129508842943731
0.56918085 0.18296534 0.22564164 1129508847942279
0.5691668 0.18299666 0.22564092 1129508852847958
0.5691662 0.1830261 0.22562382 1129508857870249
0.56917095 0.18305941 0.22559784 1129508862795146
0.5691764 0.1830915 0.22557345 1129508867866083
0.569191 0.18312183 0.2255605 1129508872755564
0.5691991 0.18315376 0.22557023 1129508877789209
0.56920445 0.18318775 0.22560082 1129508882710044
0.5691944 0.18322878 0.22563033 1129508887787544
0.5691797 0.18326385 0.225651 1129508892666607
0.5691559 0.18329886 0.22567561 1129508897695930
0.5691386 0.1833356 0.22570138 1129508902621765
0.569117 0.18337773 0.22573951 1129508907761139
0.56909 0.18341926 0.2257816 1129508912682807
0.5690578 0.18346386 0.22583063 1129508917624734
0.56904095 0.18350938 0.22587997 1129508922551819
0.56902885 0.18355307 0.22593029 1129508927615100
0.56902385 0.18358788 0.2259647 1129508932543018
0.5690237 0.18362752 0.22598164 1129508937555205
0.56902474 0.18366937 0.22597733 1129508942455623
0.56902504 0.18370478 0.22595342 1129508947564789
0.5690264 0.18372135 0.22591566 1129508952408749
0.56902015 0.1837246 0.22587219 1129508957441665
0.5690072 0.18372151 0.22581573 1129508962378906
0.5689828 0.18371397 0.22575724 1129508967902187
0.5689605 0.183709 0.22570781 1129508972352501
0.568939 0.18370198 0.22564614 1129508977367917
0.56891906 0.18368413 0.22557499 1129508982292606
0.56889653 0.18365757 0.2254889 1129508987628595
0.56887156 0.18363988 0.22541592 1129508992375471
0.5688379 0.18361959 0.22535068 1129508997488857
0.56880254 0.18360461 0.22530518 1129509002193129
0.5687521 0.18358971 0.22527212 1129509007486410
0.56868684 0.18357669 0.225255 1129509012236880
0.5685918 0.18355647 0.22526765 1129509017318339
0.56840557 0.18349558 0.22530834 1129509025772557
0.56837577 0.18349127 0.22529876 1129509027204537
0.5682475 0.18344404 0.22530223 1129509032259225
0.5679744 0.18333109 0.22531347 1129509042039331
0.56782794 0.18327273 0.22530414 1129509047368445
0.56770515 0.18322086 0.22529373 1129509051999436
0.56757694 0.18316084 0.2252795 1129509057016258
0.5674654 0.18310097 0.22527741 1129509061940895
0.5673659 0.18304226 0.22529408 1129509067102561
0.56728154 0.18299396 0.22531454 1129509071896156
0.5671926 0.18295677 0.22535707 1129509077174646
0.56711394 0.18293352 0.22540161 1129509081905370
0.5670409 0.18289645 0.22544508 1129509086999126
0.56698346 0.18284757 0.22548082 1129509091822617
0.5669167 0.18279453 0.22552356 1129509096874804
0.5668531 0.18274923 0.22556113 1129509101766003
0.56678253 0.18270583 0.2255988 1129509106882722
0.5667091 0.18266103 0.22563374 1129509111738765
0.5666302 0.18260133 0.22566989 1129509116755118
0.56655276 0.18253696 0.22570443 1129509121682516
0.5664757 0.18246791 0.22574402 1129509126761213
0.5664031 0.18240882 0.22578903 1129509131717256
0.5663312 0.18234836 0.22583582 1129509136670798
0.56626344 0.18228455 0.22587508 1129509141593299
0.5661241 0.1821479 0.22598219 1129509151548300
0.5660703 0.18208386 0.22602305 1129509156590331
0.56603 0.18201984 0.22606239 1129509161509811
0.56599 0.18194719 0.22609805 1129509166717416
0.56595564 0.18188207 0.22612244 1129509171701218
0.5659305 0.1818239 0.22613193 1129509176501322
0.56590295 0.1817614 0.22612873 1129509181419240
0.5658612 0.1816995 0.22612166 1129509186683875
0.56582063 0.18164387 0.22611734 1129509191477054
0.5657648 0.1815724 0.22611701 1129509196416585
0.5656934 0.1814962 0.22611688 1129509201336117
0.5655937 0.18140821 0.22611736 1129509206611378
0.5654807 0.18133937 0.22613683 1129509211340545
0.5653399 0.18126886 0.2261817 1129509216334660
0.5651738 0.18120918 0.22626041 1129509221399348
0.56498283 0.18117584 0.22636396 1129509226394609
0.56476796 0.18115453 0.22649126 1129509231410912
0.5645598 0.18113439 0.22661613 1129509236240026
0.5643406 0.18109892 0.22673999 1129509241308361
0.56391555 0.18107298 0.22697705 1129509251165133
0.56371456 0.18105933 0.22705491 1129509256156903
0.5635203 0.18104021 0.22710133 1129509261091227
0.56332874 0.18101968 0.22712095 1129509266120342
0.56314933 0.18099847 0.22711708 1129509271036124
0.5629656 0.18098514 0.22710255 1129509276157009
0.5627904 0.18096994 0.227083 1129509281044406
0.56261706 0.1809439 0.22706477 1129509286023989
0.5624592 0.18091911 0.22706029 1129509290961960
0.56229746 0.18089043 0.22706412 1129509295977793
0.5621344 0.18086582 0.2270838 1129509300957429
0.56197757 0.1808434 0.22711796 1129509305946648
0.56182796 0.18081418 0.22715738 1129509310873472
0.5616748 0.18077765 0.22719721 1129509315896284
0.56151927 0.18074362 0.22723292 1129509320855713
0.5613604 0.1807089 0.22727276 1129509325854618
0.56120473 0.18067944 0.22731423 1129509330802016
0.5610369 0.18065277 0.22735013 1129509335807328
0.56086975 0.18062586 0.22737305 1129509340753527
0.5606946 0.18059495 0.22738756 1129509345809516
0.5605102 0.18056065 0.22740074 1129509350850611
0.56033236 0.18052514 0.22740763 1129509355856965
0.5601601 0.18048654 0.22741102 1129509360716654
0.5599866 0.18044282 0.22742082 1129509365690872
0.5598178 0.1803928 0.22743124 1129509370664624
0.559671 0.1803519 0.22744118 1129509375639571
0.5595406 0.18032907 0.22745535 1129509380579104
0.55941504 0.18030326 0.22746567 1129509385598062
0.5593122 0.18027134 0.2274662 1129509390529209
0.55924255 0.1802502 0.22746764 1129509395565407
0.5591524 0.1802173 0.22744997 1129509400523689
0.559063 0.18018506 0.22742306 1129509405511293
0.55897826 0.18015856 0.22738567 1129509410429732
0.55888987 0.18013312 0.22734988 1129509415467388
0.5587786 0.18011148 0.22731662 1129509420887493
0.5586807 0.18010686 0.22729456 1129509425424316
0.5585619 0.18009897 0.22728252 1129509430344786
0.5584348 0.18008472 0.22728214 1129509435377025
0.5583046 0.18006846 0.22730091 1129509440336452
0.5581681 0.18007661 0.22733377 1129509445337182
0.55804557 0.18009098 0.22736788 1129509450274319
0.5579228 0.1800927 0.2274042 1129509455421663
0.5578153 0.18007012 0.22743824 1129509460394268
0.5577168 0.1800283 0.22746882 1129509465261559
0.5576223 0.17998439 0.22750296 1129509470173279
0.5575377 0.17994833 0.22753237 1129509475205831
0.55747235 0.17991082 0.22754465 1129509480416770
0.5574313 0.17987414 0.22753559 1129509485164582
0.55739766 0.17983772 0.22750899 1129509490102500
0.55737126 0.17980115 0.22747004 1129509495118594
0.5573331 0.17975843 0.22742246 1129509500269168
0.55729413 0.17971396 0.22737786 1129509505093595
0.557253 0.17967169 0.22734155 1129509510014169
0.55720556 0.17963707 0.22731864 1129509515033491
0.55715036 0.17960124 0.22731392 1129509520028389
0.5570975 0.1795675 0.22732778 1129509524997086
0.55702716 0.17954846 0.22737919 1129509529960941
0.55683696 0.17949654 0.22754098 1129509540146828
0.55675304 0.17947964 0.22760671 1129509545024692
0.556654 0.17946254 0.22767738 1129509549833496
0.55652934 0.17943986 0.22775497 1129509554870631
0.5563949 0.17941603 0.22782211 1129509559818288
0.55624425 0.17939238 0.22788718 1129509564831673
0.55608505 0.17937495 0.22794919 1129509569740998
0.5559176 0.17935152 0.22800225 1129509574776466
0.5557554 0.17931116 0.22803031 1129509579759120
0.55559856 0.17926817 0.22804537 1129509584732300
0.55543965 0.17923059 0.22806138 1129509589671885
0.55527514 0.17918965 0.22806849 1129509594703604
0.55511534 0.17914271 0.22806731 1129509599622716
0.554945 0.17908482 0.22807008 1129509604649177
0.55477476 0.17902118 0.22807267 1129509609574960
0.5545947 0.1789614 0.22807188 1129509614634751
0.55442554 0.17890733 0.2280706 1129509619529388
0.5542582 0.17885447 0.22806266 1129509624572565
0.5540867 0.17879817 0.22805457 1129509629591056
0.55391383 0.1787431 0.22804491 1129509634529910
0.5537267 0.17868735 0.22804676 1129509639504799
0.5535247 0.17863649 0.22805683 1129509644655119
0.5533238 0.17858997 0.22807005 1129509649504131
0.5531054 0.17854643 0.228085 1129509654537099
0.55287784 0.17849874 0.22811706 1129509659527882
0.55264294 0.17845818 0.22815925 1129509664454548
0.55238986 0.17841806 0.22821519 1129509669398917
0.5521319 0.1783756 0.22827783 1129509674362049
0.5518738 0.1783288 0.2283409 1129509679254441
0.55159724 0.17828627 0.22840169 1129509684305383
0.55133444 0.17823952 0.22845143 1129509689243666
0.5510681 0.1781842 0.22849153 1129509694274499
0.5508152 0.17812209 0.22851643 1129509699172152
0.5505539 0.17805335 0.22854084 1129509704233667
0.5502926 0.1779899 0.22856249 1129509709212105
0.55002475 0.17792782 0.22858168 1129509714179240
0.54976255 0.1778625 0.22860633 1129509719088716
0.5494939 0.17778218 0.22864662 1129509724164814
0.5492406 0.1776949 0.22869498 1129509729057003
0.54898864 0.17762566 0.22876337 1129509734093045
0.5487591 0.1775693 0.22883879 1129509739009811
0.5485337 0.17751646 0.2289251 1129509744075077
0.54833394 0.17747651 0.22901319 1129509748986016
0.54814863 0.17744446 0.22909531 1129509754005338
0.54797333 0.1774262 0.22916886 1129509759023204
0.54781586 0.17740741 0.22921935 1129509763987318
0.5476713 0.17737906 0.2292498 1129509768931687
0.547536 0.17732643 0.22925344 1129509774042632
0.5474123 0.17727426 0.22923459 1129509778855862
0.54727536 0.17722318 0.22920491 1129509784039768
0.5471555 0.17717119 0.22916776 1129509788797895
0.5470251 0.17712365 0.2291425 1129509793839457
0.5468931 0.17708243 0.22913152 1129509798771281
0.54674727 0.17705023 0.2291375 1129509803802218
0.5465941 0.17701548 0.22915441 1129509808715188
0.546426 0.17697343 0.2291888 1129509813752375
0.54624456 0.17692427 0.22923045 1129509818744043
0.5460532 0.17687406 0.2292725 1129509823706126
0.5458496 0.17682852 0.22931884 1129509828628315
0.5456322 0.17677763 0.22937095 1129509833665294
0.54542065 0.17672136 0.22942647 1129509838598056
0.5452023 0.17665157 0.22948723 1129509843680660
0.5449956 0.1765633 0.22954033 1129509848550869
0.54478705 0.17644073 0.22959493 1129509853625609
0.5445957 0.17633976 0.22966468 1129509858499308
0.5444055 0.17625865 0.22976005 1129509863535089
0.544235 0.17618443 0.22986203 1129509868472590
0.5440404 0.1761133 0.22998893 1129509873926079
0.5438819 0.17605215 0.23007984 1129509878460976
0.5435096 0.17581454 0.23020612 1129509888560092
0.54335165 0.1756966 0.2302494 1129509893702644
0.54320747 0.17559576 0.23028763 1129509898372326
0.54305685 0.17548558 0.23033302 1129509903364520
0.542922 0.17537093 0.23038408 1129509908303219
0.54262304 0.17517073 0.23051892 1129509918286762
0.54253966 0.17510185 0.23059662 1129509923276970
0.54243886 0.17503682 0.23066457 1129509928203065
0.542326 0.1749742 0.23073633 1129509933175146
0.5422098 0.17492217 0.23080613 1129509938157649
0.5420805 0.17487286 0.23088355 1129509943210097
0.5419331 0.17482312 0.23097442 1129509948114525
0.5417424 0.17476664 0.2310943 1129509953386868
0.54156053 0.17472269 0.23121808 1129509958075672
0.5413457 0.17467223 0.23137094 1129509963108276
0.54113764 0.1746198 0.23152152 1129509968086037
0.5409123 0.17456168 0.23167978 1129509973353433
0.54072326 0.17450948 0.23180018 1129509977988330
0.54052395 0.17445281 0.23191547 1129509983022861
0.54033613 0.17439424 0.23201352 1129509988121352
0.54017454 0.17433533 0.23208901 1129509992999685
0.54001856 0.17427284 0.23215355 1129509998080624
0.5398872 0.1742119 0.23220778 1129510002992186
0.53976625 0.17415355 0.23226477 1129510007859114
0.5396424 0.17409799 0.23232771 1129510012933124
0.53952307 0.1740401 0.23238547 1129510017860157
0.53939605 0.17397818 0.23244879 1129510022877813
0.5392664 0.17392087 0.2325138 1129510027770002
0.53912747 0.1738691 0.23258458 1129510032767654
0.5389934 0.17382278 0.23265287 1129510037729274
0.5388627 0.17377378 0.23271413 1129510042773440
0.53872955 0.17371815 0.23277065 1129510047938441
0.53861547 0.17367084 0.23282447 1129510052761566
0.5385118 0.1736272 0.23287086 1129510057642192
0.5384226 0.17358823 0.23290145 1129510062700734
0.538365 0.1735489 0.23291242 1129510067613651
0.53833026 0.17351553 0.23290679 1129510072592136
0.538315 0.17347997 0.2328862 1129510077536505
0.53832686 0.17344294 0.23283945 1129510082634694
0.53835964 0.17340751 0.23277028 1129510087618133
0.53839016 0.17337419 0.23268774 1129510092667712
0.5384263 0.17334087 0.2326048 1129510097476207
0.5384602 0.17330748 0.23251511 1129510102518081
0.5384946 0.17328168 0.23242763 1129510107441572
0.53852385 0.17326804 0.2323512 1129510112467822
0.53855497 0.17327276 0.2323007 1129510117387094
0.5385817 0.17328854 0.23228252 1129510122431000
0.5385877 0.1733154 0.2322848 1129510127344855
0.5385694 0.1733541 0.23229396 1129510132424595
0.5385245 0.17339052 0.23230319 1129510137316836
0.5384533 0.1734118 0.23230734 1129510142341523
0.53836936 0.17340767 0.23229945 1129510147269545
0.5382649 0.17339227 0.2322806 1129510152293242
0.53815067 0.17338301 0.2322607 1129510157213035
0.5380128 0.17338403 0.23223019 1129510162249441
0.5378612 0.17337443 0.23219429 1129510167195432
0.53768694 0.17335913 0.23215094 1129510172382463
0.5375199 0.17335537 0.23211314 1129510177127673
0.5373268 0.17334653 0.23208012 1129510182174131
0.53712296 0.17332639 0.23206107 1129510187194965
0.5369034 0.17330267 0.23207043 1129510192231215
0.53667504 0.17326348 0.23211229 1129510197044237
0.5364156 0.173214 0.23219088 1129510202124810
0.5361507 0.17317627 0.2322802 1129510206999082
0.5358605 0.17313348 0.23237404 1129510212032363
0.5355732 0.17309093 0.23244818 1129510216965541
0.5352935 0.1730421 0.23249775 1129510222008458
0.5350403 0.17298631 0.23251244 1129510226929657
0.53480405 0.17293103 0.23250178 1129510231974657
0.53459084 0.17288104 0.23246288 1129510236875127
0.5343778 0.17282571 0.23240581 1129510241959449
0.53417945 0.17276783 0.23235404 1129510246884971
0.5339773 0.17270479 0.23230311 1129510251860284
0.53377193 0.17263417 0.2322503 1129510256781795
0.5335517 0.17256016 0.23220539 1129510261816951
0.53331894 0.17248718 0.23217604 1129510266800963
0.5330537 0.1724129 0.23216337 1129510271898254
0.5327826 0.1723355 0.23216565 1129510276804922
0.5325006 0.17224862 0.23217858 1129510281775339
0.53222954 0.17217259 0.23219715 1129510286655913
0.53193986 0.17209543 0.23223051 1129510291738048
0.5316496 0.17201805 0.23227364 1129510296714299
0.5313231 0.17194846 0.23231657 1129510301647632
0.53084 0.17187016 0.23233609 1129510307307164
0.53049463 0.17175056 0.23231775 1129510311580076
0.5301171 0.17154308 0.2323175 1129510316845967
0.5297961 0.17139266 0.23236993 1129510321576691
0.52943474 0.17127198 0.23248926 1129510326867791
0.52911395 0.171212 0.23263268 1129510331461647
0.52873725 0.17114994 0.23280253 1129510336550969
0.5283791 0.17106009 0.2329467 1129510341431752
0.52799517 0.1709501 0.23309165 1129510346717324
0.5276695 0.17086491 0.23322228 1129510351378003
0.527292 0.17079331 0.23336947 1129510356422117
0.5268159 0.17075218 0.2334934 1129510361331389
0.52633196 0.17062742 0.23357527 1129510366546441
0.5259455 0.17038645 0.2335837 1129510371301755
0.5255618 0.17015761 0.23362987 1129510376443577
0.5252418 0.17006448 0.23373266 1129510381250349
0.52496827 0.17001018 0.2338803 1129510386608787
0.5248014 0.16997328 0.23400947 1129510391301444
0.5246336 0.1699161 0.23411094 1129510396381392
0.5245144 0.1698327 0.23414277 1129510401165403
0.52441573 0.16972643 0.23413967 1129510406381236
0.524359 0.16965647 0.23411468 1129510411115873
0.5243012 0.16959083 0.23408371 1129510416475092
0.5242556 0.16953649 0.23406893 1129510421072124
0.52419305 0.1694702 0.23406439 1129510426135197
0.5241239 0.16940401 0.2340706 1129510431038844
0.5240222 0.16934587 0.2340941 1129510436061969
0.52390796 0.16929622 0.23412628 1129510440994210
0.5237644 0.16924208 0.23417222 1129510446262647
0.52362466 0.16919588 0.23421717 1129510450965981
0.52346206 0.16913895 0.23427318 1129510455980616
0.52330244 0.16907112 0.23432742 1129510460914212
0.5231366 0.16899143 0.23439732 1129510465992961
0.5229861 0.16892238 0.23447382 1129510470891660
0.52285075 0.16885427 0.23455259 1129510475889629
0.5227381 0.1687887 0.23462334 1129510480832963
0.5226346 0.16871166 0.23468938 1129510485908015
0.5225468 0.1686387 0.23474525 1129510490774319
0.5224597 0.16856502 0.23480572 1129510495806402
0.52237034 0.16850261 0.23486832 1129510500741820
0.52226424 0.16845281 0.23493673 1129510505829788
0.5221492 0.16840625 0.23500702 1129510510702654
0.5220148 0.16834882 0.23508066 1129510515719633
0.52186567 0.16829367 0.23514745 1129510520641405
0.5216983 0.16822512 0.23520301 1129510525669842
0.52152663 0.16815794 0.23525123 1129510530644732
0.5213524 0.16810021 0.23529106 1129510535638906
0.5211814 0.16805352 0.2353203 1129510540553230
0.52100617 0.16799842 0.235338 1129510545589584
0.5208259 0.1679289 0.23535283 1129510550589273
0.5206325 0.16786967 0.23536935 1129510555549324
0.52043223 0.16781841 0.23538679 1129510560474221
0.5202267 0.16776347 0.23541331 1129510565504013
0.52001095 0.16770342 0.23544098 1129510570425993
0.51968557 0.167658 0.23546141 1129510575470055
0.5192742 0.16754986 0.23541239 1129510580388963
0.5188987 0.16729984 0.23531133 1129510585414119
0.5185597 0.16707449 0.23526913 1129510590342297
0.5182076 0.16697535 0.23533222 1129510595373495
0.5178839 0.1669733 0.2354762 1129510600324746
0.5175916 0.16698417 0.23567878 1129510605592767
0.5173491 0.16697846 0.23585077 1129510610255424
0.5170874 0.16694662 0.23598447 1129510615315789
0.5168747 0.1669018 0.23606126 1129510620210634
0.5166806 0.1668632 0.23612079 1129510625310321
0.51651615 0.16684501 0.23617348 1129510630167197
0.5163458 0.16681431 0.23623152 1129510635210686
0.5161959 0.1667668 0.23629048 1129510640135844
0.5160585 0.16669478 0.23634224 1129510645185844
0.51593196 0.16662599 0.23639303 1129510650079126
0.51580054 0.16655199 0.23644498 1129510655158813
0.51567525 0.16648239 0.23649809 1129510660070950
0.51554227 0.16642243 0.23655415 1129510665072356
0.5154106 0.16636105 0.23660822 1129510670009337
0.5152724 0.16628273 0.23666258 1129510675031420
0.5151316 0.1661981 0.23672219 1129510679956004
0.51497424 0.16610329 0.23680213 1129510684989389
0.51481485 0.1660054 0.23690587 1129510689910641
0.5146399 0.16589573 0.23703355 1129510694964755
0.51446265 0.16579355 0.2371685 1129510699901423
0.51428735 0.1656857 0.23731378 1129510704901527
0.5141453 0.16558425 0.2374615 1129510709824497
0.51394075 0.16547672 0.23759073 1129510714870642
0.51363957 0.16540563 0.23767544 1129510719803508
0.5133213 0.16528682 0.23771438 1129510724854862
0.5130802 0.16513412 0.23776075 1129510729742155
0.5128611 0.16501048 0.2378742 1129510734773665
0.51266545 0.16495286 0.23805526 1129510739770906
0.51245785 0.16495459 0.23827124 1129510744740801
0.51224494 0.1649448 0.23847224 1129510749665542
0.5120374 0.16488881 0.23865286 1129510754689344
0.51182705 0.16480109 0.23882683 1129510760033877
0.51165295 0.16473748 0.23897351 1129510764656272
0.51148504 0.16467007 0.23913607 1129510769580701
0.51132077 0.16459574 0.23930298 1129510774598721
0.5111675 0.16451672 0.23946455 1129510779572262
0.51101536 0.16442898 0.23962192 1129510784559035
0.5108704 0.16433938 0.23977897 1129510789566119
0.5107279 0.16426963 0.23994975 1129510794522004
0.5105787 0.16420768 0.24013834 1129510799641797
0.5104404 0.16415577 0.24032006 1129510804525078
0.51030594 0.16410089 0.2405031 1129510809458152
0.51017725 0.16404915 0.24067456 1129510814424819
0.5100382 0.16399994 0.24084505 1129510819698987
0.5099057 0.16396546 0.24099025 1129510824437320
0.50975895 0.16393581 0.24114248 1129510829381689
0.50960183 0.1639048 0.24129675 1129510834387099
0.5094389 0.16388829 0.24145874 1129510839331468
0.5092714 0.16389468 0.24162978 1129510844302113
0.5090962 0.16392528 0.2418121 1129510849240188
0.5089093 0.1639569 0.24201359 1129510854258208
0.50871384 0.16397761 0.24223372 1129510859196178
0.50848746 0.16399372 0.24248585 1129510864292011
0.50826246 0.16401407 0.24273919 1129510869137846
0.50801086 0.1640171 0.24301612 1129510874200762
0.50774664 0.16400498 0.24330072 1129510879322795
0.5074761 0.16398567 0.24355336 1129510884129670
0.5070596 0.1639946 0.24375938 1129510889124046
0.506604 0.16393793 0.24387416 1129510894083993
0.5062372 0.16379474 0.24394815 1129510899038578
0.5059166 0.16366328 0.24405482 1129510904041807
0.5056252 0.1636072 0.24421515 1129510908964412
0.5053498 0.16360268 0.24442028 1129510913998787
0.5050795 0.16361037 0.24462357 1129510919169570
0.5048595 0.16358618 0.24475566 1129510923959048
0.5046621 0.1635266 0.2448372 1129510928908841
0.5044851 0.1634699 0.24488717 1129510933922227
0.5043456 0.1634141 0.2449177 1129510938836030
0.5042286 0.16335301 0.24494222 1129510943913217
0.50412166 0.16329086 0.24496444 1129510948799937
0.50400513 0.1632166 0.2449824 1129510953825822
0.50387746 0.16315396 0.24500085 1129510958755147
0.50361586 0.16313568 0.24500911 1129510963786917
0.5032872 0.1630913 0.24497308 1129510968721606
0.50301033 0.16297089 0.24493536 1129510973773637
0.50278544 0.16286685 0.2449631 1129510978666711
0.50255775 0.16280381 0.24507664 1129510983873794
0.50235903 0.16279407 0.2452317 1129510988625202
0.5021369 0.16281825 0.24542236 1129510993692806
0.5019346 0.162839 0.24559607 1129510998824942
0.5017727 0.16283326 0.24572456 1129511003638692
0.5016177 0.16281214 0.24582684 1129511008790308
0.5014889 0.16279046 0.24589673 1129511013738328
0.5013825 0.16276492 0.24594963 1129511018551402
0.50126624 0.16272165 0.24599741 1129511023780204
0.50117004 0.16267174 0.24603479 1129511028628591
0.5010781 0.16260438 0.24607526 1129511033621195
0.50099355 0.1625325 0.24610895 1129511038440050
0.500905 0.16244732 0.24614938 1129511043475981
0.5007777 0.16238406 0.2461776 1129511048362499
0.5005482 0.16231659 0.24615115 1129511053397291
0.50036347 0.16217123 0.24607389 1129511058319427
0.50024426 0.16199312 0.24600436 1129511063359635
0.500133 0.16188477 0.2460124 1129511068350887
0.4999556 0.16186371 0.2460907 1129511073312657
0.4997634 0.16185232 0.24621053 1129511078237086
0.4995208 0.1617658 0.24634795 1129511083289064
0.4992629 0.16163447 0.2465116 1129511088192295
0.4989534 0.16148955 0.24669261 1129511093293649
0.498622 0.16138463 0.24689092 1129511098151775
0.49824923 0.16131306 0.24711572 1129511103179379
0.4977748 0.1612647 0.2473261 1129511108119849
0.4971804 0.16114594 0.2474819 1129511113215734
0.49663812 0.16088916 0.24757807 1129511118076308
0.49606794 0.16055062 0.24768966 1129511123100683
0.4954588 0.16031934 0.24787511 1129511128020059
0.4948156 0.16020319 0.24812631 1129511133063705
0.49420214 0.16011274 0.24838826 1129511138090946
0.49363106 0.15997238 0.24861518 1129511143059383
0.49311545 0.15978928 0.24880233 1129511147948603
0.49260822 0.15958619 0.24896698 1129511153225738
0.4921879 0.15940095 0.24906725 1129511158044802
0.49178946 0.15919766 0.2491296 1129511162941260
0.49140868 0.1590469 0.24918562 1129511167884126
0.491063 0.15892226 0.24921913 1129511172917875
0.49076855 0.15881285 0.24923727 1129511177803606
0.49050304 0.15869145 0.24925418 1129511182848814
0.49027485 0.15857944 0.24928065 1129511187772982
0.4897114 0.15839405 0.24941859 1129511197759024
0.48944375 0.15832256 0.24949688 1129511202779858
0.48917216 0.15825403 0.24957438 1129511207688869
0.48885006 0.15817909 0.24966852 1129511213058973
0.4885773 0.15813018 0.24976555 1129511217633349
0.48826888 0.15807958 0.24988937 1129511222666109
0.4879201 0.15804532 0.25000754 1129511227587934
0.4874406 0.15801123 0.2500979 1129511232887360
0.48705623 0.15793286 0.25013793 1129511237544758
0.48669386 0.15782046 0.25018674 1129511242610747
0.48636734 0.15774387 0.25026467 1129511247566634
0.48607537 0.15771177 0.250377 1129511252572044
0.48582643 0.15771875 0.25050202 1129511257516413
0.48559228 0.15771733 0.25061318 1129511262552344
0.4854038 0.15767525 0.25068215 1129511267431011
0.48523593 0.15761447 0.2507389 1129511272402258
0.4850917 0.15756777 0.25080004 1129511277346627
0.48496225 0.15752766 0.2508757 1129511282426220
0.48485908 0.15749186 0.25097218 1129511287366065
0.4847565 0.15745208 0.25108144 1129511292486377
0.48466933 0.15741304 0.25118843 1129511297299295
0.4845664 0.15738201 0.25130934 1129511302324607
0.48439413 0.15738617 0.2514163 1129511307264765
0.48415175 0.15738048 0.25148168 1129511312282316
0.4839549 0.15730591 0.25152183 1129511317222578
0.4838021 0.15723477 0.25158885 1129511322300703
0.48367482 0.15722051 0.25168702 1129511327170079
0.4835831 0.15721133 0.25181243 1129511332225495
0.48354107 0.15717892 0.25190932 1129511337120965
0.48350966 0.15717503 0.25200468 1129511342153882
0.48350748 0.15721256 0.2520907 1129511347078571
0.48354554 0.1572501 0.25215304 1129511352373779
0.4836409 0.15729463 0.25219733 1129511357196065
0.4837352 0.1573152 0.25221267 1129511362231996
0.4838354 0.15732934 0.25220978 1129511366994510
0.4838888 0.1573549 0.25217643 1129511372030864
0.48392254 0.15735717 0.25211513 1129511377037897
0.48398128 0.15732886 0.25205764 1129511381998157
0.48404583 0.15732041 0.25204584 1129511386911856
0.48411667 0.15735196 0.25208446 1129511391973887
0.48417062 0.15742686 0.25215116 1129511396866701
0.4842012 0.15750374 0.25223106 1129511401921804
0.48423323 0.15755932 0.2523072 1129511406824462
0.48425835 0.15760833 0.25238463 1129511411884045
0.4842633 0.15765403 0.25245377 1129511416783578
0.48425227 0.15770377 0.25251445 1129511421822327
0.48424014 0.15774445 0.25255293 1129511426728422
0.48423174 0.1577653 0.25256994 1129511432002484
0.48424557 0.1577653 0.25256407 1129511436704569
0.48427418 0.15775181 0.2525232 1129511441771600
0.48432294 0.15774219 0.2524584 1129511446662122
0.48438337 0.15773754 0.25238732 1129511451771549
0.48444945 0.15773264 0.25230888 1129511456607019
0.484514 0.15771712 0.25222552 1129511461751290
0.4845659 0.15769252 0.2521519 1129511466577333
0.4846081 0.15766509 0.25208548 1129511471738061
0.48463824 0.15764669 0.25205025 1129511476656396
0.48465654 0.15762305 0.252028 1129511481631285
0.48467007 0.15758663 0.2520187 1129511486491605
0.48467264 0.15754534 0.25201687 1129511491571865
0.48467505 0.15751077 0.2520208 1129511496429471
0.48467723 0.15747628 0.2520339 1129511501467387
0.484679 0.15743783 0.25205058 1129511506416711
0.48467228 0.15739837 0.25206354 1129511511430409
0.48465112 0.15737051 0.25208074 1129511516349160
0.4846175 0.15734434 0.25210276 1129511521383795
0.4845718 0.15731709 0.2521396 1129511526310984
0.48450375 0.15728396 0.2521962 1129511531345255
0.48442525 0.15724736 0.25227106 1129511536271767
0.48433536 0.15722945 0.2523654 1129511541303120
0.48423332 0.15718336 0.2524662 1129511546237080
0.48412538 0.15704788 0.25253946 1129511551304319
0.48393756 0.15693535 0.25261256 1129511556186508
0.4836981 0.15686397 0.25267953 1129511561204737
0.48352292 0.15677786 0.2527498 1129511566197082
0.4833999 0.15670387 0.2528542 1129511571173488
0.48327658 0.15666988 0.2529882 1129511576090312
0.48314622 0.15663771 0.2531178 1129511581253697
0.48305216 0.15658243 0.2532387 1129511586273907
0.48298356 0.15651894 0.25335082 1129511591106407
0.48293528 0.15646061 0.25346008 1129511596016668
0.48290265 0.15641628 0.2535748 1129511601110210
0.48288888 0.1563897 0.25369158 1129511605979273
0.48288646 0.15635698 0.25381094 1129511611002659
0.4828702 0.1562746 0.2540554 1129511621043962
0.48287737 0.15626386 0.25418523 1129511625909119
0.48288772 0.15625986 0.2543164 1129511630961307
0.48289868 0.156255 0.25442725 1129511635832193
0.48291475 0.15625107 0.25452903 1129511640871307
0.48295677 0.15624501 0.25462213 1129511646269746
0.4829975 0.15625015 0.25469565 1129511650831933
0.48304647 0.15625681 0.2547792 1129511655742820
0.4831019 0.15626392 0.25486928 1129511660775111
0.48314613 0.15626927 0.254964 1129511665902092
0.48317245 0.1562703 0.25505444 1129511670736362
0.48319092 0.15626656 0.25515038 1129511675692353
0.48320603 0.15626174 0.25525755 1129511680702822
0.4832135 0.15625721 0.25536776 1129511685875011
0.48320764 0.15626284 0.25549012 1129511690766364
0.4831329 0.15625957 0.2557338 1129511700606157
0.4830713 0.15627804 0.2558784 1129511705775325
0.4830006 0.15630774 0.25601214 1129511710574231
0.4829241 0.15634131 0.25614676 1129511715529336
0.48283297 0.15637489 0.25627956 1129511720565013
0.48272386 0.15641433 0.25640443 1129511725687046
0.48261166 0.15647447 0.2565138 1129511730488452
0.48250753 0.15656139 0.25661105 1129511735411005
0.48245615 0.15662326 0.25667995 1129511740472255
0.48249137 0.15660736 0.2566812 1129511745343555
0.482608 0.15664437 0.25666326 1129511750430485
0.48318845 0.15691829 0.25643325 1129511760396371
0.48352364 0.1570598 0.25628206 1129511765247881
0.48389897 0.1572048 0.256087 1129511770316581
0.48423374 0.15732649 0.25588006 1129511775284499
0.4845304 0.15744497 0.25569025 1129511780264915
0.4847945 0.15760039 0.25555077 1129511785228718
0.48504212 0.15778708 0.25545493 1129511790228197
0.48528513 0.15795684 0.25538325 1129511795156219
0.48553482 0.15807962 0.2553091 1129511800179552
0.48578316 0.15817465 0.2552345 1129511805128148
0.4860184 0.1582709 0.25515324 1129511810136064
0.48622224 0.1583822 0.25507358 1129511815059919
0.4863988 0.1584939 0.25499955 1129511820100492
0.48653284 0.15857467 0.25494716 1129511825040593
0.48661187 0.15862812 0.25492057 1129511830047837
0.4866424 0.15865749 0.25492278 1129511834973619
0.48661274 0.1586572 0.25495782 1129511840017421
0.48653308 0.1586306 0.25502443 1129511845105079
0.4864171 0.15858561 0.25511906 1129511849996693
0.48626563 0.15852572 0.25523627 1129511854916902
0.48608524 0.15845661 0.25536957 1129511859918881
0.48588535 0.15837477 0.2555175 1129511865039976
0.4856948 0.15828164 0.25566518 1129511869904039
0.48549503 0.15816773 0.255823 1129511874982477
0.48531145 0.15805002 0.25597087 1129511879994196
0.48515362 0.15794216 0.25609353 1129511884765442
0.48500302 0.15783282 0.2561923 1129511889793311
0.48486623 0.15770638 0.2562701 1129511894727740
0.48474452 0.15757398 0.25632355 1129511899764042