
-0.49814096 9.712166 1.2633607 1129634178263671
-0.49584225 9.712165 1.2642709 1129634183181171
-0.49366608 9.7121525 1.265217 1129634188205912
-0.49183828 9.712122 1.266169 1129634193127422
-0.49035478 9.712017 1.2675457 1129634198116330
-0.48919415 9.711864 1.2691568 1129634203082475
-0.4884927 9.711651 1.2710593 1129634208035497
-0.4881624 9.711402 1.2730873 1129634213057737
-0.4881545 9.711141 1.2750874 1129634218014405
-0.4885274 9.710871 1.2769958 1129634223010290
-0.4890579 9.710603 1.2788283 1129634227937322
-0.4896392 9.710338 1.2806157 1129634232983207
-0.49010542 9.710123 1.2820675 1129634238017740
-0.49037755 9.709984 1.2830153 1129634243058052
-0.49046844 9.709909 1.283546 1129634247849772
-0.4905363 9.709901 1.2835858 1129634252870501
-0.49068567 9.709929 1.2833121 1129634257917690
-0.49106628 9.709969 1.282873 1129634262828314
-0.4917499 9.710058 1.2819271 1129634267756493
-0.49271196 9.710204 1.2804569 1129634272885763
-0.49384513 9.710352 1.278897 1129634277724463
-0.4950805 9.710518 1.2771537 1129634282878369
-0.4963326 9.710716 1.2751611 1129634287802380
-0.49761304 9.710926 1.2730654 1129634292794776
-0.49909973 9.711159 1.2707046 1129634297998944
-0.5007133 9.711384 1.2683426 1129634302736652
-0.5024426 9.711659 1.2655488 1129634307706132
-0.504288 9.711963 1.262484 1129634312614517
-0.506445 9.712277 1.2591959 1129634317587119
-0.5086404 9.712594 1.2558609 1129634322573216
-0.5110391 9.712859 1.2528341 1129634327506707
-0.51344997 9.713085 1.2500969 1129634332531915
-0.51567084 9.713223 1.2481064 1129634337498375
-0.5179862 9.713254 1.2469081 1129634342515770
-0.5201671 9.713215 1.246305 1129634347418897
-0.5222194 9.713129 1.2461141 1129634352443948
-0.5240031 9.71301 1.246295 1129634357376814
-0.5258432 9.712879 1.2465419 1129634362414314
-0.52768505 9.712741 1.2468374 1129634367338378
-0.52930945 9.712595 1.2472845 1129634372359419
-0.5306632 9.712466 1.2477149 1129634377298952
-0.5318635 9.712359 1.2480358 1129634382330983
-0.53296095 9.712286 1.2481354 1129634387237599
-0.5340599 9.712248 1.2479664 1129634392282286
-0.53496355 9.71224 1.2476369 1129634397206870
-0.53565 9.71228 1.2470285 1129634402229162
-0.53604084 9.71233 1.2464744 1129634407155361
-0.53624016 9.712352 1.2462122 1129634412254267
-0.5363571 9.712364 1.2460743 1129634417101612
-0.5365163 9.712366 1.2459862 1129634422153018
-0.5366139 9.712352 1.2460569 1129634427059686
-0.5367492 9.712334 1.2461331 1129634432124842
-0.53705305 9.712319 1.2461185 1129634437036510
-0.537407 9.712285 1.2462345 1129634442165624
-0.5376131 9.712222 1.2466354 1129634447093438
-0.53759754 9.71216 1.2471225 1129634452149323
-0.5375031 9.712104 1.2476043 1129634457038178
-0.5371124 9.712072 1.2480135 1129634462121772
-0.53642493 9.712091 1.2481652 1129634466900784
-0.5355149 9.712113 1.2483846 1129634472011148
-0.53446853 9.712164 1.2484393 1129634476839482
-0.53332186 9.712206 1.2486053 1129634482127555
-0.5324208 9.712218 1.2488911 1129634486961358
-0.5315714 9.712183 1.2495327 1129634492041775
-0.5308894 9.712076 1.2506453 1129634496971776
-0.5303707 9.711923 1.2520597 1129634501806567
-0.5298881 9.711728 1.2537758 1129634506897194
-0.5295122 9.711517 1.2555653 1129634512316933
-0.5293672 9.711347 1.2569455 1129634516873497
-0.5292248 9.711171 1.2583574 1129634521719486
-0.52878004 9.710985 1.259976 1129634526879540
-0.5280105 9.710837 1.2614383 1129634531819225
-0.52697635 9.710727 1.2627227 1129634536600895
-0.52586395 9.710614 1.2640553 1129634541634436
-0.52484655 9.710553 1.2649376 1129634546582250
-0.52417874 9.710499 1.2656413 1129634551557139
-0.52377796 9.710466 1.2660547 1129634556577147
-0.52363944 9.710421 1.2664615 1129634561604490
-0.5236973 9.710362 1.266885 1129634566501731
-0.5239531 9.7103 1.2672515 1129634571534698
-0.52434415 9.710209 1.2677941 1129634576432149
-0.52477527 9.710101 1.268437 1129634581576107
-0.5254007 9.710012 1.2688588 1129634586391473
-0.5260469 9.709954 1.2690395 1129634591630170
-0.52641743 9.709952 1.2688981 1129634596364859
-0.5268302 9.709994 1.2684013 1129634601369859
-0.5272136 9.710067 1.2676927 1129634606302568
-0.5275857 9.71017 1.2667495 1129634611624964
-0.52786034 9.710283 1.2657613 1129634616269601
-0.5279982 9.710455 1.2643788 1129634621397725
-0.528052 9.7106085 1.2631812 1129634626393977
-0.5281967 9.710749 1.2620448 1129634631280797
-0.52854764 9.710902 1.2607167 1129634636234446
-0.5290874 9.711032 1.2594901 1129634641287311
-0.52970356 9.711132 1.2584597 1129634646242104
-0.53030354 9.711149 1.2580743 1129634651384082
-0.5308293 9.711091 1.2582982 1129634656120750
-0.5313258 9.710993 1.2588453 1129634661120594
-0.5316477 9.710849 1.2598261 1129634666045803
-0.5320512 9.710672 1.2610148 1129634671131637
-0.532553 9.710513 1.2620237 1129634675992263
-0.5331592 9.710361 1.2629452 1129634681043408
-0.5339454 9.710227 1.2636347 1129634685951951
-0.53486514 9.710151 1.2638369 1129634691203982
-0.53588784 9.710138 1.2634984 1129634695906588
-0.53701484 9.710174 1.2627484 1129634700946587
-0.53817946 9.710259 1.2615944 1129634705863255
-0.5395271 9.710386 1.2600389 1129634710909870
-0.5408938 9.710527 1.258361 1129634715832996
-0.5421861 9.710685 1.2565904 1129634720855496
-0.5430807 9.710829 1.2550892 1129634725778726
-0.54350275 9.710969 1.2538266 1129634730820965
-0.5437067 9.711066 1.2529821 1129634735751123
-0.54390514 9.711125 1.2524377 1129634740826487
-0.5440537 9.711145 1.2522196 1129634745694665
-0.54420704 9.711138 1.2522087 1129634750727269
-0.5445776 9.71107 1.2525737 1129634755650344
-0.5449198 9.710942 1.2534127 1129634760698312
-0.54531646 9.71077 1.2545795 1129634765608990
-0.54578054 9.710575 1.2558862 1129634770665865
-0.54617774 9.7103815 1.2572076 1129634775568158
-0.54660976 9.710212 1.2583264 1129634780728731
-0.5471011 9.710066 1.259245 1129634785720294
-0.5473518 9.709937 1.2601236 1129634790685659
-0.54743975 9.70983 1.2609076 1129634795838004
-0.547423 9.709727 1.2617084 1129634800628160
-0.54731315 9.709614 1.2626312 1129634805440088
-0.5469083 9.709518 1.2635417 1129634811023994
-0.54657096 9.709431 1.2643564 1129634815544256
-0.5460361 9.709335 1.2653242 1129634820434151
-0.5454773 9.709252 1.2661977 1129634825488892
-0.54475933 9.709152 1.2672783 1129634830515975
-0.54393864 9.709039 1.2684978 1129634835432904
-0.54286873 9.708925 1.2698172 1129634840535507
-0.5418642 9.708811 1.2711244 1129634845283321
-0.54088974 9.708688 1.2724798 1129634850437644
-0.5399124 9.708556 1.2738978 1129634855354624
-0.53882885 9.70841 1.2754648 1129634860498635
-0.537651 9.708318 1.2766702 1129634865352594
-0.5363113 9.708268 1.2776088 1129634870216812
-0.5349853 9.708241 1.278369 1129634875235355
-0.5337879 9.708216 1.2790598 1129634880209522
-0.53282344 9.708168 1.2798299 1129634885085721
-0.5317221 9.708092 1.2808666 1129634890277908
-0.53041273 9.708012 1.2820094 1129634895055514
-0.52869385 9.707934 1.2833085 1129634900177128
-0.52691305 9.707849 1.2846862 1129634905022546
-0.52505136 9.707733 1.2863265 1129634910045983
-0.52297586 9.707574 1.2883675 1129634915020873
-0.5202277 9.707368 1.2910278 1129634920012963
-0.5169076 9.7070875 1.2944641 1129634925496713
-0.5146436 9.70688 1.2969272 1129634929931611
-0.51249486 9.706678 1.2992804 1129634935067288
-0.51080096 9.706538 1.3009946 1129634939884841
-0.50888574 9.706448 1.3024203 1129634945299372
-0.5072692 9.706421 1.3032541 1129634949883175
-0.50538903 9.706396 1.3041674 1129634954862394
-0.5031693 9.7064 1.3049946 1129634959771822
-0.50064325 9.706428 1.3057617 1129634964823903
-0.4979033 9.706448 1.3066566 1129634969742292
-0.49491042 9.706426 1.3079563 1129634974887083
-0.49209848 9.7063465 1.3096038 1129634979711355
-0.4892875 9.706196 1.3117774 1129634984808327
-0.48685867 9.705998 1.314134 1129634989768231
-0.4845486 9.70577 1.3166753 1129634994702919
-0.4824466 9.7055435 1.3191173 1129634999614222
-0.48023644 9.705277 1.3218772 1129635004848284
-0.47813788 9.70501 1.3245901 1129635009643390
-0.4756841 9.7047205 1.3275979 1129635014766983
-0.47299466 9.704469 1.3303958 1129635019581099
-0.4699029 9.704214 1.3333454 1129635024830734
-0.4670764 9.703999 1.3359011 1129635029666881
-0.46424583 9.703832 1.3381044 1129635034538287
-0.46141022 9.703718 1.3399031 1129635039446934
-0.4586304 9.703622 1.3415567 1129635044427713
-0.45578545 9.703531 1.343177 1129635049402603
-0.45261785 9.703513 1.3443793 1129635054490164
-0.449378 9.703561 1.345129 1129635059362561
-0.44589216 9.703668 1.3455105 1129635064452873
-0.44242117 9.703794 1.3457489 1129635069539021
-0.43888974 9.703889 1.3462212 1129635074522354
-0.4345274 9.704031 1.3466134 1129635079272199
-0.42856398 9.7043 1.3465794 1129635084517355
-0.42367113 9.70456 1.3462529 1129635089235377
-0.41923335 9.7048435 1.3456066 1129635094400324
-0.4157364 9.705138 1.3445572 1129635099327774
-0.41237766 9.705485 1.3430859 1129635104426940
-0.40938774 9.705802 1.3417172 1129635109310952
-0.40635145 9.706052 1.3408269 1129635114169389
-0.40290824 9.706274 1.3402627 1129635119140432
-0.39927652 9.706404 1.3404107 1129635124169286
-0.39561063 9.706466 1.3410494 1129635129063766
-0.3915046 9.706478 1.3421645 1129635134078193
-0.386947 9.706403 1.344031 1129635139006423
-0.3819621 9.706275 1.3463736 1129635144048194
-0.3770406 9.706091 1.3490831 1129635148969758
-0.37166435 9.705831 1.3524452 1129635153994080
-0.36613116 9.705572 1.3558077 1129635158920852
-0.36058682 9.705339 1.3589553 1129635163960904
-0.3556116 9.7051325 1.3617392 1129635168881322
-0.35088944 9.704969 1.3641268 1129635173907520
-0.3464117 9.704957 1.3653609 1129635178837625
-0.33772233 9.7054615 1.3639505 1129635188803303
-0.33356252 9.705855 1.3621646 1129635193837001
-0.3292163 9.706351 1.3596847 1129635198749711
-0.3242393 9.706911 1.3568816 1129635203808512
-0.31891653 9.707452 1.354273 1129635208873305
-0.31362006 9.707907 1.352245 1129635213738253
-0.30804807 9.708275 1.3508887 1129635218672681
-0.30167902 9.708574 1.3501685 1129635224060650
-0.29638025 9.708727 1.3502476 1129635228723412
-0.29054224 9.708725 1.3515296 1129635233790703
-0.28519404 9.708515 1.3541769 1129635238630027
-0.2801936 9.708092 1.3582481 1129635243655131
-0.27579907 9.707538 1.3631011 1129635248549403
-0.27162874 9.706884 1.36858 1129635253568413
-0.2678161 9.706209 1.3741033 1129635258504456
-0.26409552 9.705544 1.3795093 1129635263534612
-0.26033875 9.70498 1.3841861 1129635268462061
-0.25621194 9.704559 1.3879043 1129635273510290
-0.25207937 9.704312 1.3903866 1129635278430396
-0.24793011 9.704196 1.391937 1129635283447322
-0.24389447 9.704234 1.3923872 1129635288378417
-0.2397595 9.704429 1.3917469 1129635293405813
-0.23575725 9.704773 1.3900332 1129635298331231
-0.23162049 9.705205 1.3877095 1129635303410710
-0.22778097 9.70565 1.3852235 1129635308290815
-0.22414435 9.706067 1.3828974 1129635313318107
-0.22113985 9.706379 1.3811928 1129635318236025
-0.21835923 9.706571 1.3802882 1129635323307847
-0.215576 9.706611 1.3804439 1129635328307536
-0.21254049 9.706515 1.3815848 1129635333246182
-0.20906837 9.706295 1.3836607 1129635338158422
-0.20521891 9.705933 1.386775 1129635343283839
-0.20133202 9.705471 1.3905737 1129635348152017
-0.19697544 9.704948 1.3948338 1129635353148111
-0.19214599 9.704393 1.3993666 1129635358585922
-0.18848269 9.703984 1.4026937 1129635363044935
-0.18433832 9.7035885 1.4059784 1129635368101810
-0.18002239 9.703279 1.4086754 1129635373191551
-0.1756398 9.703115 1.4103509 1129635378443790
-0.17213929 9.703116 1.4107726 1129635382959781
-0.16844179 9.703288 1.410041 1129635387991291
-0.16490737 9.703613 1.4082212 1129635393268168
-0.16185464 9.704016 1.4057978 1129635398160094
-0.1588133 9.704472 1.4029937 1129635402884887
-0.1557062 9.70497 1.3998874 1129635407902751
-0.15287031 9.705425 1.3970457 1129635412843847
-0.15015864 9.705842 1.3944422 1129635418160930
-0.14803883 9.706126 1.3926907 1129635422812337
-0.1460596 9.706345 1.3913766 1129635427826816
-0.14440359 9.706497 1.3904874 1129635432758119
-0.1427859 9.706594 1.3899761 1129635437959473
-0.1413991 9.706668 1.3896034 1129635442702756
-0.13982522 9.706762 1.3891048 1129635447768745
-0.1382037 9.706869 1.3885199 1129635452702757
-0.13640653 9.707002 1.3877671 1129635458171611
-0.13511413 9.70714 1.3869302 1129635462625362
-0.13354728 9.707322 1.3858083 1129635467756195
-0.13187869 9.70753 1.3845062 1129635472579894
-0.1295937 9.707848 1.3824961 1129635477954946
-0.12769426 9.708177 1.3803645 1129635482526510
-0.12527424 9.708536 1.3780468 1129635487584947
-0.12289894 9.708879 1.3758451 1129635492486615
-0.12023867 9.709255 1.3734238 1129635497619323
-0.1174501 9.709584 1.3713431 1129635502449793
-0.11428274 9.7099285 1.3691716 1129635507479845
-0.11087952 9.710281 1.3669385 1129635512424742
-0.107064486 9.71062 1.3648422 1129635517427499
-0.10304367 9.710945 1.3628358 1129635522372451
-0.09867184 9.711246 1.3610207 1129635527386513
-0.09418162 9.711545 1.3591999 1129635532311202
-0.08946022 9.711899 1.3569851 1129635537356046
-0.08456609 9.712307 1.354372 1129635542393443
-0.07983823 9.712799 1.3511248 1129635547312245
-0.07497419 9.71338 1.3472276 1129635552301308
-0.06997277 9.714046 1.342689 1129635557270683
-0.06492809 9.714748 1.3378515 1129635562190580
-0.059590556 9.715521 1.332478 1129635567337090
-0.05453681 9.716245 1.3274024 1129635572170685
-0.049069494 9.716952 1.3224295 1129635577308758
-0.043974537 9.717549 1.3182127 1129635582148551
-0.0386364 9.718084 1.3144323 1129635587136832
-0.033360515 9.718506 1.3114622 1129635592072094
-0.027931182 9.718846 1.3090603 1129635597090843
-0.022645356 9.719122 1.3071138 1129635602015272
-0.017109921 9.719349 1.3055124 1129635607115688
-0.011728806 9.719513 1.3043488 1129635611971835
-0.0054454245 9.719661 1.3032887 1129635617210116
7.458927E-4 9.719782 1.3023968 1129635621930482
0.007641894 9.719872 1.3016922 1129635626970482
0.014157645 9.719963 1.3009592 1129635631886108
0.020733321 9.720075 1.3000399 1129635636979597
0.027242946 9.720229 1.2987667 1129635641857515
0.0344403 9.720437 1.2970403 1129635646877150
0.042009734 9.720754 1.2944396 1129635651801943
0.050168116 9.721113 1.2914464 1129635656863037
0.058160778 9.721485 1.2883075 1129635661759757
0.0662458 9.721874 1.2849724 1129635666795434
0.07396432 9.722255 1.2816734 1129635671716268
0.082295164 9.72266 1.2780861 1129635676967414
0.09037612 9.722997 1.2749747 1129635682002519
0.098638885 9.723287 1.2721426 1129635686925696
0.1074567 9.723474 1.2700028 1129635691793822
0.11692308 9.723559 1.2685099 1129635696696426
0.1269229 9.723522 1.2678368 1129635701588146
0.13775311 9.723389 1.2677249 1129635706631948
0.14855643 9.723234 1.2676882 1129635711587366
0.15942639 9.723073 1.26761 1129635716640282
0.16967356 9.722885 1.2677149 1129635721514190
0.18023199 9.722673 1.2678862 1129635726545179
0.19038826 9.722474 1.267923 1129635731504347
0.20046537 9.722286 1.267815 1129635736507055
0.210375 9.722082 1.2677743 1129635741417213
0.22062778 9.721866 1.2676905 1129635746511640
0.23041497 9.72164 1.2676805 1129635751385599
0.24055468 9.721389 1.2677217 1129635756408984
0.2505778 9.721157 1.2675622 1129635761338100
0.26131767 9.720924 1.26717 1129635766473152
0.2715478 9.72072 1.2665899 1129635771305601
0.28255367 9.720503 1.265853 1129635776355549
0.29350895 9.720289 1.2649981 1129635781358206
0.3040007 9.720105 1.2639352 1129635786302581
0.3141613 9.719935 1.2627592 1129635791255186
0.32401246 9.719812 1.2612109 1129635796236540
0.33388877 9.719717 1.2593719 1129635801424041
0.34292975 9.719614 1.2577335 1129635806344302
0.3526331 9.719485 1.2560433 1129635811690397
0.36107963 9.719361 1.2546009 1129635816151230
0.371129 9.71914 1.2533805 1129635821087637
0.38160375 9.718786 1.252975 1129635826231179
0.39184734 9.718362 1.2531105 1129635831304409
0.4014926 9.717904 1.2536076 1129635836067273
0.41150066 9.717384 1.2543954 1129635841001754
0.42156515 9.716843 1.2552379 1129635846023056
0.4312837 9.716292 1.2562023 1129635850959461
0.44124594 9.71573 1.2570987 1129635856092900
0.45026943 9.715202 1.2579695 1129635860918266
0.45934254 9.714615 1.2592237 1129635865942120
0.46816093 9.713988 1.2608124 1129635871096236
0.47588813 9.713367 1.2627025 1129635875941913
0.4834801 9.712683 1.265083 1129635880919206
0.4910357 9.711968 1.2676532 1129635885867747
0.4986247 9.711216 1.2704469 1129635890793631
0.5062433 9.71037 1.2739047 1129635895799041
0.51328284 9.709529 1.2774901 1129635900732176
0.52033085 9.7086525 1.2812957 1129635905798628
0.52681947 9.707844 1.2847625 1129635910681955
0.53358376 9.70705 1.2879663 1129635915749573
0.54024374 9.706363 1.2903715 1129635920661345
0.5473288 9.705714 1.292264 1129635925687855
0.5548752 9.705068 1.2938975 1129635930735356
0.56255114 9.704458 1.2951491 1129635935651033
0.57052016 9.703855 1.2961855 1129635940564680
0.5790349 9.703248 1.296957 1129635945597805
0.5876871 9.702644 1.2975746 1129635950510980
0.59674317 9.702052 1.2978723 1129635955585566
0.6052354 9.701507 1.2980194 1129635960478745
0.6137768 9.700974 1.2979845 1129635965511609
0.6217198 9.700489 1.2978314 1129635970464840
0.6294827 9.700019 1.2976031 1129635975502704
0.6365533 9.699601 1.2972739 1129635980404580
0.64352643 9.6992235 1.2966546 1129635985441559
0.6500648 9.698888 1.2959061 1129635990378592
0.6564734 9.698585 1.2949451 1129635995396039
0.66257155 9.698333 1.293733 1129636000305832
0.6689949 9.698061 1.292461 1129636005496353
0.6750665 9.697782 1.2913982 1129636010413541
0.6815172 9.697491 1.2901952 1129636015547916
0.68742853 9.697198 1.28926 1129636020221042
0.694343 9.696839 1.2882466 1129636025258021
0.7016047 9.6964445 1.2872858 1129636030224273
0.70931864 9.695986 1.2865087 1129636035222501
0.7183456 9.69539 1.2860011 1129636040171825
0.7789594 9.690065 1.2908282 1129636065095004
0.7899471 9.688986 1.2922573 1129636070006620
0.80104506 9.687855 1.2939022 1129636075041464
0.81134415 9.686732 1.2958953 1129636079976153
0.821451 9.685568 1.2982167 1129636085041100
0.83080506 9.684455 1.3005674 1129636089953289
0.8402187 9.683296 1.3031474 1129636094957924
0.8495612 9.682122 1.3058116 1129636099891050
0.8593392 9.680869 1.3087063 1129636105028290
0.86903626 9.679647 1.3113327 1129636110150010
0.877701 9.678614 1.3131939 1129636114850212
0.88686544 9.677541 1.3149374 1129636119794581
0.89632356 9.67646 1.316478 1129636124830512
0.90647006 9.675356 1.3176444 1129636130006991
0.9165402 9.674297 1.3184587 1129636134938553
0.9268242 9.673257 1.3188941 1129636139761002
0.9381137 9.672155 1.3189942 1129636144884127
0.94865084 9.671202 1.3184503 1129636149703035
0.95953214 9.670252 1.3175466 1129636154702982
0.9699373 9.66932 1.316765 1129636159636265
0.9805117 9.668329 1.3162109 1129636164704962
0.9907555 9.667302 1.3160806 1129636169579287
1.0015185 9.666156 1.3163482 1129636174614599
1.0120295 9.664965 1.3170583 1129636179537100
1.022765 9.66366 1.318344 1129636184584964
1.0331451 9.6623535 1.3198168 1129636189506684
1.0436524 9.661007 1.3214052 1129636194526736
1.0539522 9.659694 1.3228362 1129636199493248
1.064306 9.658401 1.3239886 1129636204489237
1.0743719 9.657184 1.3247321 1129636209409915
1.0845742 9.6560135 1.3249546 1129636214463301
1.0945102 9.654868 1.3251203 1129636219438191
1.1041758 9.653763 1.3251641 1129636224409135
1.1134031 9.65273 1.3249643 1129636229335438
1.1226213 9.651678 1.3248513 1129636234357417
1.1313809 9.650652 1.3248686 1129636239283773
1.140146 9.649632 1.324782 1129636244350179
1.1483377 9.648684 1.3246207 1129636249235232
1.1567448 9.647694 1.3245087 1129636254328565
1.1649146 9.6467085 1.3245268 1129636259359868
1.1731896 9.645686 1.3246716 1129636264402314
1.1808951 9.644692 1.3250608 1129636269152942
1.1891302 9.643587 1.3257389 1129636274184557
1.1970345 9.642482 1.3266689 1129636279132683
1.205336 9.64123 1.3282503 1129636284381276
1.2123554 9.640078 1.3302224 1129636289081479
1.219581 9.63886 1.3324381 1129636294148621
1.2259703 9.637745 1.3346388 1129636299025497
1.2327343 9.636597 1.3367006 1129636304364768
1.2381178 9.635735 1.3379368 1129636308993623
1.2439095 9.634876 1.33874 1129636314024404
1.2494023 9.634128 1.3390193 1129636318945343
1.2551641 9.633431 1.3386397 1129636324234927
1.2600236 9.632904 1.3378702 1129636328924250
1.2653226 9.632386 1.3365899 1129636334045656
1.2701823 9.631951 1.3351136 1129636338941230
1.2752355 9.63148 1.3336952 1129636344145501
1.2794508 9.6311 1.3324041 1129636348900502
1.2837406 9.630664 1.331432 1129636353850242
1.2881085 9.630197 1.3305904 1129636358843003
1.2927662 9.629663 1.329936 1129636364101857
1.2969787 9.629162 1.3294675 1129636368845973
1.3014205 9.628602 1.3291825 1129636373874046
1.3055434 9.628064 1.3290342 1129636378817537
1.30992 9.627478 1.328974 1129636383976286
1.3139496 9.626915 1.3290734 1129636388680819
1.3183013 9.626332 1.3289826 1129636393670714
1.3226013 9.625797 1.328587 1129636398603580
1.3270452 9.625272 1.3279632 1129636403640035
1.3312002 9.624796 1.3272505 1129636408585196
1.3351613 9.624352 1.3264905 1129636413588945
1.3390739 9.623937 1.3255694 1129636418507332
1.3431975 9.623494 1.3245989 1129636423552801
1.3473864 9.623055 1.3235334 1129636428497170
1.3519505 9.622555 1.3225207 1129636433624663
1.3562188 9.622064 1.3217202 1129636438429001
1.3605987 9.621562 1.3208668 1129636443452594
1.3648664 9.621062 1.3201071 1129636448390304
1.3691628 9.620507 1.3197023 1129636453461762
1.3735367 9.619869 1.3198096 1129636458409367
1.3781362 9.619143 1.3203115 1129636463412128
1.3829317 9.618328 1.3212276 1129636468417539
1.3878136 9.617446 1.3225377 1129636473368743
1.3927798 9.616526 1.3240047 1129636478318276
1.3981435 9.615592 1.3251313 1129636483413692
1.4034417 9.61477 1.3254961 1129636488221662
1.4093075 9.613975 1.3250419 1129636493253432
1.4150856 9.613273 1.3239712 1129636498167653
1.4211602 9.612589 1.3224337 1129636503244736
1.4268793 9.611995 1.320592 1129636508122237
1.4325753 9.611456 1.318344 1129636513181143
1.4379206 9.610991 1.3159186 1129636518078800
1.4438101 9.610477 1.3132119 1129636523425623
1.4487191 9.610012 1.3112112 1129636528084687
1.454081 9.60944 1.3094637 1129636533078124
1.4594467 9.608828 1.3079886 1129636538018073
1.4653625 9.608087 1.3068163 1129636543026823
1.47157 9.607238 1.3060791 1129636547954897
1.4782112 9.606288 1.3055695 1129636552987813
1.4850751 9.605301 1.3050416 1129636557908700
1.4929224 9.604193 1.3042476 1129636563274637
1.5000286 9.603253 1.303005 1129636567990732
1.5075006 9.602302 1.301397 1129636572914222
1.5147325 9.6014185 1.2995211 1129636577822348
1.5220287 9.60051 1.2977049 1129636582856462
1.5288876 9.599606 1.2963274 1129636587795839
1.5358807 9.5986395 1.2952155 1129636592831047
1.5430039 9.59763 1.2942338 1129636597785735
1.5506802 9.596516 1.2933145 1129636602769850
1.5590123 9.595266 1.2925675 1129636607796830
1.567781 9.593904 1.2920798 1129636612740007
1.5769683 9.592444 1.2917298 1129636617670373
1.586657 9.590898 1.291355 1129636622725946
1.5962732 9.589363 1.2908918 1129636627616780
1.606438 9.587776 1.290076 1129636632644228
1.6165351 9.586238 1.2888938 1129636637565583
1.6272804 9.58465 1.2871805 1129636642610531
1.6379299 9.583101 1.2852063 1129636647535011
1.6489238 9.581512 1.2829839 1129636652540421
1.6597888 9.579946 1.2806756 1129636657515311
1.6704221 9.5784025 1.2783929 1129636662512720
1.6805791 9.5769 1.2763382 1129636667449388
1.6904943 9.575426 1.2742934 1129636672470065
1.7002006 9.573958 1.2724092 1129636677428764
1.7099013 9.572464 1.2706517 1129636682427306
1.7193617 9.570981 1.2690591 1129636687355796
1.7290251 9.569419 1.2677081 1129636692401265
1.7398279 9.56761 1.2665831 1129636697957932
1.7479825 9.566205 1.265967 1129636702303037
1.7577349 9.564476 1.26553 1129636707331058
1.767561 9.562734 1.26501 1129636712266216
1.7784996 9.560769 1.2645245 1129636717628559
1.7877719 9.559103 1.2640465 1129636722201529
1.798153 9.557258 1.2632743 1129636727249133
1.8079915 9.555519 1.2623875 1129636732175020
1.818402 9.553695 1.2612389 1129636737489082
1.8271765 9.552156 1.2602038 1129636742127104
1.8365523 9.550517 1.2590017 1129636747148666
1.8455864 9.548944 1.2577194 1129636752073407
1.8550979 9.547246 1.256613 1129636757363355
1.8636696 9.545696 1.2557123 1129636762030127
1.8734894 9.543845 1.2551711 1129636767098460
1.8832331 9.541961 1.2549129 1129636771985440
1.8897961 9.540662 1.2549225 1129636775430127
1.9029889 9.537997 1.2552402 1129636781945598
1.9124737 9.536026 1.2558037 1129636786977108
1.9213698 9.5341625 1.2563716 1129636791899140
1.9308114 9.532177 1.2569592 1129636797182890
1.9385505 9.53054 1.2574639 1129636801862474
1.9463605 9.528866 1.2580866 1129636806896537
1.9533179 9.527311 1.2590795 1129636811816955
1.9599355 9.525743 1.2606633 1129636816890288
1.9661509 9.5242405 1.2623379 1129636821789351
1.9723744 9.522735 1.2639844 1129636826817580
1.9781466 9.521314 1.2656711 1129636831744873
1.9838635 9.519907 1.2672987 1129636836799089
1.9892545 9.518593 1.2687184 1129636841705708
1.9946014 9.517324 1.2698404 1129636846741639
1.9998602 9.516107 1.270694 1129636851866021
2.0047302 9.515008 1.2712517 1129636856637216
2.010003 9.513823 1.271786 1129636861778522
2.0151203 9.512673 1.2722946 1129636866635032
2.0205019 9.511476 1.2727084 1129636871563315
2.0265136 9.510118 1.2733022 1129636876871648
2.0320723 9.508859 1.273841 1129636881527430
2.0389113 9.507293 1.274605 1129636886576857
2.0463188 9.505558 1.2756726 1129636891527431
2.054366 9.503682 1.2767085 1129636896529827
2.0626886 9.501747 1.2777004 1129636901434464
2.0719166 9.499603 1.2787021 1129636906509776
2.0808175 9.497535 1.2796191 1129636911387642
2.0898063 9.4954405 1.2805111 1129636916476443
2.0978973 9.493478 1.2818359 1129636921350455
2.105705 9.491524 1.2834996 1129636926382590
2.1125495 9.489769 1.2852296 1129636931320821
2.1187367 9.488106 1.2873162 1129636936425508
2.1241367 9.4866295 1.2892952 1129636941410874
2.1289043 9.485295 1.2912508 1129636946306551
2.1331627 9.48405 1.2933676 1129636951258739
2.1372373 9.482832 1.2955701 1129636956284416
2.140841 9.4817295 1.2976952 1129636961173428
2.1445441 9.48062 1.2996747 1129636966211553
2.148174 9.47958 1.3012714 1129636971128793
2.1524217 9.478469 1.3023435 1129636976171554
2.1572115 9.477322 1.3027667 1129636981104159
2.162778 9.476075 1.302606 1129636986135096
2.168829 9.474763 1.3020892 1129636991109986
2.1751938 9.473381 1.301531 1129636996092701
2.1816993 9.471982 1.300819 1129637001001140
2.1886892 9.4704685 1.3001037 1129637006064838
2.1959298 9.468861 1.2995993 1129637010972079
2.2040105 9.467009 1.2994126 1129637016081245
2.212337 9.46505 1.2995354 1129637020939059
2.2216911 9.462778 1.3001217 1129637025951663
2.2313054 9.460405 1.3009204 1129637030890883
2.2414005 9.457889 1.3018643 1129637036066143
2.2503822 9.455619 1.302857 1129637040845988
2.2595441 9.4532385 1.3042758 1129637045898904
2.2683876 9.450937 1.3055944 1129637050931926
2.2767963 9.448739 1.30687 1129637055838697
2.285034 9.446562 1.3082346 1129637060763594
2.293246 9.444362 1.3097501 1129637065784896
2.3010242 9.44223 1.3114688 1129637070718647
2.3087223 9.440038 1.3137258 1129637075810418
2.3158152 9.438009 1.3158126 1129637080659638
2.323047 9.435961 1.3177567 1129637085726721
2.3295345 9.434122 1.3194724 1129637090633753
2.3358147 9.432317 1.3212675 1129637095653128
2.3419588 9.430518 1.3232358 1129637100580213
2.3482392 9.428636 1.3255193 1129637105624379
2.3545098 9.426693 1.3282057 1129637110547089
2.3612409 9.424578 1.331269 1129637115675526
2.36776 9.422506 1.3343515 1129637120587090
2.3744874 9.420353 1.3375939 1129637125632141
2.3812344 9.418234 1.3405186 1129637130469226
2.3887737 9.415946 1.343173 1129637135482871
2.3966165 9.41367 1.3451551 1129637140416050
2.4050589 9.411347 1.3463366 1129637145450060
2.4142232 9.409009 1.3462788 1129637150797926
2.4220233 9.407186 1.3450114 1129637155395686
2.4306521 9.40528 1.3427685 1129637160401097
2.439235 9.403443 1.3400695 1129637165361260
2.4479287 9.401555 1.337457 1129637170563553
2.4554389 9.399863 1.3355814 1129637175315323
2.4630105 9.398029 1.3345449 1129637180255273
2.4702442 9.3961115 1.3346771 1129637185267408
2.477015 9.394144 1.3359882 1129637190188033
2.4907424 9.389387 1.3438778 1129637200142879
2.497372 9.386938 1.3486772 1129637205192722
2.5040693 9.384351 1.3542494 1129637210349182
2.5101922 9.381976 1.359354 1129637215138556
2.5164316 9.379606 1.3641688 1129637220057829
2.5228913 9.377266 1.3683167 1129637225107360
2.5298843 9.374901 1.3716037 1129637230272205
2.536805 9.372779 1.3733268 1129637235109236
2.5444055 9.370631 1.3739209 1129637240086893
2.5522976 9.36852 1.3736864 1129637245016997
2.5601563 9.366462 1.3730953 1129637249950641
2.568046 9.364421 1.3722728 1129637254977571
2.5754533 9.362565 1.3710572 1129637259905645
2.5829015 9.360709 1.3697227 1129637265119343
2.5890458 9.359171 1.3686352 1129637269911108
2.5949757 9.357682 1.3675776 1129637274925490
2.6005113 9.356247 1.3668878 1129637279805908
2.6062305 9.3547125 1.3664942 1129637284852001
2.612082 9.353104 1.3663318 1129637289854034
2.618338 9.351357 1.3663166 1129637294843669
2.625018 9.3494625 1.3664615 1129637299726274
2.6327598 9.347254 1.3666819 1129637304770545
2.6413093 9.344829 1.3667725 1129637309798411
2.650634 9.34222 1.3665472 1129637314903462
2.6595674 9.339737 1.3661652 1129637319640026
2.6694481 9.337021 1.3654611 1129637324674140
2.6797729 9.33419 1.3645855 1129637329648777
2.690265 9.331344 1.3634111 1129637334656537
2.700011 9.328712 1.3621495 1129637339570184
2.7092516 9.326155 1.3613182 1129637344587371
2.7177358 9.3237505 1.3608738 1129637349567894
2.7260573 9.321286 1.3611107 1129637354687060
2.7333481 9.31902 1.3620063 1129637359480395
2.7407794 9.3166275 1.3634427 1129637364602530
2.7618513 9.309575 1.3690815 1129637379490032
2.7685187 9.307369 1.3706045 1129637384413886
2.7755332 9.305101 1.3718214 1129637389562846
2.7820992 9.303077 1.3722516 1129637394391283
2.7888718 9.301092 1.3719583 1129637399294201
2.7960112 9.299123 1.3707775 1129637404330450
2.8031938 9.297247 1.3688296 1129637409253577
2.8109665 9.295315 1.3660098 1129637414329358
2.8190386 9.2933445 1.3627809 1129637419273727
2.8273458 9.291308 1.3594486 1129637424258369
2.8350885 9.289389 1.3564373 1129637429164620
2.842471 9.287436 1.3543546 1129637434202276
2.8490107 9.28558 1.353349 1129637439147017
2.8548987 9.283752 1.3534726 1129637444157746
2.860159 9.281957 1.3546771 1129637449084049
2.8650331 9.280103 1.3570777 1129637454127434
2.8692496 9.2783165 1.3603827 1129637459036811
2.8731902 9.276493 1.3644929 1129637464341133
2.8763247 9.275002 1.3680241 1129637468992124
2.8799067 9.2734 1.3713409 1129637474109676
2.883498 9.271958 1.373541 1129637478981136
2.8878164 9.27046 1.3745811 1129637484052333
2.8923464 9.269072 1.3744233 1129637488966181
2.8973222 9.267702 1.3731742 1129637493973532
2.9026425 9.266311 1.3713325 1129637499131815
2.907841 9.264962 1.3694245 1129637504033377
2.9132404 9.263497 1.3678597 1129637508896295
2.9189603 9.261888 1.3665655 1129637513856295
2.924709 9.260165 1.3659413 1129637518781973
2.93078 9.258221 1.3661152 1129637523860358
2.9368231 9.256224 1.366666 1129637528750047
2.9433758 9.254031 1.3674178 1129637533766036
2.9498787 9.251858 1.3681107 1129637538708954
2.9564283 9.249696 1.3685989 1129637543755620
2.9623892 9.247752 1.3688389 1129637548653799
2.9682329 9.245886 1.3687887 1129637553697496
2.9738867 9.24411 1.368508 1129637558605050
2.9797685 9.242281 1.3680648 1129637563686404
2.9855888 9.240478 1.3675622 1129637568592395
2.9919538 9.238467 1.3672296 1129637573640780
2.9988167 9.236274 1.3670144 1129637578647500
3.0063987 9.233839 1.3668147 1129637583969635
3.0127525 9.231765 1.3668323 1129637588498647
3.0199788 9.229369 1.3670623 1129637593517657
3.0274608 9.226895 1.3672154 1129637598448127
3.0363607 9.22398 1.3671445 1129637603770835
3.0449286 9.221195 1.3668785 1129637608439169
3.055122 9.217906 1.3663197 1129637613426930
3.0659666 9.214453 1.3653198 1129637618376827
3.076894 9.210973 1.36422 1129637623334429
3.0879767 9.207432 1.3630816 1129637628481099
3.0980363 9.204175 1.3622458 1129637633361254
3.1078644 9.200947 1.3616732 1129637638276047
3.1183689 9.197391 1.3616803 1129637643536828
3.1275418 9.19421 1.3621235 1129637648222194
3.137282 9.1907625 1.3629893 1129637653261256
3.1466098 9.187421 1.3640128 1129637658203914
3.1559904 9.184096 1.36473 1129637663196359
3.1653478 9.180853 1.364882 1129637668140842
3.1746633 9.177668 1.3646677 1129637673146252
3.183564 9.174656 1.3641849 1129637678099228
3.1926043 9.171633 1.3633863 1129637683189124
3.2014012 9.168703 1.3624587 1129637688194535
3.210066 9.165788 1.3616887 1129637693159073
3.2186887 9.162839 1.361181 1129637698122616
3.227544 9.159734 1.361107 1129637703295272
3.2352016 9.156984 1.3614299 1129637707971575
3.2432113 9.154061 1.3620304 1129637713044700
3.2502773 9.151487 1.3624853 1129637717927097
3.2571282 9.149014 1.3627324 1129637723126993
3.262559 9.147078 1.362745 1129637727897046
3.2674336 9.145416 1.3622155 1129637732919233
3.2715175 9.144093 1.3613001 1129637737852516
3.2754939 9.142861 1.3600062 1129637742868658
3.2792199 9.141776 1.3583194 1129637747797100
3.283159 9.140674 1.356221 1129637752833870
3.2871804 9.139542 1.3541107 1129637757758247
3.2917936 9.138197 1.3519759 1129637763144496
3.2958171 9.1369915 1.3503199 1129637767756998
3.3003209 9.135588 1.3488214 1129637772760539
3.304899 9.134106 1.3476449 1129637777671634
3.3097284 9.132513 1.3465892 1129637782753926
3.3144042 9.130926 1.3458489 1129637787769187
3.3187435 9.129409 1.3454487 1129637792684968
3.322816 9.127903 1.3456165 1129637797589084
3.3265786 9.126412 1.346424 1129637802787417
3.3296165 9.125096 1.3478397 1129637807553096
3.3325105 9.123764 1.3496981 1129637812597001
3.3349464 9.12261 1.3514853 1129637817526378
3.3374882 9.121395 1.3534092 1129637822795492
3.339703 9.120369 1.3548579 1129637827503254
3.3420482 9.119328 1.3560842 1129637832509712
3.3444808 9.11831 1.3569305 1129637837427161
3.3473248 9.1172285 1.3571838 1129637842522630
3.35024 9.116221 1.3567603 1129637847382266
3.3534837 9.1151705 1.355806 1129637852404870
3.3566976 9.114149 1.354718 1129637857340080
3.3600361 9.113081 1.3536277 1129637862557058
3.362839 9.1121645 1.3528343 1129637867369768
3.3658025 9.111114 1.352544 1129637872356330
3.3687096 9.110047 1.3524903 1129637877272894
3.371773 9.108931 1.352376 1129637882281800
3.37484 9.107734 1.3527855 1129637887309874
3.3776677 9.1065445 1.3537314 1129637892266541
3.3802943 9.105437 1.3546251 1129637897158938
3.3830113 9.104292 1.3555393 1129637902205917
3.385875 9.103093 1.3564438 1129637907121439
3.3893461 9.101678 1.3572712 1129637912149303
3.3932853 9.10007 1.358208 1129637917122117
3.3976908 9.098262 1.3593085 1129637922217273
3.4019668 9.096478 1.3605449 1129637927029253
3.4064229 9.094617 1.3618478 1129637932086805
3.4106371 9.092835 1.3631892 1129637937019983
3.4192007 9.0893755 1.3648113 1129637947220141
3.4229863 9.087876 1.3653066 1129637951977119
3.426999 9.086321 1.3655963 1129637956925506
3.4311352 9.084744 1.3656914 1129637961934725
3.4353545 9.083162 1.3656088 1129637966858788
3.4399579 9.081474 1.3652489 1129637971919517
3.4445097 9.079786 1.3650037 1129637976849571
3.449215 9.078074 1.3645074 1129637981850404
3.453684 9.076451 1.3639972 1129637986783113
3.4581335 9.074814 1.3636147 1129637991806759
3.462536 9.073142 1.3635708 1129637996864208
3.4668493 9.071484 1.3636442 1129638001777593
3.4710643 9.06982 1.3639902 1129638006687490
3.4755783 9.067993 1.3646431 1129638011721865
3.4806278 9.065889 1.3657438 1129638016982959
3.4853888 9.063858 1.367086 1129638021689158
3.490635 9.061569 1.3688774 1129638026609992
3.4966228 9.058965 1.3708296 1129638031861294
3.5018332 9.056661 1.3727562 1129638036597231
3.50689 9.054295 1.3754467 1129638041735149
3.5110602 9.052191 1.3786519 1129638046679518
3.514774 9.050161 1.3825089 1129638051841609
3.5180166 9.048323 1.3862926 1129638056694415
3.5214036 9.046432 1.3900282 1129638061553381
3.525254 9.044371 1.3936737 1129638066671975
3.529202 9.042373 1.3966416 1129638071474163
3.5338101 9.040141 1.3994354 1129638076693279
3.5384965 9.037944 1.4017874 1129638081478278
3.5437727 9.03553 1.404017 1129638086359894
3.5495188 9.032927 1.4062546 1129638091393227
3.5554364 9.030255 1.4084635 1129638096346872
3.5617495 9.027414 1.4107175 1129638101338020
3.5682406 9.024474 1.4131229 1129638106262917
3.5749748 9.02142 1.415604 1129638111297187
3.5819283 9.018272 1.4180815 1129638116495783
3.5883315 9.015374 1.420317 1129638121264168
3.5951807 9.012294 1.4225402 1129638126180106
3.6026423 9.009024 1.4243771 1129638131210679
3.6107843 9.005543 1.425768 1129638136347972
3.6196492 9.0018635 1.4265279 1129638141311305
3.6292374 8.998012 1.4264686 1129638146101931
3.639881 8.993842 1.4256462 1129638151138806
3.6505425 8.9896965 1.4245315 1129638156255422
3.6605222 8.985843 1.4232348 1129638161142661
3.670118 8.98214 1.4218968 1129638166006725
3.6796434 8.978428 1.4207215 1129638171039329
3.688986 8.974714 1.4199538 1129638176187038
3.697245 8.971333 1.4198447 1129638180995476
3.7054079 8.967909 1.4201936 1129638185918967
3.7137058 8.96437 1.4208686 1129638190952195
3.722194 8.960727 1.4216372 1129638195895686
3.730618 8.957069 1.4225963 1129638200908967
3.7386308 8.953571 1.4235821 1129638205834437
3.7461765 8.950208 1.4248958 1129638210869906
3.753162 8.94706 1.4262817 1129638215823136
3.7601357 8.943921 1.4275994 1129638220823136
3.7675202 8.940579 1.4290657 1129638225849491
3.7747018 8.937331 1.4304281 1129638230854901
3.7815416 8.934308 1.4312444 1129638235912930
3.7882466 8.931479 1.4311712 1129638240948861
3.7942622 8.929028 1.4305372 1129638245960431
3.7989457 8.927156 1.4297824 1129638250695951
3.803033 8.925513 1.4291769 1129638255867671
3.8058536 8.924353 1.4289175 1129638260657879
3.808196 8.923353 1.4289179 1129638265654131
3.8103075 8.922389 1.4293061 1129638270630068
3.8125095 8.921352 1.4299095 1129638275804340
3.8145769 8.920346 1.4306692 1129638280535063
3.816916 8.919178 1.4317101 1129638285506216
3.8193479 8.917916 1.4330821 1129638290526372
3.8218439 8.916594 1.4346682 1129638295465071
3.824259 8.915265 1.436478 1129638300481685
3.8265324 8.913975 1.4384394 1129638305404291
3.8284447 8.912798 1.4406372 1129638310438926
3.8298604 8.911816 1.4429449 1129638315362625
3.8308246 8.911017 1.4453145 1129638320407885
3.831129 8.910509 1.4476427 1129638325324033
3.8308663 8.910246 1.4499573 1129638330399189
3.8300662 8.910234 1.4521378 1129638335494497
3.8291674 8.910314 1.4540212 1129638340325752
3.8282273 8.910422 1.4558293 1129638345330857
3.827233 8.910588 1.4574296 1129638350457420
3.8261971 8.910839 1.4586072 1129638355298306
3.8252501 8.911162 1.4591191 1129638360225650
3.8244827 8.911511 1.4590015 1129638365152526
3.8240218 8.911849 1.4581478 1129638370185338
3.8241544 8.912121 1.4561366 1129638375124610
3.8251867 8.91222 1.4528159 1129638380196850
3.8268678 8.912157 1.4487723 1129638385075132
3.8289878 8.911986 1.4442104 1129638390091017
3.8311052 8.911814 1.4396522 1129638395035081
3.8329742 8.911704 1.435345 1129638400051435
3.8347714 8.911525 1.4316547 1129638404981332
3.8366199 8.911232 1.428526 1129638410008832
3.8383236 8.910902 1.4260011 1129638414946906
3.8396685 8.910664 1.4238691 1129638420020291
3.840272 8.91063 1.4224491 1129638424902792
3.8403184 8.910742 1.4216294 1129638429937480
3.8399649 8.91094 1.4213421 1129638434951804
3.8396266 8.911045 1.4215932 1129638439888158
3.8398855 8.910822 1.4222963 1129638444802638
3.8413615 8.910074 1.4229958 1129638450802065
3.8430943 8.909293 1.4232088 1129638454758525
3.8459365 8.908137 1.4227641 1129638459931910
3.8488364 8.907027 1.4218683 1129638464727588
3.8522856 8.90575 1.4205256 1129638470194827
3.855056 8.904762 1.4192092 1129638474679308
3.8578205 8.903769 1.4179246 1129638479712016
3.8604617 8.902808 1.4167678 1129638484635142
3.8632803 8.901721 1.415919 1129638489898163
3.8655293 8.900781 1.415688 1129638494590716
3.867404 8.899846 1.416448 1129638499620195
3.8687425 8.899006 1.4180634 1129638504547123
3.8699596 8.898095 1.4204564 1129638509717956
3.8713627 8.89709 1.4229292 1129638514501708
3.8734097 8.8958025 1.4254045 1129638519547957
3.8759763 8.894387 1.4272584 1129638524470927
3.8792303 8.892815 1.428221 1129638529458373
3.8828375 8.891262 1.428082 1129638534419939
3.8865204 8.889789 1.4272388 1129638539536449
3.8899372 8.888491 1.4260137 1129638544387336
3.8930554 8.887335 1.4247012 1129638549387801
3.8956041 8.886356 1.4238424 1129638554439316
3.8975441 8.88552 1.4237514 1129638559412701
3.899081 8.884713 1.4245756 1129638564313796
3.900462 8.883845 1.4262139 1129638569549629
3.9016478 8.883017 1.4281268 1129638574381818
3.902791 8.882142 1.4304417 1129638579375932
3.9038699 8.881277 1.4328641 1129638584204267
3.9051654 8.88026 1.4356364 1129638589423068
3.9065664 8.87927 1.4379458 1129638594165466
3.9084024 8.87816 1.4398091 1129638599197861
3.9105232 8.877082 1.4407024 1129638604132654
3.9129477 8.876048 1.4404871 1129638609425883
3.9153602 8.875175 1.4393047 1129638614095565
3.918164 8.874282 1.4371862 1129638619107707
3.921288 8.8733225 1.434585 1129638624029791
3.9248843 8.87223 1.4315048 1129638629096822
3.9287999 8.870991 1.4284413 1129638634252657
3.9327912 8.869663 1.4256996 1129638639034167
3.9372363 8.868143 1.4228835 1129638643981043
3.9422004 8.8663845 1.4200946 1129638649020314
3.947516 8.864412 1.4176342 1129638653907659
3.9532783 8.862186 1.4154965 1129638658953492
3.9591367 8.859839 1.4138141 1129638663864222
3.9652913 8.857298 1.4124843 1129638668869631
3.9716334 8.8546295 1.4113972 1129638673820473
3.9788706 8.851591 1.4100745 1129638678992973
3.9859507 8.848662 1.408459 1129638683873547
3.9934826 8.845562 1.4065995 1129638689133703
4.0 8.842862 1.4050578 1129638693760111
4.0065327 8.840145 1.4035391 1129638698788600
4.0124955 8.837631 1.4023374 1129638703746622
4.01813 8.835258 1.4011611 1129638708809487
4.023321 8.833034 1.4002801 1129638713653707
4.028586 8.830713 1.3997797 1129638718695894
4.0336847 8.828401 1.399688 1129638723665218
4.038428 8.826206 1.3998532 1129638728652874
4.0424743 8.824319 1.4000728 1129638733597243
4.045681 8.822787 1.4004561 1129638738596417
4.0478525 8.821734 1.4008148 1129638743523137
4.049259 8.820976 1.401524 1129638748594699
4.0500264 8.820449 1.4026227 1129638753475638
4.0504837 8.819984 1.4042257 1129638758510481
4.0506124 8.819622 1.406131 1129638763477409
4.0504513 8.819371 1.4081612 1129638768452297
4.050026 8.819249 1.4101516 1129638773386942
4.0496254 8.81912 1.4121006 1129638778468556
4.049651 8.8188505 1.413713 1129638783363557
4.0502014 8.818404 1.414923 1129638788427515
4.0512414 8.81782 1.4155914 1129638793415746
4.0525203 8.817191 1.4158393 1129638798374444
4.0538282 8.81656 1.4160302 1129638803265070
4.055028 8.815982 1.4161977 1129638808297361
4.0560865 8.815435 1.4165629 1129638813218821
4.0572014 8.81481 1.4172646 1129638818333925
4.058217 8.81414 1.4185168 1129638823177259
4.05925 8.813346 1.4204967 1129638828226113
4.06043 8.812429 1.4228077 1129638833145541
4.0618963 8.811364 1.4252194 1129638838166270
4.063722 8.810196 1.4272332 1129638843097417
4.065787 8.809061 1.4283571 1129638848140021
4.0679545 8.807995 1.4287628 1129638853064866
4.070408 8.8069105 1.42846 1129638858096689
4.07311 8.805814 1.4275143 1129638863014086
4.079871 8.803277 1.4238551 1129638873175285
4.0834193 8.801927 1.4220287 1129638877992993
4.0871124 8.800533 1.420038 1129638882936796
4.0907674 8.799115 1.4183013 1129638887965286
4.094187 8.797702 1.4172051 1129638892874714
4.0976744 8.796115 1.4169719 1129638897914714
4.1011252 8.794427 1.4174645 1129638903011694
4.1045437 8.792652 1.4185836 1129638907975704
4.1081533 8.790735 1.4200174 1129638912789612
4.1124597 8.788436 1.4217775 1129638917846434
4.1175694 8.78573 1.4237099 1129638923114455
4.1227202 8.783035 1.4254366 1129638927785185
4.1291184 8.779735 1.4272455 1129638932768103
4.1366534 8.775875 1.4291606 1129638937756280
4.145192 8.771514 1.4311938 1129638942731170
4.1546435 8.766681 1.4333977 1129638947701490
4.16535 8.761246 1.4355588 1129638952814095
4.17677 8.755562 1.4370519 1129638957731699
4.188703 8.749765 1.4376233 1129638962566386
4.2016325 8.743523 1.437875 1129638967613679
4.2143025 8.737411 1.4379508 1129638972549462
4.226602 8.731488 1.437825 1129638977582326
4.2383556 8.72586 1.437395 1129638982700973
4.248709 8.72096 1.4365684 1129638987526806
4.258353 8.716456 1.4353437 1129638992483786
4.2671194 8.712419 1.4338216 1129638997500713
4.275265 8.708767 1.4317406 1129639002416338
4.283428 8.70522 1.4289058 1129639007449360
4.290998 8.702006 1.4257656 1129639012366966
4.2983046 8.698893 1.4227542 1129639017503007
4.304981 8.695991 1.4203061 1129639022713269
4.310612 8.693462 1.4187059 1129639027403529
4.316329 8.690788 1.4177011 1129639032299259
4.3220816 8.688014 1.4171834 1129639037359311
4.3273935 8.685343 1.417345 1129639042312594
4.332359 8.682773 1.4179267 1129639047275354
4.336915 8.68031 1.4190785 1129639052206605
4.341115 8.677925 1.420819 1129639057241136
4.3446164 8.675782 1.4231994 1129639062153012
4.3476553 8.673716 1.4265128 1129639067206866
4.350132 8.67187 1.4301777 1129639072113534
4.3523126 8.670084 1.4343704 1129639077142284
4.3542414 8.668384 1.4387898 1129639082252077
4.3560615 8.666818 1.4427041 1129639087097180
4.3581467 8.665195 1.4461447 1129639092036557
4.3606563 8.663495 1.4487644 1129639097066140
4.3634486 8.661816 1.450398 1129639101985877
4.366665 8.66004 1.4513226 1129639107017755
4.3698387 8.658368 1.451739 1129639112078746
4.372791 8.656872 1.4517742 1129639117119058
4.375492 8.655505 1.4517821 1129639122155206
4.3778334 8.654296 1.45194 1129639126965830
4.379934 8.653248 1.4518524 1129639131859113
4.381867 8.652272 1.4518342 1129639136931560
4.3836317 8.6513815 1.4518104 1129639141814426
4.385503 8.650418 1.4519086 1129639146857811
4.387515 8.649373 1.4520481 1129639151777865
4.3896184 8.6483 1.45208 1129639156814792
4.391676 8.647235 1.452207 1129639161728022
4.3937964 8.646086 1.4526349 1129639166964480
4.395733 8.644991 1.453295 1129639171685679
4.397784 8.6437845 1.4542563 1129639176731096
4.399656 8.64262 1.4555234 1129639181639118
4.4012275 8.641539 1.4571928 1129639186676513
4.402167 8.640733 1.4591314 1129639191601098
4.402622 8.640131 1.4613154 1129639196630681
4.4026384 8.639713 1.463729 1129639201550943
4.402282 8.6394615 1.4662911 1129639206601567
4.4019628 8.639258 1.4684414 1129639211603912
4.4017158 8.639075 1.4702629 1129639216550943
4.401455 8.638899 1.4720783 1129639221566518
4.4015164 8.638525 1.4740852 1129639226609278
4.401856 8.637936 1.4765248 1129639231430425
4.402352 8.637178 1.4794748 1129639236473602
4.4028807 8.636385 1.4825273 1129639241393343
4.4036055 8.635517 1.4854268 1129639246562926
4.4043345 8.634763 1.4876484 1129639251385212
4.4052043 8.634039 1.4892751 1129639256409593
4.4061747 8.6334305 1.4899304 1129639261293553
4.4071474 8.633113 1.4888932 1129639266513605
4.407496 8.633608 1.4849846 1129639271520898
4.4069996 8.634788 1.4795947 1129639276337668
4.4058185 8.636346 1.474 1129639281212096
4.404321 8.638054 1.4684589 1129639286245273
4.402596 8.639856 1.4630147 1129639291180118
4.400806 8.641663 1.4577265 1129639296205326
4.399517 8.643147 1.4528068 1129639301134182
4.3988733 8.644248 1.448197 1129639306173661
4.3987684 8.644939 1.4443804 1129639311111995
4.3987803 8.645457 1.4412447 1129639316117405
4.398434 8.645998 1.4390538 1129639321225069
4.397408 8.646632 1.4383847 1129639326162881
4.39576 8.64734 1.4391677 1129639330996008
4.3934803 8.64812 1.4414357 1129639336092309
4.391169 8.648716 1.4449008 1129639340957519
4.389022 8.649035 1.4495025 1129639345989446
4.3873377 8.649016 1.4547046 1129639350915228
4.3857784 8.648754 1.4609518 1129639356569343
4.385048 8.648369 1.4654231 1129639360884136
4.3844786 8.647891 1.4699374 1129639365914604
4.3842554 8.64736 1.473723 1129639370845751
4.3840284 8.646987 1.4765851 1129639375861530
4.3839164 8.646731 1.4784112 1129639380785388
4.383596 8.646743 1.4792961 1129639385817627
4.3831472 8.64699 1.4791797 1129639390755337
4.3824267 8.647505 1.4783026 1129639396039815
4.3816757 8.648127 1.4768912 1129639400702421