
-0.019175345 -0.12570503 0.03835069 1129634178263671
-0.01384886 -0.14488038 0.036220096 1129634183181171
-0.01384886 -0.14914156 0.031958908 1129634188205912
-0.014914157 -0.14168449 0.026632423 1129634193127422
-0.02450183 -0.122509144 0.02130594 1129634198116330
-0.03089361 -0.09587672 0.018110048 1129634203082475
-0.03835069 -0.07137489 0.011718267 1129634208035497
-0.04154658 -0.050068956 0.0063917814 1129634213057737
-0.04261188 -0.03089361 0.0021305939 1129634218014405
-0.04154658 -0.009587673 -0.0031958907 1129634223010290
-0.04154658 0.009587673 -0.0042611877 1129634227937322
-0.040481284 0.025567126 -0.0031958907 1129634232983207
-0.034089502 0.033024207 0.0 1129634238017740
-0.023436533 0.02769772 0.0031958907 1129634243058052
-0.014914157 0.014914157 0.005326485 1129634247849772
-0.0031958907 -0.0031958907 0.0031958907 1129634252870501
0.0042611877 -0.022371236 -0.0010652969 1129634257917690
0.0085223755 -0.034089502 -0.0074570784 1129634262828314
0.019175345 -0.034089502 -0.01384886 1129634267756493
0.028763017 -0.025567126 -0.018110048 1129634272885763
0.031958908 -0.01384886 -0.02130594 1129634277724463
0.033024207 0.0021305939 -0.020240642 1129634282878369
0.039415985 0.01384886 -0.020240642 1129634287802380
0.040481284 0.025567126 -0.019175345 1129634292794776
0.043677174 0.035154797 -0.02130594 1129634297998944
0.04793836 0.044742472 -0.025567126 1129634302736652
0.054330144 0.053264845 -0.025567126 1129634307706132
0.060721926 0.059656627 -0.02769772 1129634312614517
0.064983115 0.057526033 -0.034089502 1129634317587119
0.06604841 0.05539544 -0.035154797 1129634322573216
0.060721926 0.05113425 -0.040481284 1129634327506707
0.054330144 0.039415985 -0.04154658 1129634332531915
0.040481284 0.022371236 -0.040481284 1129634337498375
0.02450183 0.009587673 -0.043677174 1129634342515770
0.012783563 0.0042611877 -0.04261188 1129634347418897
0.0042611877 0.0010652969 -0.039415985 1129634352443948
-0.0031958907 -0.0031958907 -0.035154797 1129634357376814
-0.0042611877 -0.0074570784 -0.036220096 1129634362414314
-0.005326485 -0.0085223755 -0.03728539 1129634367338378
-0.0085223755 -0.0063917814 -0.031958908 1129634372359419
-0.0085223755 -0.0042611877 -0.026632423 1129634377298952
-0.0063917814 0.0010652969 -0.022371236 1129634382330983
-0.0021305939 0.005326485 -0.020240642 1129634387237599
0.0031958907 0.009587673 -0.019175345 1129634392282286
0.0063917814 0.014914157 -0.014914157 1129634397206870
0.011718267 0.019175345 -0.009587673 1129634402229162
0.01065297 0.022371236 -0.0031958907 1129634407155361
0.0042611877 0.023436533 0.0010652969 1129634412254267
0.0021305939 0.018110048 0.0021305939 1129634417101612
0.0010652969 0.015979454 0.0010652969 1129634422153018
-0.0021305939 0.01384886 0.0021305939 1129634427059686
-0.0021305939 0.011718267 0.0010652969 1129634432124842
0.0 0.0063917814 -0.0031958907 1129634437036510
-0.0021305939 -0.0031958907 -0.005326485 1129634442165624
-0.0074570784 -0.017044751 -0.0042611877 1129634447093438
-0.0085223755 -0.02769772 -0.0010652969 1129634452149323
-0.0085223755 -0.033024207 0.0 1129634457038178
-0.0063917814 -0.03728539 0.005326485 1129634462121772
-0.0010652969 -0.04261188 0.011718267 1129634466900784
-0.0021305939 -0.044742472 0.014914157 1129634472011148
0.0010652969 -0.044742472 0.019175345 1129634476839482
-0.0010652969 -0.043677174 0.019175345 1129634482127555
-0.0042611877 -0.03835069 0.017044751 1129634486961358
-0.011718267 -0.03089361 0.015979454 1129634492041775
-0.022371236 -0.025567126 0.01384886 1129634496971776
-0.029828314 -0.018110048 0.011718267 1129634501806567
-0.035154797 -0.0074570784 0.011718267 1129634506897194
-0.035154797 0.005326485 0.01065297 1129634512316933
-0.033024207 0.01384886 0.0085223755 1129634516873497
-0.031958908 0.017044751 0.0085223755 1129634521719486
-0.034089502 0.01384886 0.01384886 1129634526879540
-0.031958908 0.0063917814 0.020240642 1129634531819225
-0.028763017 -0.0021305939 0.025567126 1129634536600895
-0.02769772 -0.012783563 0.02450183 1129634541634436
-0.018110048 -0.025567126 0.02130594 1129634546582250
-0.01384886 -0.034089502 0.012783563 1129634551557139
-0.0074570784 -0.039415985 0.0063917814 1129634556577147
-0.0074570784 -0.03835069 0.0010652969 1129634561604490
-0.0085223755 -0.031958908 -0.0021305939 1129634566501731
-0.0074570784 -0.02450183 -0.005326485 1129634571534698
-0.011718267 -0.018110048 -0.0074570784 1129634576432149
-0.01384886 -0.005326485 -0.0063917814 1129634581576107
-0.01065297 0.005326485 -0.009587673 1129634586391473
-0.005326485 0.01065297 -0.0085223755 1129634591630170
0.0010652969 0.01384886 -0.0031958907 1129634596364859
0.0085223755 0.01065297 -0.0042611877 1129634601369859
0.01384886 -0.0010652969 -0.005326485 1129634606302568
0.018110048 -0.01384886 -0.0063917814 1129634611624964
0.022371236 -0.025567126 -0.0063917814 1129634616269601
0.028763017 -0.033024207 -0.0042611877 1129634621397725
0.025567126 -0.03089361 -0.0021305939 1129634626393977
0.02450183 -0.02450183 -0.0031958907 1129634631280797
0.02769772 -0.015979454 -0.0063917814 1129634636234446
0.02450183 -0.0031958907 -0.0085223755 1129634641287311
0.020240642 0.01065297 -0.0085223755 1129634646242104
0.0063917814 0.01384886 -0.0074570784 1129634651384082
-0.0063917814 0.015979454 -0.0063917814 1129634656120750
-0.012783563 0.015979454 -0.005326485 1129634661120594
-0.022371236 0.02130594 -0.0010652969 1129634666045803
-0.026632423 0.033024207 -0.0010652969 1129634671131637
-0.02450183 0.04261188 -0.0021305939 1129634675992263
-0.022371236 0.04900366 -0.0031958907 1129634681043408
-0.018110048 0.04793836 -0.0074570784 1129634685951951
-0.0074570784 0.045807768 -0.009587673 1129634691203982
0.0042611877 0.03728539 -0.014914157 1129634695906588
0.012783563 0.02769772 -0.017044751 1129634700946587
0.022371236 0.01384886 -0.020240642 1129634705863255
0.03089361 -0.0021305939 -0.025567126 1129634710909870
0.035154797 -0.018110048 -0.028763017 1129634715832996
0.03728539 -0.034089502 -0.028763017 1129634720855496
0.033024207 -0.045807768 -0.022371236 1129634725778726
0.02769772 -0.050068956 -0.012783563 1129634730820965
0.019175345 -0.043677174 -0.0074570784 1129634735751123
0.011718267 -0.028763017 -0.005326485 1129634740826487
0.0042611877 -0.011718267 -0.0021305939 1129634745694665
-0.0010652969 0.005326485 0.0 1129634750727269
-0.009587673 0.015979454 -0.0031958907 1129634755650344
-0.019175345 0.019175345 -0.0021305939 1129634760698312
-0.026632423 0.02130594 -0.0031958907 1129634765608990
-0.028763017 0.022371236 -0.0042611877 1129634770665865
-0.029828314 0.02130594 -0.0031958907 1129634775568158
-0.02450183 0.02450183 -0.0031958907 1129634780728731
-0.02130594 0.02769772 -0.0042611877 1129634785720294
-0.020240642 0.022371236 0.0 1129634790685659
-0.017044751 0.012783563 0.0021305939 1129634795838004
-0.018110048 0.0031958907 0.0031958907 1129634800628160
-0.020240642 -0.0042611877 0.0042611877 1129634805440088
-0.017044751 -0.0085223755 0.0085223755 1129634811023994
-0.019175345 -0.0063917814 0.009587673 1129634815544256
-0.02130594 0.0 0.01384886 1129634820434151
-0.019175345 0.0074570784 0.014914157 1129634825488892
-0.023436533 0.005326485 0.018110048 1129634830515975
-0.026632423 0.0010652969 0.020240642 1129634835432904
-0.02769772 0.0 0.02450183 1129634840535507
-0.029828314 0.0042611877 0.025567126 1129634845283321
-0.028763017 0.0074570784 0.023436533 1129634850437644
-0.031958908 0.014914157 0.025567126 1129634855354624
-0.034089502 0.022371236 0.02769772 1129634860498635
-0.028763017 0.02769772 0.031958908 1129634865352594
-0.023436533 0.034089502 0.036220096 1129634870216812
-0.019175345 0.035154797 0.035154797 1129634875235355
-0.018110048 0.036220096 0.033024207 1129634880209522
-0.020240642 0.036220096 0.028763017 1129634885085721
-0.02450183 0.034089502 0.029828314 1129634890277908
-0.028763017 0.03089361 0.036220096 1129634895055514
-0.029828314 0.02450183 0.04154658 1129634900177128
-0.033024207 0.02130594 0.044742472 1129634905022546
-0.03728539 0.019175345 0.044742472 1129634910045983
-0.045807768 0.01384886 0.04900366 1129634915020873
-0.058591332 0.01384886 0.06285252 1129634920012963
-0.068179004 0.012783563 0.068179004 1129634925496713
-0.06178722 0.01384886 0.059656627 1129634929931611
-0.05113425 0.009587673 0.04900366 1129634935067288
-0.040481284 0.0021305939 0.04154658 1129634939884841
-0.029828314 -0.011718267 0.039415985 1129634945299372
-0.02130594 -0.025567126 0.03835069 1129634949883175
-0.020240642 -0.04154658 0.03835069 1129634954862394
-0.018110048 -0.05219955 0.044742472 1129634959771822
-0.015979454 -0.05646074 0.04900366 1129634964823903
-0.019175345 -0.054330144 0.05539544 1129634969742292
-0.026632423 -0.04793836 0.058591332 1129634974887083
-0.036220096 -0.043677174 0.059656627 1129634979711355
-0.045807768 -0.025567126 0.058591332 1129634984808327
-0.05219955 -0.0031958907 0.05539544 1129634989768231
-0.057526033 0.020240642 0.05646074 1129634994702919
-0.05646074 0.034089502 0.054330144 1129634999614222
-0.059656627 0.040481284 0.054330144 1129635004848284
-0.063917816 0.040481284 0.05646074 1129635009643390
-0.06604841 0.04261188 0.060721926 1129635014766983
-0.06604841 0.04900366 0.070309594 1129635019581099
-0.063917816 0.05219955 0.07350549 1129635024830734
-0.060721926 0.05113425 0.07350549 1129635029666881
-0.05219955 0.03835069 0.07137489 1129635034538287
-0.04261188 0.025567126 0.0692443 1129635039446934
-0.03835069 0.009587673 0.064983115 1129635044427713
-0.03728539 -0.0010652969 0.064983115 1129635049402603
-0.02769772 -0.0074570784 0.0692443 1129635054490164
-0.019175345 -0.01065297 0.07350549 1129635059362561
-0.01065297 -0.015979454 0.07457078 1129635064452873
-0.0074570784 -0.022371236 0.07350549 1129635069539021
-0.011718267 -0.036220096 0.07457078 1129635074522354
-0.009587673 -0.057526033 0.09374613 1129635079272199
0.0010652969 -0.07883197 0.11292148 1129635084517355
0.0074570784 -0.08096257 0.1033338 1129635089235377
0.012783563 -0.060721926 0.08735435 1129635094400324
0.020240642 -0.022371236 0.07776668 1129635099327774
0.026632423 0.017044751 0.07776668 1129635104426940
0.02450183 0.04900366 0.07776668 1129635109310952
0.01384886 0.0692443 0.08202787 1129635114169389
0.0063917814 0.08096257 0.09055024 1129635119140432
-0.0085223755 0.089484945 0.094811425 1129635124169286
-0.019175345 0.09800732 0.09907261 1129635129063766
-0.028763017 0.10013791 0.10652969 1129635134078193
-0.044742472 0.09587672 0.117182665 1129635139006423
-0.053264845 0.08628905 0.122509144 1129635144048194
-0.06178722 0.07457078 0.122509144 1129635148969758
-0.07350549 0.059656627 0.12783563 1129635153994080
-0.07457078 0.046873067 0.13209683 1129635158920852
-0.068179004 0.033024207 0.12783563 1129635163960904
-0.06178722 0.019175345 0.117182665 1129635168881322
-0.05219955 0.011718267 0.10866029 1129635173907520
-0.028763017 0.0021305939 0.1043991 1129635178837625
0.01384886 -0.018110048 0.092680834 1129635188803303
0.035154797 -0.03089361 0.091615535 1129635193837001
0.05113425 -0.03835069 0.09694202 1129635198749711
0.05646074 -0.04154658 0.10652969 1129635203808512
0.05219955 -0.03089361 0.11505207 1129635208873305
0.04154658 -0.009587673 0.122509144 1129635213738253
0.026632423 0.0063917814 0.12890093 1129635218672681
0.011718267 0.026632423 0.13635801 1129635224060650
-0.0042611877 0.039415985 0.13529271 1129635228723412
-0.028763017 0.04900366 0.1374233 1129635233790703
-0.059656627 0.06285252 0.13529271 1129635238630027
-0.08735435 0.07776668 0.12570503 1129635243655131
-0.10652969 0.08522376 0.117182665 1129635248549403
-0.117182665 0.089484945 0.11079088 1129635253568413
-0.120378554 0.091615535 0.1054644 1129635258504456
-0.116117366 0.09374613 0.1022685 1129635263534612
-0.1033338 0.089484945 0.1043991 1129635268462061
-0.08096257 0.07350549 0.10759499 1129635273510290
-0.05646074 0.046873067 0.10652969 1129635278430396
-0.035154797 0.012783563 0.10013791 1129635283447322
-0.011718267 -0.020240642 0.094811425 1129635288378417
0.011718267 -0.043677174 0.091615535 1129635293405813
0.035154797 -0.060721926 0.088419646 1129635298331231
0.046873067 -0.067113705 0.08735435 1129635303410710
0.05219955 -0.058591332 0.08628905 1129635308290815
0.046873067 -0.031958908 0.08309316 1129635313318107
0.034089502 0.0031958907 0.07670138 1129635318236025
0.015979454 0.03728539 0.07457078 1129635323307847
-0.0063917814 0.068179004 0.07989727 1129635328307536
-0.02769772 0.092680834 0.089484945 1129635333246182
-0.04793836 0.10759499 0.10120321 1129635338158422
-0.067113705 0.10972559 0.1054644 1129635343283839
-0.08522376 0.10866029 0.11079088 1129635348152017
-0.092680834 0.1022685 0.117182665 1129635353148111
-0.09055024 0.09694202 0.117182665 1129635358585922
-0.08202787 0.08202787 0.11079088 1129635363044935
-0.07137489 0.063917816 0.10652969 1129635368101810
-0.058591332 0.04261188 0.10652969 1129635373191551
-0.036220096 0.017044751 0.10120321 1129635378443790
-0.012783563 -0.0074570784 0.09374613 1129635382959781
0.012783563 -0.02769772 0.08522376 1129635387991291
0.034089502 -0.043677174 0.07563608 1129635393268168
0.050068956 -0.06285252 0.0692443 1129635398160094
0.060721926 -0.08096257 0.0692443 1129635402884887
0.063917816 -0.094811425 0.063917816 1129635407902751
0.059656627 -0.10120321 0.058591332 1129635412843847
0.05113425 -0.10013791 0.05113425 1129635418160930
0.039415985 -0.09587672 0.04793836 1129635422812337
0.02769772 -0.088419646 0.04154658 1129635427826816
0.019175345 -0.07670138 0.03728539 1129635432758119
0.01065297 -0.068179004 0.035154797 1129635437959473
0.0085223755 -0.06285252 0.035154797 1129635442702756
0.01065297 -0.06178722 0.036220096 1129635447768745
0.012783563 -0.06178722 0.03835069 1129635452702757
0.014914157 -0.059656627 0.03728539 1129635458171611
0.020240642 -0.057526033 0.036220096 1129635462625362
0.023436533 -0.054330144 0.036220096 1129635467756195
0.028763017 -0.043677174 0.04261188 1129635472579894
0.039415985 -0.03089361 0.05113425 1129635477954946
0.04900366 -0.014914157 0.054330144 1129635482526510
0.04793836 0.0021305939 0.06178722 1129635487584947
0.046873067 0.018110048 0.064983115 1129635492486615
0.04900366 0.036220096 0.070309594 1129635497619323
0.044742472 0.04900366 0.07883197 1129635502449793
0.044742472 0.059656627 0.08522376 1129635507479845
0.046873067 0.060721926 0.091615535 1129635512424742
0.043677174 0.05219955 0.09800732 1129635517427499
0.04261188 0.036220096 0.10120321 1129635522372451
0.03835069 0.015979454 0.1043991 1129635527386513
0.039415985 -0.0010652969 0.10652969 1129635532311202
0.046873067 -0.018110048 0.10652969 1129635537356046
0.05539544 -0.03089361 0.10866029 1129635542393443
0.070309594 -0.04154658 0.10652969 1129635547312245
0.08309316 -0.05113425 0.10652969 1129635552301308
0.09694202 -0.05219955 0.10972559 1129635557270683
0.1043991 -0.05219955 0.11185618 1129635562190580
0.11079088 -0.04900366 0.11292148 1129635567337090
0.11185618 -0.045807768 0.11505207 1129635572170685
0.1033338 -0.03835069 0.117182665 1129635577308758
0.09374613 -0.02769772 0.11824796 1129635582148551
0.08202787 -0.014914157 0.12144385 1129635587136832
0.06604841 0.0 0.12357444 1129635592072094
0.053264845 0.014914157 0.12677033 1129635597090843
0.044742472 0.026632423 0.12783563 1129635602015272
0.036220096 0.036220096 0.12996623 1129635607115688
0.028763017 0.044742472 0.13422741 1129635611971835
0.02450183 0.060721926 0.14488038 1129635617210116
0.023436533 0.08202787 0.16085984 1129635621930482
0.018110048 0.092680834 0.16725162 1129635626970482
0.019175345 0.09055024 0.16299044 1129635631886108
0.022371236 0.07989727 0.15766394 1129635636979597
0.03089361 0.05646074 0.15979454 1129635641857515
0.039415985 0.028763017 0.16618632 1129635646877150
0.058591332 0.0085223755 0.1747087 1129635651801943
0.064983115 0.0 0.18110047 1129635656863037
0.070309594 -0.005326485 0.18323107 1129635661759757
0.07244019 -0.0063917814 0.18003519 1129635666795434
0.07350549 -0.005326485 0.17683929 1129635671716268
0.07457078 -0.005326485 0.17790459 1129635676967414
0.068179004 -0.0021305939 0.18110047 1129635682002519
0.063917816 0.0010652969 0.18962285 1129635686925696
0.050068956 0.0074570784 0.204537 1129635691793822
0.036220096 0.018110048 0.21838588 1129635696696426
0.019175345 0.031958908 0.23223473 1129635701588146
0.0074570784 0.050068956 0.24501829 1129635706631948
0.0063917814 0.068179004 0.25141007 1129635711587366
0.0074570784 0.09055024 0.25141007 1129635716640282
0.0042611877 0.11292148 0.25034478 1129635721514190
0.0031958907 0.13422741 0.25247538 1129635726545179
0.0063917814 0.15340276 0.25034478 1129635731504347
0.009587673 0.17044751 0.24927948 1129635736507055
0.0085223755 0.18642697 0.25247538 1129635741417213
0.009587673 0.20240642 0.25354066 1129635746511640
0.0085223755 0.21305938 0.25567126 1129635751385599
0.0074570784 0.21518998 0.25673655 1129635756408984
0.011718267 0.21412468 0.25886714 1129635761338100
0.015979454 0.204537 0.26312834 1129635766473152
0.020240642 0.18749227 0.26525894 1129635771305601
0.022371236 0.16725162 0.26845482 1129635776355549
0.02450183 0.14594568 0.26738954 1129635781358206
0.028763017 0.12996623 0.25886714 1129635786302581
0.03089361 0.11824796 0.25034478 1129635791255186
0.03835069 0.11079088 0.2418224 1129635796236540
0.04261188 0.10120321 0.23223473 1129635801424041
0.040481284 0.09374613 0.22584295 1129635806344302
0.03835069 0.08415846 0.22051647 1129635811690397
0.039415985 0.07670138 0.23223473 1129635816151230
0.03089361 0.064983115 0.2428877 1129635821087637
0.012783563 0.045807768 0.23969181 1129635826231179
0.0010652969 0.022371236 0.23543063 1129635831304409
-0.0074570784 0.0031958907 0.23543063 1129635836067273
-0.01384886 -0.01065297 0.23330003 1129635841001754
-0.014914157 -0.014914157 0.23010413 1129635846023056
-0.017044751 0.0 0.22903883 1129635850959461
-0.01384886 0.028763017 0.22903883 1129635856092900
-0.012783563 0.06285252 0.22797355 1129635860918266
-0.018110048 0.1054644 0.22584295 1129635865942120
-0.022371236 0.14488038 0.22051647 1129635871096236
-0.028763017 0.18429637 0.21518998 1129635875941913
-0.036220096 0.22051647 0.2119941 1129635880919206
-0.039415985 0.2428877 0.21518998 1129635885867747
-0.043677174 0.25567126 0.21838588 1129635890793631
-0.05646074 0.25673655 0.21625528 1129635895799041
-0.060721926 0.24714889 0.2056023 1129635900732176
-0.063917816 0.23116943 0.19921052 1129635905798628
-0.060721926 0.2077329 0.19068815 1129635910681955
-0.054330144 0.17790459 0.18642697 1129635915749573
-0.04154658 0.1395539 0.18429637 1129635920661345
-0.031958908 0.1022685 0.18429637 1129635925687855
-0.028763017 0.060721926 0.18749227 1129635930735356
-0.023436533 0.02769772 0.19068815 1129635935651033
-0.020240642 0.0042611877 0.19388404 1129635940564680
-0.014914157 -0.0063917814 0.19921052 1129635945597805
-0.011718267 -0.0021305939 0.2077329 1129635950510980
-0.0042611877 0.0085223755 0.2109288 1129635955585566
0.0 0.029828314 0.2098635 1129635960478745
0.005326485 0.05646074 0.2087982 1129635965511609
0.009587673 0.08522376 0.20347172 1129635970464840
0.012783563 0.11292148 0.20027582 1129635975502704
0.017044751 0.14381509 0.19494934 1129635980404580
0.02450183 0.17044751 0.19175345 1129635985441559
0.028763017 0.18962285 0.18855755 1129635990378592
0.034089502 0.2066676 0.18536167 1129635995396039
0.040481284 0.21518998 0.18323107 1129636000305832
0.040481284 0.21518998 0.18110047 1129636005496353
0.03728539 0.2087982 0.18110047 1129636010413541
0.03835069 0.19388404 0.18003519 1129636015547916
0.034089502 0.17896989 0.18110047 1129636020221042
0.033024207 0.15872924 0.18749227 1129636025258021
0.03089361 0.13529271 0.19388404 1129636030224273
0.025567126 0.11292148 0.19921052 1129636035222501
0.017044751 0.068179004 0.22264706 1129636040171825
-0.015979454 0.04900366 0.26312834 1129636065095004
-0.02450183 0.05539544 0.26738954 1129636070006620
-0.02769772 0.06178722 0.26419365 1129636075041464
-0.035154797 0.068179004 0.25354066 1129636079976153
-0.040481284 0.07244019 0.243953 1129636085041100
-0.04261188 0.07244019 0.23543063 1129636089953289
-0.046873067 0.0692443 0.23223473 1129636094957924
-0.050068956 0.06285252 0.23330003 1129636099891050
-0.053264845 0.05539544 0.23223473 1129636105028290
-0.04900366 0.045807768 0.23010413 1129636110150010
-0.03835069 0.033024207 0.22584295 1129636114850212
-0.035154797 0.020240642 0.22371235 1129636119794581
-0.031958908 0.0042611877 0.22371235 1129636124830512
-0.025567126 -0.014914157 0.22903883 1129636130006991
-0.02130594 -0.034089502 0.23649593 1129636134938553
-0.014914157 -0.046873067 0.24501829 1129636139761002
-0.0085223755 -0.057526033 0.24927948 1129636144884127
0.0042611877 -0.067113705 0.24821419 1129636149703035
0.01065297 -0.07457078 0.24501829 1129636154702982
0.0085223755 -0.07350549 0.23862651 1129636159636265
0.0042611877 -0.06604841 0.23649593 1129636164704962
-0.0031958907 -0.05539544 0.24075711 1129636169579287
-0.009587673 -0.03728539 0.24608359 1129636174614599
-0.017044751 -0.018110048 0.24927948 1129636179537100
-0.026632423 0.0010652969 0.25034478 1129636184584964
-0.029828314 0.015979454 0.25141007 1129636189506684
-0.03089361 0.02450183 0.25034478 1129636194526736
-0.02769772 0.028763017 0.24927948 1129636199493248
-0.022371236 0.023436533 0.24821419 1129636204489237
-0.014914157 0.017044751 0.24501829 1129636209409915
-0.005326485 0.0042611877 0.23969181 1129636214463301
-0.0063917814 -0.01384886 0.23543063 1129636219438191
-0.0063917814 -0.036220096 0.22690825 1129636224409135
-0.0042611877 -0.06178722 0.21625528 1129636229335438
-0.0085223755 -0.08309316 0.2087982 1129636234357417
-0.01384886 -0.1054644 0.20027582 1129636239283773
-0.01384886 -0.12463974 0.19175345 1129636244350179
-0.01384886 -0.1384886 0.18536167 1129636249235232
-0.015979454 -0.14807628 0.18003519 1129636254328565
-0.019175345 -0.15340276 0.17683929 1129636259359868
-0.02130594 -0.15020686 0.17896989 1129636264402314
-0.025567126 -0.14061919 0.18003519 1129636269152942
-0.029828314 -0.13103153 0.18110047 1129636274184557
-0.034089502 -0.120378554 0.17896989 1129636279132683
-0.044742472 -0.11079088 0.17683929 1129636284381276
-0.05646074 -0.1054644 0.17151281 1129636289081479
-0.058591332 -0.10652969 0.16192514 1129636294148621
-0.060721926 -0.11079088 0.15020686 1129636299025497
-0.05539544 -0.120378554 0.14168449 1129636304364768
-0.044742472 -0.13209683 0.13316211 1129636308993623
-0.035154797 -0.14274979 0.12783563 1129636314024404
-0.025567126 -0.15020686 0.12357444 1129636318945343
-0.012783563 -0.15340276 0.11824796 1129636324234927
-0.0031958907 -0.15233746 0.116117366 1129636328924250
0.0063917814 -0.14701098 0.113986775 1129636334045656
0.012783563 -0.1384886 0.11185618 1129636338941230
0.01065297 -0.13209683 0.10866029 1129636344145501
0.01065297 -0.13103153 0.1022685 1129636348900502
0.0031958907 -0.12890093 0.09907261 1129636353850242
0.0010652969 -0.12357444 0.10013791 1129636358843003
-0.0031958907 -0.120378554 0.10013791 1129636364101857
-0.005326485 -0.116117366 0.1033338 1129636368845973
-0.009587673 -0.11505207 0.10120321 1129636373874046
-0.011718267 -0.10972559 0.09694202 1129636378817537
-0.01384886 -0.11079088 0.09694202 1129636383976286
-0.018110048 -0.116117366 0.09907261 1129636388680819
-0.014914157 -0.122509144 0.09800732 1129636393670714
-0.009587673 -0.12996623 0.09694202 1129636398603580
-0.0063917814 -0.1395539 0.09587672 1129636403640035
-0.005326485 -0.14701098 0.09055024 1129636408585196
-0.005326485 -0.15233746 0.08415846 1129636413588945
-0.0021305939 -0.15553336 0.08415846 1129636418507332
-0.0021305939 -0.15872924 0.08522376 1129636423552801
0.0010652969 -0.15233746 0.089484945 1129636428497170
0.0010652969 -0.1384886 0.094811425 1129636433624663
0.0 -0.122509144 0.09800732 1129636438429001
0.0031958907 -0.10120321 0.09800732 1129636443452594
0.0042611877 -0.08096257 0.10013791 1129636448390304
-0.0010652969 -0.06285252 0.10013791 1129636453461762
-0.009587673 -0.046873067 0.10652969 1129636458409367
-0.017044751 -0.040481284 0.11079088 1129636463412128
-0.025567126 -0.03835069 0.11505207 1129636468417539
-0.035154797 -0.044742472 0.117182665 1129636473368743
-0.040481284 -0.057526033 0.117182665 1129636478318276
-0.035154797 -0.07457078 0.119313255 1129636483413692
-0.022371236 -0.089484945 0.12357444 1129636488221662
-0.0074570784 -0.10652969 0.12677033 1129636493253432
0.0031958907 -0.12463974 0.12570503 1129636498167653
0.01065297 -0.13422741 0.12570503 1129636503244736
0.018110048 -0.13635801 0.12357444 1129636508122237
0.025567126 -0.13316211 0.11824796 1129636513181143
0.031958908 -0.12570503 0.116117366 1129636518078800
0.035154797 -0.11292148 0.117182665 1129636523425623
0.029828314 -0.094811425 0.117182665 1129636528084687
0.02450183 -0.07563608 0.120378554 1129636533078124
0.022371236 -0.054330144 0.12463974 1129636538018073
0.018110048 -0.03835069 0.13635801 1129636543026823
0.01065297 -0.029828314 0.14594568 1129636547954897
0.0063917814 -0.025567126 0.15233746 1129636552987813
0.0074570784 -0.023436533 0.16085984 1129636557908700
0.011718267 -0.02450183 0.16618632 1129636563274637
0.02450183 -0.02130594 0.1736434 1129636567990732
0.031958908 -0.015979454 0.1747087 1129636572914222
0.039415985 -0.0063917814 0.17151281 1129636577822348
0.039415985 0.0074570784 0.17044751 1129636582856462
0.034089502 0.02769772 0.16725162 1129636587795839
0.03089361 0.045807768 0.16938221 1129636592831047
0.03089361 0.060721926 0.17683929 1129636597785735
0.03089361 0.0692443 0.18855755 1129636602769850
0.026632423 0.06604841 0.20027582 1129636607796830
0.019175345 0.05219955 0.2109288 1129636612740007
0.01384886 0.03728539 0.21838588 1129636617670373
0.011718267 0.022371236 0.22158176 1129636622725946
0.011718267 0.009587673 0.22584295 1129636627616780
0.017044751 0.0 0.23010413 1129636632644228
0.02450183 -0.0042611877 0.23330003 1129636637565583
0.034089502 -0.0085223755 0.24075711 1129636642610531
0.040481284 -0.0085223755 0.24501829 1129636647535011
0.045807768 -0.0031958907 0.24927948 1129636652540421
0.04900366 0.0031958907 0.24927948 1129636657515311
0.050068956 0.01384886 0.24501829 1129636662512720
0.04793836 0.025567126 0.23969181 1129636667449388
0.04900366 0.036220096 0.23223473 1129636672470065
0.046873067 0.039415985 0.23116943 1129636677428764
0.043677174 0.03728539 0.22903883 1129636682427306
0.040481284 0.035154797 0.22690825 1129636687355796
0.033024207 0.025567126 0.22477765 1129636692401265
0.02450183 0.015979454 0.22477765 1129636697957932
0.015979454 0.0031958907 0.22158176 1129636702303037
0.0085223755 -0.0063917814 0.22371235 1129636707331058
0.009587673 -0.011718267 0.22903883 1129636712266216
0.0074570784 -0.014914157 0.23223473 1129636717628559
0.0085223755 -0.018110048 0.23436533 1129636722201529
0.01384886 -0.017044751 0.23543063 1129636727249133
0.017044751 -0.015979454 0.23010413 1129636732175020
0.02130594 -0.01384886 0.22477765 1129636737489082
0.023436533 -0.0085223755 0.22158176 1129636742127104
0.025567126 -0.0063917814 0.21732058 1129636747148666
0.02769772 -0.0074570784 0.21412468 1129636752073407
0.022371236 -0.0074570784 0.2087982 1129636757363355
0.020240642 -0.011718267 0.21518998 1129636762030127
0.01065297 -0.01384886 0.22371235 1129636767098460
0.0042611877 -0.018110048 0.23010413 1129636771985440
0.0 -0.014914157 0.23116943 1129636775430127
-0.005326485 -0.009587673 0.22903883 1129636781945598
-0.01065297 -0.005326485 0.22051647 1129636786977108
-0.009587673 0.0021305939 0.21412468 1129636791899140
-0.0085223755 0.0063917814 0.2109288 1129636797182890
-0.0074570784 0.009587673 0.20027582 1129636801862474
-0.009587673 0.0085223755 0.18749227 1129636806896537
-0.019175345 0.0021305939 0.1725781 1129636811816955
-0.033024207 -0.0085223755 0.15872924 1129636816890288
-0.039415985 -0.02450183 0.15340276 1129636821789351
-0.04154658 -0.04154658 0.14701098 1129636826817580
-0.045807768 -0.054330144 0.1384886 1129636831744873
-0.045807768 -0.063917816 0.13209683 1129636836799089
-0.04261188 -0.064983115 0.12890093 1129636841705708
-0.035154797 -0.06178722 0.12463974 1129636846741639
-0.02769772 -0.053264845 0.12144385 1129636851866021
-0.020240642 -0.04261188 0.12357444 1129636856637216
-0.017044751 -0.033024207 0.12357444 1129636861778522
-0.014914157 -0.022371236 0.12890093 1129636866635032
-0.011718267 -0.017044751 0.13316211 1129636871563315
-0.01384886 -0.012783563 0.13635801 1129636876871648
-0.014914157 -0.015979454 0.14488038 1129636881527430
-0.019175345 -0.018110048 0.15979454 1129636886576857
-0.026632423 -0.02130594 0.1747087 1129636891527431
-0.02769772 -0.029828314 0.18536167 1129636896529827
-0.02769772 -0.031958908 0.19494934 1129636901434464
-0.026632423 -0.028763017 0.2077329 1129636906509776
-0.023436533 -0.018110048 0.2109288 1129636911387642
-0.018110048 0.0010652969 0.2066676 1129636916476443
-0.022371236 0.028763017 0.20027582 1129636921350455
-0.02130594 0.06285252 0.19281875 1129636926382590
-0.014914157 0.1022685 0.18110047 1129636931320821
-0.012783563 0.14061919 0.16725162 1129636936425508
-0.0042611877 0.1747087 0.15872924 1129636941410874
0.0 0.19601464 0.15020686 1129636946306551
0.0 0.2098635 0.1395539 1129636951258739
-0.0021305939 0.2056023 0.13316211 1129636956284416
-0.005326485 0.19068815 0.12357444 1129636961173428
-0.0074570784 0.16085984 0.11824796 1129636966211553
-0.009587673 0.119313255 0.11292148 1129636971128793
-0.0074570784 0.07563608 0.117182665 1129636976171554
-0.0042611877 0.029828314 0.12463974 1129636981104159
-0.0021305939 -0.015979454 0.13209683 1129636986135096
-0.0031958907 -0.054330144 0.1384886 1129636991109986
-0.0074570784 -0.07670138 0.14168449 1129636996092701
-0.0074570784 -0.091615535 0.14488038 1129637001001140
-0.009587673 -0.09907261 0.14914156 1129637006064838
-0.01384886 -0.09907261 0.15979454 1129637010972079
-0.019175345 -0.091615535 0.17151281 1129637016081245
-0.02450183 -0.08522376 0.18749227 1129637020939059
-0.031958908 -0.07563608 0.204537 1129637025951663
-0.034089502 -0.063917816 0.21518998 1129637030890883
-0.034089502 -0.054330144 0.21625528 1129637036066143
-0.034089502 -0.04154658 0.2119941 1129637040845988
-0.03728539 -0.022371236 0.2066676 1129637045898904
-0.03089361 -0.0031958907 0.20347172 1129637050931926
-0.025567126 0.019175345 0.20240642 1129637055838697
-0.023436533 0.036220096 0.20027582 1129637060763594
-0.022371236 0.05219955 0.19814523 1129637065784896
-0.02450183 0.064983115 0.19388404 1129637070718647
-0.03089361 0.07989727 0.18855755 1129637075810418
-0.02769772 0.088419646 0.18536167 1129637080659638
-0.020240642 0.09800732 0.18216577 1129637085726721
-0.014914157 0.1054644 0.1725781 1129637090633753
-0.014914157 0.10866029 0.16512102 1129637095653128
-0.019175345 0.10972559 0.16512102 1129637100580213
-0.025567126 0.10652969 0.16405573 1129637105624379
-0.036220096 0.1043991 0.16725162 1129637110547089
-0.043677174 0.09587672 0.16938221 1129637115675526
-0.05113425 0.07989727 0.16938221 1129637120587090
-0.058591332 0.05646074 0.16618632 1129637125632141
-0.06178722 0.028763017 0.16938221 1129637130469226
-0.06178722 -0.0031958907 0.175774 1129637135482871
-0.057526033 -0.039415985 0.18003519 1129637140416050
-0.04793836 -0.07244019 0.18429637 1129637145450060
-0.028763017 -0.10120321 0.18323107 1129637150797926
-0.0063917814 -0.122509144 0.18110047 1129637155395686
0.009587673 -0.13422741 0.18110047 1129637160401097
0.020240642 -0.13316211 0.18216577 1129637165361260
0.019175345 -0.12144385 0.17683929 1129637170563553
0.012783563 -0.10120321 0.17151281 1129637175315323
0.0021305939 -0.067113705 0.17044751 1129637180255273
-0.012783563 -0.02769772 0.16618632 1129637185267408
-0.02769772 0.01384886 0.16512102 1129637190188033
-0.063917816 0.08415846 0.16725162 1129637200142879
-0.07883197 0.09907261 0.17044751 1129637205192722
-0.091615535 0.1043991 0.16938221 1129637210349182
-0.092680834 0.09694202 0.16725162 1129637215138556
-0.088419646 0.07883197 0.16299044 1129637220057829
-0.07883197 0.05219955 0.15979454 1129637225107360
-0.067113705 0.022371236 0.16299044 1129637230272205
-0.044742472 -0.0042611877 0.16831692 1129637235109236
-0.025567126 -0.02769772 0.1747087 1129637240086893
-0.012783563 -0.045807768 0.18003519 1129637245016997
-0.0074570784 -0.054330144 0.17790459 1129637249950641
-0.0031958907 -0.05646074 0.1747087 1129637254977571
0.0085223755 -0.045807768 0.16938221 1129637259905645
0.012783563 -0.035154797 0.16192514 1129637265119343
0.012783563 -0.022371236 0.14914156 1129637269911108
0.014914157 -0.009587673 0.1395539 1129637274925490
0.01065297 0.0021305939 0.13635801 1129637279805908
0.005326485 0.0063917814 0.13635801 1129637284852001
0.0010652969 0.0085223755 0.14061919 1129637289854034
-0.0031958907 0.0042611877 0.14914156 1129637294843669
-0.0085223755 -0.0021305939 0.16085984 1129637299726274
-0.012783563 -0.012783563 0.17683929 1129637304770545
-0.01384886 -0.026632423 0.19281875 1129637309798411
-0.01065297 -0.039415985 0.204537 1129637314903462
-0.009587673 -0.04900366 0.2109288 1129637319640026
-0.005326485 -0.057526033 0.21732058 1129637324674140
-0.0031958907 -0.063917816 0.22903883 1129637329648777
0.0031958907 -0.063917816 0.23116943 1129637334656537
0.0074570784 -0.057526033 0.22051647 1129637339570184
0.0010652969 -0.045807768 0.2066676 1129637344587371
-0.0031958907 -0.031958908 0.19388404 1129637349567894
-0.012783563 -0.014914157 0.18749227 1129637354687060
-0.02450183 -0.0021305939 0.17896989 1129637359480395
-0.031958908 0.0063917814 0.17151281 1129637364602530
-0.05219955 -0.034089502 0.15233746 1129637379490032
-0.058591332 -0.070309594 0.15127216 1129637384413886
-0.06178722 -0.10759499 0.14594568 1129637389562846
-0.05646074 -0.14168449 0.14168449 1129637394391283
-0.04900366 -0.17044751 0.1395539 1129637399294201
-0.03728539 -0.19494934 0.1395539 1129637404330450
-0.025567126 -0.21412468 0.14168449 1129637409253577
-0.01065297 -0.22264706 0.14807628 1129637414329358
0.0 -0.22264706 0.15979454 1129637419273727
0.005326485 -0.2109288 0.16512102 1129637424258369
0.005326485 -0.19175345 0.15872924 1129637429164620
-0.0074570784 -0.16299044 0.15020686 1129637434202276
-0.018110048 -0.12357444 0.14061919 1129637439147017
-0.028763017 -0.07776668 0.13103153 1129637444157746
-0.03728539 -0.02769772 0.12677033 1129637449084049
-0.04900366 0.015979454 0.12144385 1129637454127434
-0.06178722 0.044742472 0.113986775 1129637459036811
-0.068179004 0.059656627 0.1022685 1129637464341133
-0.068179004 0.05646074 0.09587672 1129637468992124
-0.06285252 0.034089502 0.09374613 1129637474109676
-0.05113425 0.0042611877 0.09374613 1129637478981136
-0.035154797 -0.03089361 0.10013791 1129637484052333
-0.02130594 -0.0692443 0.1022685 1129637488966181
-0.0085223755 -0.1043991 0.1043991 1129637493973532
-0.0042611877 -0.12890093 0.1043991 1129637499131815
-0.0042611877 -0.1395539 0.10652969 1129637504033377
-0.009587673 -0.13316211 0.11292148 1129637508896295
-0.009587673 -0.11185618 0.120378554 1129637513856295
-0.01384886 -0.07883197 0.12677033 1129637518781973
-0.02130594 -0.046873067 0.13422741 1129637523860358
-0.022371236 -0.022371236 0.14274979 1129637528750047
-0.02130594 -0.0063917814 0.15233746 1129637533766036
-0.015979454 0.0074570784 0.15553336 1129637538708954
-0.0085223755 0.015979454 0.15446806 1129637543755620
-0.0010652969 0.023436533 0.14701098 1129637548653799
0.0085223755 0.033024207 0.14168449 1129637553697496
0.017044751 0.043677174 0.14274979 1129637558605050
0.02450183 0.05646074 0.14488038 1129637563686404
0.029828314 0.068179004 0.15020686 1129637568592395
0.029828314 0.07989727 0.15979454 1129637573640780
0.028763017 0.08415846 0.1725781 1129637578647500
0.028763017 0.08522376 0.17790459 1129637583969635
0.022371236 0.08096257 0.17683929 1129637588498647
0.014914157 0.070309594 0.17790459 1129637593517657
0.011718267 0.05539544 0.18429637 1129637598448127
0.009587673 0.033024207 0.19707993 1129637603770835
0.0063917814 0.009587673 0.21305938 1129637608439169
0.0063917814 -0.009587673 0.23223473 1129637613426930
0.01065297 -0.026632423 0.24608359 1129637618376827
0.011718267 -0.029828314 0.24714889 1129637623334429
0.012783563 -0.026632423 0.2418224 1129637628481099
0.0085223755 -0.022371236 0.23330003 1129637633361254
0.005326485 -0.01384886 0.22797355 1129637638276047
-0.0031958907 -0.0010652969 0.22903883 1129637643536828
-0.01065297 0.0085223755 0.22797355 1129637648222194
-0.015979454 0.017044751 0.22584295 1129637653261256
-0.017044751 0.025567126 0.22264706 1129637658203914
-0.0085223755 0.029828314 0.22264706 1129637663196359
0.0042611877 0.03089361 0.22477765 1129637668140842
0.012783563 0.031958908 0.22158176 1129637673146252
0.019175345 0.033024207 0.21518998 1129637678099228
0.026632423 0.035154797 0.21305938 1129637683189124
0.03089361 0.03835069 0.2119941 1129637688194535
0.02769772 0.03835069 0.2109288 1129637693159073
0.02130594 0.036220096 0.2098635 1129637698122616
0.009587673 0.029828314 0.2056023 1129637703295272
-0.0042611877 0.017044751 0.19707993 1129637707971575
-0.01384886 0.0042611877 0.18749227 1129637713044700
-0.015979454 -0.009587673 0.17151281 1129637717927097
-0.014914157 -0.02130594 0.15446806 1129637723126993
-0.01384886 -0.031958908 0.13422741 1129637727897046
-0.0063917814 -0.044742472 0.11292148 1129637732919233
-0.0031958907 -0.060721926 0.094811425 1129637737852516
0.0 -0.07457078 0.088419646 1129637742868658
0.0063917814 -0.08309316 0.08309316 1129637747797100
0.011718267 -0.091615535 0.08415846 1129637752833870
0.011718267 -0.09587672 0.08735435 1129637757758247
0.0085223755 -0.09587672 0.09055024 1129637763144496
0.0042611877 -0.09694202 0.09374613 1129637767756998
0.0010652969 -0.088419646 0.09694202 1129637772760539
-0.0010652969 -0.07670138 0.1022685 1129637777671634
0.0021305939 -0.058591332 0.10652969 1129637782753926
0.005326485 -0.031958908 0.10866029 1129637787769187
0.0085223755 -0.0031958907 0.10759499 1129637792684968
0.0074570784 0.028763017 0.10652969 1129637797589084
0.0063917814 0.06285252 0.09907261 1129637802787417
0.0042611877 0.10013791 0.09587672 1129637807553096
0.0074570784 0.13103153 0.092680834 1129637812597001
0.015979454 0.15340276 0.08735435 1129637817526378
0.015979454 0.15446806 0.08522376 1129637822795492
0.018110048 0.14381509 0.08309316 1129637827503254
0.014914157 0.116117366 0.07776668 1129637832509712
0.0085223755 0.07670138 0.07457078 1129637837427161
0.0063917814 0.034089502 0.07457078 1129637842522630
0.0074570784 -0.0042611877 0.07350549 1129637847382266
0.0074570784 -0.035154797 0.07350549 1129637852404870
0.0042611877 -0.053264845 0.07137489 1129637857340080
0.0021305939 -0.05539544 0.0692443 1129637862557058
0.0010652969 -0.044742472 0.064983115 1129637867369768
-0.005326485 -0.029828314 0.068179004 1129637872356330
-0.0021305939 -0.0063917814 0.07137489 1129637877272894
0.009587673 0.022371236 0.07776668 1129637882281800
0.011718267 0.059656627 0.08309316 1129637887309874
0.01065297 0.089484945 0.08309316 1129637892266541
0.018110048 0.10759499 0.08202787 1129637897158938
0.019175345 0.10972559 0.08202787 1129637902205917
0.014914157 0.09907261 0.08522376 1129637907121439
0.009587673 0.07883197 0.09374613 1129637912149303
-0.0021305939 0.054330144 0.10120321 1129637917122117
-0.01384886 0.03089361 0.1054644 1129637922217273
-0.025567126 0.011718267 0.1054644 1129637927029253
-0.03089361 -0.0021305939 0.1022685 1129637932086805
-0.036220096 -0.011718267 0.09800732 1129637937019983
-0.02769772 -0.02450183 0.091615535 1129637947220141
-0.02450183 -0.028763017 0.089484945 1129637951977119
-0.020240642 -0.03089361 0.09055024 1129637956925506
-0.017044751 -0.034089502 0.091615535 1129637961934725
-0.01384886 -0.036220096 0.094811425 1129637966858788
-0.0085223755 -0.03835069 0.10013791 1129637971919517
-0.009587673 -0.035154797 0.1022685 1129637976849571
-0.0031958907 -0.033024207 0.1043991 1129637981850404
-0.0010652969 -0.028763017 0.10120321 1129637986783113
-0.0031958907 -0.026632423 0.09907261 1129637991806759
-0.0085223755 -0.02130594 0.09800732 1129637996864208
-0.01065297 -0.020240642 0.09907261 1129638001777593
-0.01384886 -0.012783563 0.09800732 1129638006687490
-0.017044751 -0.0042611877 0.1033338 1129638011721865
-0.02130594 0.0074570784 0.11185618 1129638016982959
-0.02450183 0.02130594 0.120378554 1129638021689158
-0.026632423 0.03835069 0.12890093 1129638026609992
-0.023436533 0.04900366 0.1384886 1129638031861294
-0.023436533 0.059656627 0.13635801 1129638036597231
-0.029828314 0.07670138 0.12570503 1129638041735149
-0.03728539 0.09374613 0.11292148 1129638046679518
-0.04261188 0.10866029 0.10120321 1129638051841609
-0.043677174 0.116117366 0.09694202 1129638056694415
-0.044742472 0.11079088 0.09907261 1129638061553381
-0.044742472 0.094811425 0.1022685 1129638066671975
-0.043677174 0.07137489 0.10652969 1129638071474163
-0.044742472 0.044742472 0.10866029 1129638076693279
-0.04900366 0.022371236 0.116117366 1129638081478278
-0.054330144 -0.0010652969 0.12357444 1129638086359894
-0.06178722 -0.023436533 0.12677033 1129638091393227
-0.0692443 -0.04154658 0.12996623 1129638096346872
-0.07670138 -0.058591332 0.13529271 1129638101338020
-0.08309316 -0.063917816 0.14061919 1129638106262917
-0.08415846 -0.064983115 0.14274979 1129638111297187
-0.07989727 -0.058591332 0.14381509 1129638116495783
-0.07457078 -0.045807768 0.14701098 1129638121264168
-0.068179004 -0.034089502 0.15446806 1129638126180106
-0.054330144 -0.023436533 0.16618632 1129638131210679
-0.040481284 -0.014914157 0.17896989 1129638136347972
-0.028763017 -0.018110048 0.20134112 1129638141311305
-0.015979454 -0.031958908 0.22371235 1129638146101931
-0.0031958907 -0.04261188 0.23436533 1129638151138806
0.0 -0.050068956 0.23010413 1129638156255422
0.0021305939 -0.057526033 0.22477765 1129638161142661
0.0031958907 -0.057526033 0.21732058 1129638166006725
0.0021305939 -0.04900366 0.2098635 1129638171039329
0.0010652969 -0.028763017 0.204537 1129638176187038
-0.0010652969 0.0010652969 0.19921052 1129638180995476
0.0 0.028763017 0.19707993 1129638185918967
0.0010652969 0.04793836 0.19921052 1129638190952195
0.005326485 0.063917816 0.2098635 1129638195895686
0.0063917814 0.07563608 0.2077329 1129638200908967
0.0063917814 0.07776668 0.20240642 1129638205834437
0.0010652969 0.08096257 0.18855755 1129638210869906
-0.0010652969 0.08096257 0.17896989 1129638215823136
-0.0010652969 0.07670138 0.17683929 1129638220823136
-0.0074570784 0.0692443 0.18429637 1129638225849491
-0.009587673 0.058591332 0.17896989 1129638230854901
-0.0063917814 0.036220096 0.16618632 1129638235912930
0.0 0.0042611877 0.15872924 1129638240948861
0.0010652969 -0.023436533 0.1395539 1129638245960431
-0.0010652969 -0.03728539 0.113986775 1129638250695951
-0.0085223755 -0.044742472 0.089484945 1129638255867671
-0.01384886 -0.040481284 0.068179004 1129638260657879
-0.01384886 -0.026632423 0.05646074 1129638265654131
-0.014914157 -0.0085223755 0.054330144 1129638270630068
-0.012783563 0.0063917814 0.05646074 1129638275804340
-0.011718267 0.02130594 0.060721926 1129638280535063
-0.011718267 0.034089502 0.06604841 1129638285506216
-0.01384886 0.045807768 0.0692443 1129638290526372
-0.017044751 0.05113425 0.07244019 1129638295465071
-0.019175345 0.05646074 0.070309594 1129638300481685
-0.020240642 0.063917816 0.0692443 1129638305404291
-0.02450183 0.063917816 0.059656627 1129638310438926
-0.028763017 0.06285252 0.04900366 1129638315362625
-0.029828314 0.060721926 0.03728539 1129638320407885
-0.03089361 0.059656627 0.022371236 1129638325324033
-0.02769772 0.06285252 0.009587673 1129638330399189
-0.023436533 0.06604841 -0.0021305939 1129638335494497
-0.019175345 0.067113705 -0.005326485 1129638340325752
-0.017044751 0.064983115 -0.0063917814 1129638345330857
-0.01384886 0.059656627 -0.0085223755 1129638350457420
-0.01384886 0.04261188 -0.01384886 1129638355298306
-0.0085223755 0.018110048 -0.015979454 1129638360225650
-0.0063917814 -0.01065297 -0.017044751 1129638365152526
-0.0021305939 -0.039415985 -0.014914157 1129638370185338
0.012783563 -0.067113705 -0.0063917814 1129638375124610
0.034089502 -0.08309316 0.01065297 1129638380196850
0.054330144 -0.08202787 0.026632423 1129638385075132
0.0692443 -0.0692443 0.03728539 1129638390091017
0.08096257 -0.045807768 0.04154658 1129638395035081
0.088419646 -0.012783563 0.040481284 1129638400051435
0.09055024 0.020240642 0.044742472 1129638404981332
0.09055024 0.05219955 0.050068956 1129638410008832
0.088419646 0.07563608 0.05113425 1129638414946906
0.08628905 0.09374613 0.044742472 1129638420020291
0.07563608 0.1022685 0.029828314 1129638424902792
0.059656627 0.09800732 0.015979454 1129638429937480
0.04154658 0.08309316 0.0042611877 1129638434951804
0.018110048 0.05646074 0.0 1129638439888158
-0.005326485 0.025567126 0.0085223755 1129638444802638
-0.018110048 -0.011718267 0.02450183 1129638450802065
-0.026632423 -0.04900366 0.039415985 1129638454758525
-0.025567126 -0.08309316 0.046873067 1129638459931910
-0.02450183 -0.10759499 0.04900366 1129638464727588
-0.020240642 -0.11292148 0.05113425 1129638470194827
-0.011718267 -0.10652969 0.050068956 1129638474679308
-0.0042611877 -0.07883197 0.046873067 1129638479712016
0.009587673 -0.04154658 0.05113425 1129638484635142
0.019175345 0.0 0.057526033 1129638489898163
0.025567126 0.043677174 0.057526033 1129638494590716
0.02130594 0.08628905 0.05219955 1129638499620195
0.015979454 0.120378554 0.045807768 1129638504547123
0.0085223755 0.1384886 0.044742472 1129638509717956
0.0 0.13316211 0.050068956 1129638514501708
-0.0085223755 0.10652969 0.058591332 1129638519547957
-0.015979454 0.059656627 0.063917816 1129638524470927
-0.020240642 0.0021305939 0.0692443 1129638529458373
-0.020240642 -0.05539544 0.068179004 1129638534419939
-0.025567126 -0.1033338 0.059656627 1129638539536449
-0.029828314 -0.13635801 0.05219955 1129638544387336
-0.036220096 -0.15340276 0.040481284 1129638549387801
-0.044742472 -0.14914156 0.02769772 1129638554439316
-0.05539544 -0.13422741 0.017044751 1129638559412701
-0.063917816 -0.1054644 0.012783563 1129638564313796
-0.06604841 -0.07244019 0.012783563 1129638569549629
-0.059656627 -0.036220096 0.015979454 1129638574381818
-0.05113425 0.0010652969 0.020240642 1129638579375932
-0.04154658 0.033024207 0.02450183 1129638584204267
-0.036220096 0.053264845 0.03089361 1129638589423068
-0.026632423 0.063917816 0.03728539 1129638594165466
-0.014914157 0.060721926 0.044742472 1129638599197861
-0.0010652969 0.043677174 0.04900366 1129638604132654
0.011718267 0.015979454 0.04793836 1129638609425883
0.023436533 -0.011718267 0.04900366 1129638614095565
0.034089502 -0.03089361 0.05113425 1129638619107707
0.043677174 -0.036220096 0.058591332 1129638624029791
0.05219955 -0.03728539 0.067113705 1129638629096822
0.05539544 -0.026632423 0.07457078 1129638634252657
0.057526033 -0.017044751 0.08415846 1129638639034167
0.06285252 -0.0042611877 0.09374613 1129638643981043
0.06604841 0.0063917814 0.1054644 1129638649020314
0.063917816 0.01384886 0.11824796 1129638653907659
0.057526033 0.019175345 0.12570503 1129638658953492
0.050068956 0.022371236 0.13209683 1129638663864222
0.040481284 0.020240642 0.13635801 1129638668869631
0.033024207 0.014914157 0.14168449 1129638673820473
0.03089361 0.0010652969 0.15340276 1129638678992973
0.031958908 -0.015979454 0.15659864 1129638683873547
0.026632423 -0.033024207 0.15233746 1129638689133703
0.014914157 -0.054330144 0.14594568 1129638693760111
0.005326485 -0.067113705 0.13209683 1129638698788600
-0.0010652969 -0.06604841 0.12144385 1129638703746622
0.0010652969 -0.058591332 0.11292148 1129638708809487
0.0021305939 -0.043677174 0.11079088 1129638713653707
0.0 -0.02769772 0.11079088 1129638718695894
-0.0042611877 -0.017044751 0.11079088 1129638723665218
-0.0042611877 -0.0042611877 0.1043991 1129638728652874
-0.0021305939 0.0031958907 0.09055024 1129638733597243
0.0 0.015979454 0.07244019 1129638738596417
0.005326485 0.026632423 0.05113425 1129638743523137
0.0021305939 0.036220096 0.034089502 1129638748594699
-0.0010652969 0.050068956 0.022371236 1129638753475638
-0.005326485 0.063917816 0.017044751 1129638758510481
-0.0063917814 0.07776668 0.011718267 1129638763477409
-0.005326485 0.08628905 0.0063917814 1129638768452297
-0.005326485 0.08522376 0.0 1129638773386942
-0.0085223755 0.07350549 -0.0010652969 1129638778468556
-0.01065297 0.05539544 0.005326485 1129638783363557
-0.009587673 0.035154797 0.01384886 1129638788427515
-0.005326485 0.018110048 0.022371236 1129638793415746
-0.0021305939 0.0042611877 0.025567126 1129638798374444
-0.0031958907 -0.0010652969 0.025567126 1129638803265070
-0.0021305939 0.0 0.022371236 1129638808297361
-0.0042611877 0.005326485 0.020240642 1129638813218821
-0.009587673 0.009587673 0.02130594 1129638818333925
-0.022371236 0.011718267 0.020240642 1129638823177259
-0.036220096 0.014914157 0.020240642 1129638828226113
-0.043677174 0.018110048 0.02450183 1129638833145541
-0.043677174 0.02130594 0.03089361 1129638838166270
-0.036220096 0.020240642 0.039415985 1129638843097417
-0.015979454 0.019175345 0.043677174 1129638848140021
-0.0031958907 0.012783563 0.045807768 1129638853064866
0.0063917814 -0.0010652969 0.04900366 1129638858096689
0.01384886 -0.017044751 0.053264845 1129638863014086
0.019175345 -0.046873067 0.064983115 1129638873175285
0.017044751 -0.05646074 0.068179004 1129638877992993
0.015979454 -0.064983115 0.068179004 1129638882936796
0.009587673 -0.064983115 0.06604841 1129638887965286
-0.0031958907 -0.06285252 0.06285252 1129638892874714
-0.022371236 -0.060721926 0.06285252 1129638897914714
-0.03728539 -0.057526033 0.06178722 1129638903011694
-0.04900366 -0.05113425 0.063917816 1129638907975704
-0.05539544 -0.046873067 0.07137489 1129638912789612
-0.06178722 -0.04793836 0.08309316 1129638917846434
-0.067113705 -0.054330144 0.09587672 1129638923114455
-0.07563608 -0.07137489 0.10759499 1129638927785185
-0.08415846 -0.09055024 0.12570503 1129638932768103
-0.094811425 -0.10759499 0.14914156 1129638937756280
-0.1054644 -0.12357444 0.17044751 1129638942731170
-0.117182665 -0.1395539 0.18962285 1129638947701490
-0.12570503 -0.16192514 0.2087982 1129638952814095
-0.12463974 -0.18749227 0.23116943 1129638957731699
-0.113986775 -0.2087982 0.24501829 1129638962566386
-0.10972559 -0.21518998 0.25567126 1129638967613679
-0.10120321 -0.204537 0.25886714 1129638972549462
-0.08628905 -0.18216577 0.24927948 1129638977582326
-0.067113705 -0.15553336 0.23756121 1129638982700973
-0.04261188 -0.12463974 0.22584295 1129638987526806
-0.018110048 -0.091615535 0.2087982 1129638992483786
0.0031958907 -0.060721926 0.19175345 1129638997500713
0.026632423 -0.040481284 0.18536167 1129639002416338
0.04793836 -0.029828314 0.18323107 1129639007449360
0.058591332 -0.025567126 0.1747087 1129639012366966
0.057526033 -0.015979454 0.16299044 1129639017503007
0.05113425 -0.0021305939 0.14914156 1129639022713269
0.043677174 0.012783563 0.14274979 1129639027403529
0.039415985 0.035154797 0.14274979 1129639032299259
0.03835069 0.05646074 0.14274979 1129639037359311
0.031958908 0.07457078 0.1384886 1129639042312594
0.02769772 0.08522376 0.13209683 1129639047275354
0.018110048 0.092680834 0.12463974 1129639052206605
0.01065297 0.1033338 0.116117366 1129639057241136
0.0010652969 0.116117366 0.1043991 1129639062153012
-0.011718267 0.12996623 0.09374613 1129639067206866
-0.02130594 0.13209683 0.08309316 1129639072113534
-0.035154797 0.12463974 0.07350549 1129639077142284
-0.04793836 0.10652969 0.063917816 1129639082252077
-0.057526033 0.07457078 0.058591332 1129639087097180
-0.063917816 0.036220096 0.057526033 1129639092036557
-0.063917816 -0.0042611877 0.059656627 1129639097066140
-0.059656627 -0.039415985 0.06178722 1129639101985877
-0.057526033 -0.0692443 0.064983115 1129639107017755
-0.054330144 -0.08628905 0.060721926 1129639112078746
-0.050068956 -0.094811425 0.054330144 1129639117119058
-0.04793836 -0.091615535 0.04900366 1129639122155206
-0.043677174 -0.07563608 0.045807768 1129639126965830
-0.029828314 -0.059656627 0.04154658 1129639131859113
-0.023436533 -0.043677174 0.03835069 1129639136931560
-0.019175345 -0.035154797 0.03728539 1129639141814426
-0.018110048 -0.02769772 0.039415985 1129639146857811
-0.019175345 -0.02769772 0.043677174 1129639151777865
-0.015979454 -0.026632423 0.044742472 1129639156814792
-0.014914157 -0.020240642 0.045807768 1129639161728022
-0.015979454 -0.009587673 0.045807768 1129639166964480
-0.014914157 0.0063917814 0.04900366 1129639171685679
-0.012783563 0.022371236 0.05113425 1129639176731096
-0.011718267 0.040481284 0.05113425 1129639181639118
-0.011718267 0.057526033 0.045807768 1129639186676513
-0.014914157 0.06604841 0.033024207 1129639191601098
-0.015979454 0.07350549 0.022371236 1129639196630681
-0.023436533 0.07244019 0.011718267 1129639201550943
-0.034089502 0.05539544 0.0 1129639206601567
-0.039415985 0.02769772 -0.0042611877 1129639211603912
-0.045807768 0.0010652969 -0.0074570784 1129639216550943
-0.05646074 -0.02130594 -0.011718267 1129639221566518
-0.0692443 -0.03835069 -0.0074570784 1129639226609278
-0.08522376 -0.044742472 -0.0021305939 1129639231430425
-0.09694202 -0.050068956 0.0 1129639236473602
-0.1033338 -0.054330144 0.0 1129639241393343
-0.094811425 -0.05113425 0.0042611877 1129639246562926
-0.07989727 -0.043677174 0.0063917814 1129639251385212
-0.06178722 -0.039415985 0.009587673 1129639256409593
-0.04154658 -0.04261188 0.011718267 1129639261293553
-0.005326485 -0.046873067 0.009587673 1129639266513605
0.068179004 -0.034089502 -0.0021305939 1129639271520898
0.12357444 -0.0021305939 -0.017044751 1129639276337668
0.14381509 0.03089361 -0.02769772 1129639281212096
0.14914156 0.05113425 -0.03089361 1129639286245273
0.15020686 0.05219955 -0.03728539 1129639291180118
0.14168449 0.045807768 -0.039415985 1129639296205326
0.12996623 0.034089502 -0.03089361 1129639301134182
0.11292148 0.018110048 -0.018110048 1129639306173661
0.089484945 0.0031958907 -0.0085223755 1129639311111995
0.068179004 -0.0063917814 -0.0074570784 1129639316117405
0.05113425 0.0042611877 -0.01384886 1129639321225069
0.029828314 0.028763017 -0.026632423 1129639326162881
0.011718267 0.060721926 -0.03728539 1129639330996008
-0.0063917814 0.089484945 -0.044742472 1129639336092309
-0.028763017 0.10652969 -0.045807768 1129639340957519
-0.050068956 0.11079088 -0.039415985 1129639345989446
-0.0692443 0.1054644 -0.03089361 1129639350915228
-0.08522376 0.08522376 -0.025567126 1129639356569343
-0.09374613 0.053264845 -0.02130594 1129639360884136
-0.094811425 0.019175345 -0.019175345 1129639365914604
-0.092680834 -0.0063917814 -0.015979454 1129639370845751
-0.07989727 -0.025567126 -0.019175345 1129639375861530
-0.057526033 -0.026632423 -0.017044751 1129639380785388
-0.03089361 -0.018110048 -0.020240642 1129639385817627
-0.0010652969 -0.0042611877 -0.02130594 1129639390755337
0.020240642 0.005326485 -0.02450183 1129639396039815
0.036220096 0.0063917814 -0.028763017 1129639400702421