
-0.10519788 0.2141943 0.00556612 1129634178263671
0.012213498 0.22856045 0.124366045 1129634183181171
0.010037333 0.22857285 0.12342 1129634188205912
0.07045877 0.25254536 -0.021184087 1129634193127422
0.06897527 0.25265026 -0.022560835 1129634198116330
0.06302625 0.26237965 0.05244255 1129634203082475
0.062324792 0.26259327 0.05054009 1129634208035497
0.10987854 0.28678417 0.0054163933 1129634213057737
0.10987064 0.28704548 0.0034162998 1129634218014405
0.11024353 0.25379658 0.039815187 1129634223010290
0.11077404 0.25406456 0.037982702 1129634227937322
0.006010443 0.24475288 0.088867664 1129634232983207
0.0064766705 0.24496746 0.087415814 1129634238017740
-0.036346853 0.15412712 0.072102904 1129634243058052
-0.036255956 0.15420151 0.071572185 1129634247849772
-0.045764893 0.1159029 0.057167172 1129634252870501
-0.045615524 0.11587429 0.057440877 1129634257917690
-0.06438851 0.12541199 0.024361134 1129634262828314
-0.06370488 0.12532234 0.02530706 1129634267756493
0.033025235 0.17306042 0.08423805 1129634272885763
0.03415841 0.1729126 0.085797906 1129634277724463
0.068912596 0.13443947 0.049234033 1129634282878369
0.07016468 0.1342411 0.051226616 1129634287802380
0.06186834 0.16755009 0.015015125 1129634292794776
0.06335503 0.16731739 0.017375946 1129634297998944
0.0027193427 0.13836193 0.06762195 1129634302736652
0.0044486523 0.13808632 0.070415735 1129634307706132
-0.07510877 0.10426426 0.1644603 1129634312614517
-0.07295179 0.10394955 0.16774833 1129634317587119
-0.11864042 0.074902534 -0.015664458 1129634322573216
-0.11624175 0.07463741 -0.012637615 1129634327506707
-0.06594682 0.11750698 -0.05299604 1129634332531915
-0.06372595 0.1173687 -0.051005483 1129634337498375
-0.1428135 0.07424259 -0.045018792 1129634342515770
-0.14063257 0.07428169 -0.044415712 1129634347418897
-0.095484614 0.08873272 0.03717792 1129634352443948
-0.093700945 0.08885193 0.03699708 1129634357376814
-0.08228403 0.079405785 0.012808204 1129634362414314
-0.08044219 0.07954407 0.012512684 1129634367338378
-0.040510535 0.098843575 -0.02624166 1129634372359419
-0.039156795 0.09897232 -0.026672006 1129634377298952
-0.081052125 0.07034874 0.049621582 1129634382330983
-0.079954684 0.07042217 0.049521923 1129634387237599
-0.09322095 0.060883522 0.011383653 1129634392282286
-0.09231728 0.06089115 0.011713147 1129634397206870
-0.08684242 0.0560627 -0.030773997 1129634402229162
-0.08645159 0.056013107 -0.030219913 1129634407155361
-0.12455952 0.09908676 -0.044322968 1129634412254267
-0.12444258 0.09907436 -0.044185042 1129634417101612
-0.12428337 0.15174484 -0.024943352 1129634422153018
-0.1241858 0.15175915 -0.025014043 1129634427059686
-0.0426476 0.15177727 -0.0059366226 1129634432124842
-0.042343736 0.15179157 -0.005922079 1129634437036510
0.0011057854 0.11830711 -0.0060380697 1129634442165624
0.0013118982 0.118370056 -0.0064389706 1129634447093438
-0.051376104 0.13279724 -0.05002165 1129634452149323
-0.051470518 0.13285351 -0.050503373 1129634457038178
-0.03749597 0.08021259 0.06879747 1129634462121772
-0.03818345 0.08019352 0.068645716 1129634466900784
-0.10134274 0.123267174 -0.022553325 1129634472011148
-0.1023891 0.12321663 -0.022608042 1129634476839482
-0.08438218 0.14711666 -0.0036203861 1129634482127555
-0.08528322 0.14710426 -0.00390625 1129634486961358
-0.086132646 0.19023514 -0.047643423 1129634492041775
-0.08681464 0.19034195 -0.048756003 1129634496971776
-0.08733332 0.1665535 -0.06932402 1129634501806567
-0.08781594 0.16674805 -0.07104015 1129634506897194
-0.11692226 0.066402435 0.046880484 1129634512316933
-0.11706728 0.06657314 0.04550028 1129634516873497
-0.107632816 0.1289978 0.044088364 1129634521719486
-0.108077586 0.12918377 0.04246974 1129634526879540
-0.08011675 0.12933159 0.04100752 1129634531819225
-0.08115089 0.12944221 0.03972304 1129634536600895
-0.01043725 0.14391994 0.086274505 1129634541634436
-0.011454642 0.14398098 0.08539212 1129634546582250
0.026184797 0.19191933 0.055958033 1129634551557139
0.025784016 0.19195175 0.055544615 1129634556577147
0.011280298 0.20636272 -0.069360614 1129634561604490
0.011338174 0.2064209 -0.069784164 1129634566501731
-0.026713312 0.20169449 0.035194278 1129634571534698
-0.026322246 0.20178604 0.034651637 1129634576432149
-0.04025632 0.18752861 0.03879714 1129634581576107
-0.03963089 0.1876173 0.038375378 1129634586391473
-0.05813837 0.13021469 0.042983055 1129634591630170
-0.05776781 0.1302166 0.043124437 1129634596364859
-0.019047797 0.20200062 0.07714009 1129634601369859
-0.01866442 0.20192814 0.07784867 1129634606302568
-0.08532995 0.15394115 0.0069657564 1129634611624964
-0.08505529 0.15382767 0.007954001 1129634616269601
-0.15674347 0.24463558 -0.009817123 1129634621397725
-0.1566897 0.24448204 -0.008619547 1129634626393977
-0.06556535 0.19166946 -0.06973231 1129634631280797
-0.065214396 0.19151592 -0.0684042 1129634636234446
-0.059886217 0.23927021 0.03816724 1129634641287311
-0.059270084 0.23917007 0.039197683 1129634646242104
-0.053881705 0.11465454 -0.00830102 1129634651384082
-0.053355932 0.114712715 -0.008524895 1129634656120750
-0.095955014 0.110022545 0.01008153 1129634661120594
-0.09563315 0.11016655 0.009100795 1129634666045803
-0.100018024 0.14386177 0.03664255 1129634671131637
-0.09951621 0.14402103 0.035633683 1129634675992263
-0.027083993 0.16332722 -0.0514791 1129634681043408
-0.026297808 0.16346073 -0.052168608 1129634685951951
0.022505999 0.17311382 -0.018851995 1129634691203982
0.023528695 0.17312622 -0.01851356 1129634695906588
-0.042381942 0.12520695 -0.056070685 1129634700946587
-0.041217327 0.12512112 -0.05491674 1129634705863255
-0.030292869 0.14414787 -0.058149576 1129634710909870
-0.028926194 0.14400673 -0.056471705 1129634715832996
-0.16649765 0.13906097 -0.0930084 1129634720855496
-0.16560304 0.13891697 -0.0915072 1129634725778726
-0.14602733 0.0621624 -0.06630254 1129634730820965
-0.14582336 0.062065125 -0.06545806 1129634735751123
-0.08337569 0.109889984 -0.07449043 1129634740826487
-0.08322716 0.10986996 -0.074272275 1129634745694665
-0.0687086 0.19128036 0.0071413517 1129634750727269
-0.06833804 0.19134808 0.006776333 1129634755650344
-0.005746603 0.15795708 0.09691703 1129634760698312
-0.005349934 0.15812969 0.09575021 1129634765608990
-0.08628869 0.16311264 0.14711595 1129634770665865
-0.085891485 0.16330624 0.14579451 1129634775568158
-0.042363882 0.17305279 0.096791744 1129634780728731
-0.04187256 0.1731987 0.09587312 1129634785720294
-0.06077546 0.14459705 0.12851334 1129634790685659
-0.060687482 0.14470387 0.1277293 1129634795838004
-0.079857826 0.11607647 0.04552579 1129634800628160
-0.07996768 0.11618996 0.04460299 1129634805440088
-0.07558411 0.116285324 -0.02813363 1129634811023994
-0.075921476 0.11637306 -0.028948307 1129634815544256
-0.07166791 0.12125683 0.003602624 1129634820434151
-0.07222676 0.1213398 0.0027291775 1129634825488892
-0.13998234 0.083132744 0.05432105 1129634830515975
-0.14080304 0.08324623 0.05310154 1129634835432904
-0.0892005 0.1360321 0.0038980246 1129634840535507
-0.090205014 0.13614655 0.0025908947 1129634845283321
-0.014565051 0.14584637 -0.037071705 1129634850437644
-0.015542388 0.14597797 -0.0384897 1129634855354624
-0.05972159 0.13175869 -0.02090311 1129634860498635
-0.060899436 0.1318512 -0.022108555 1129634865352594
-0.02872026 0.14626598 0.020048618 1129634870216812
-0.030046284 0.14629269 0.01928842 1129634875235355
-0.098281324 0.13195324 -0.1202662 1129634880209522
-0.09924579 0.13200092 -0.12103629 1129634885085721
-0.085981905 0.103346825 -0.14122665 1129634890277908
-0.0872913 0.10342693 -0.14236939 1129634895055514
-0.069856584 0.10829258 -0.03832364 1129634900177128
-0.07163739 0.10837841 -0.039701343 1129634905022546
-0.068710685 0.17074299 -0.041341662 1129634910045983
-0.07078618 0.17090225 -0.043382645 1129634915020873
-0.030438721 0.19026184 -0.04125452 1129634920012963
-0.07206607 0.13786983 -0.07820964 1129634925496713
-0.07433003 0.13807774 -0.08067274 1129634929931611
-0.08126718 0.21489334 0.01753056 1129634935067288
-0.08296108 0.21503353 0.01581633 1129634939884841
-0.051357448 0.22470093 0.028755903 1129634945299372
-0.052973986 0.22472763 0.027922034 1129634949883175
-0.0069701076 0.19602203 0.12756526 1129634954862394
-0.009189844 0.19601822 0.12673807 1129634959771822
-0.011715889 0.19120216 0.13075936 1129634964823903
-0.014455855 0.19118214 0.12986445 1129634969742292
0.054377317 0.15289688 0.08546901 1129634974887083
0.05156538 0.15297604 0.083821535 1129634979711355
0.05833119 0.13397312 -0.0045431852 1129634984808327
0.055902362 0.13417053 -0.0068998337 1129634989768231
-0.0469642 0.177495 0.07196164 1129634994702919
-0.049066186 0.17772102 0.06951964 1129634999614222
-0.017757505 0.10137272 0.11943221 1129635004848284
-0.019856066 0.10163975 0.116719365 1129635009643390
-0.036675036 0.15939045 0.0849812 1129635014766983
-0.039364487 0.15964222 0.08218324 1129635019581099
-0.03766784 0.16468525 0.11275244 1129635024830734
-0.040494353 0.16490078 0.11019671 1129635029666881
0.04765472 0.20337486 0.12714708 1129635034538287
0.044819117 0.20348835 0.12534833 1129635039446934
0.02288571 0.16048908 -0.0103805065 1129635044427713
0.02004075 0.16057968 -0.012000799 1129635049402603
0.036026746 0.19411659 0.039469242 1129635054490164
0.032786906 0.19406891 0.038719535 1129635059362561
0.05324307 0.1891737 -0.009545922 1129635064452873
0.049772084 0.18904781 -0.009784341 1129635069539021
-0.03516218 0.0117816925 0.085511446 1129635074522354
-0.039524525 0.011639595 0.08511925 1129635079272199
-0.055064768 0.14544582 0.1809212 1129635084517355
-0.059957623 0.14518547 0.18124771 1129635089235377
-0.0643954 0.19278622 0.14837527 1129635094400324
-0.06789234 0.19249153 0.14942467 1129635099327774
0.014940172 0.10595322 0.07428157 1129635104426940
0.011950254 0.1056366 0.075650215 1129635109310952
-0.058123678 0.2298851 0.11963618 1129635114169389
-0.06156689 0.2296629 0.120200396 1129635119140432
-0.02689138 0.2008028 0.12962914 1129635124169286
-0.030557275 0.20074081 0.12899041 1129635129063766
-0.044240117 0.22945881 0.0033768415 1129635134078193
-0.048797697 0.22953415 0.0015103817 1129635139006423
-0.05857101 0.11474037 0.023109794 1129635144048194
-0.06349251 0.11492443 0.020400286 1129635148969758
-0.18379045 0.19179916 0.0457685 1129635153994080
-0.18932363 0.19205761 0.042406082 1129635158920852
-0.06558108 0.14440632 9.5129013E-4 1129635163960904
-0.07055631 0.14461327 -0.0018326044 1129635168881322
0.006124407 0.12083435 0.024510145 1129635173907520
0.0016466677 0.12084675 0.02327609 1129635178837625
-0.007042706 0.120342255 0.024686456 1129635188803303
-0.049509734 0.17262077 0.13660562 1129635193837001
-0.053855956 0.17212486 0.13908553 1129635198749711
0.008204699 0.14762306 -0.06401265 1129635203808512
0.0028819144 0.14708233 -0.06140399 1129635208873305
0.007162243 0.17056942 0.12737167 1129635213738253
0.0015902519 0.1702013 0.12872791 1129635218672681
-0.0143556 0.16032505 0.11029458 1129635224060650
-0.019654363 0.16017246 0.110215425 1129635228723412
-0.054222792 0.18411636 0.041895747 1129635233790703
-0.059570998 0.18432617 0.039248466 1129635238630027
-0.0071105957 0.12728882 -0.003129959 1129635243655131
-0.011505127 0.1278429 -0.007982969 1129635248549403
-0.11144352 0.15243816 0.024845362 1129635253568413
-0.11525616 0.15311337 0.019322038 1129635258504456
-0.037573904 0.120259285 0.013916016 1129635263534612
-0.041330665 0.12082386 0.009239197 1129635268462061
-0.031092256 0.07814884 0.10128915 1129635273510290
-0.035224825 0.07839584 0.09880686 1129635278430396
-0.034585685 0.13118458 0.2313317 1129635283447322
-0.03862132 0.13114643 0.23088157 1129635288378417
0.029069752 0.25545025 0.24109864 1129635293405813
0.025067493 0.25510597 0.24281228 1129635298331231
-0.012588084 0.21636677 0.10627234 1129635303410710
-0.016427606 0.2159214 0.10875833 1129635308290815
0.090069056 0.16283226 -0.07087481 1129635313318107
0.08706455 0.16252041 -0.06917024 1129635318236025
0.074707136 0.2580967 -0.077842474 1129635323307847
0.0719239 0.25805664 -0.07799816 1129635328307536
-0.0029376596 0.3108244 -0.08392739 1129635333246182
-0.006409779 0.3110447 -0.0860033 1129635338158422
0.12860446 0.21563911 -0.012503266 1129635343283839
0.12471756 0.2161007 -0.01630199 1129635348152017
0.053323343 0.17352772 0.0129567385 1129635353148111
0.0053982586 0.14535236 -0.005941272 1129635358585922
0.0017349571 0.14576149 -0.009268403 1129635363044935
-0.17958035 0.11742687 0.0880034 1129635368101810
-0.18389627 0.11773682 0.085306406 1129635373191551
-0.12124123 0.046073914 0.16982222 1129635378443790
-0.12474173 0.04607296 0.16940057 1129635382959781
-0.080555186 0.098573685 0.23716974 1129635387991291
-0.08408961 0.09824848 0.23898947 1129635393268168
-0.12544955 0.2031908 0.1552217 1129635398160094
-0.1284909 0.20273495 0.15802586 1129635402884887
-0.059771955 0.13998699 0.0701524 1129635407902751
-0.06260784 0.13953209 0.07299411 1129635412843847
-0.003070265 0.15348053 0.061232448 1129635418160930
-0.0051900744 0.15319633 0.06298399 1129635422812337
0.011984304 0.15776634 0.07866323 1129635427826816
0.010328293 0.15761375 0.07955241 1129635432758119
-0.034385026 0.16230488 0.017814398 1129635437959473
-0.035771832 0.16223145 0.018187165 1129635442702756
-0.046922505 0.10467625 0.061781406 1129635447768745
-0.048544034 0.104569435 0.062366366 1129635452702757
-0.016822383 0.018245697 0.13015676 1129635458171611
-0.018114775 0.018107414 0.1309936 1129635462625362
0.004260391 0.10411644 0.0794431 1129635467756195
0.0025918037 0.10390854 0.08074522 1129635472579894
0.057767652 0.13710976 0.09712052 1129635477954946
0.055868216 0.13678074 0.099252105 1129635482526510
0.063025 0.21303558 -0.051658988 1129635487584947
0.0606497 0.21269226 -0.04945731 1129635492486615
0.08193144 0.19316292 -0.037459254 1129635497619323
0.079142876 0.1928339 -0.035378575 1129635502449793
-0.010215744 0.20206642 -0.03320706 1129635507479845
-0.013618968 0.20171356 -0.030973911 1129635512424742
-0.050952822 0.17743301 -0.028877616 1129635517427499
-0.05497364 0.17710781 -0.026871204 1129635522372451
-0.1072295 0.1911726 0.0036742687 1129635527386513
-0.11171972 0.19087315 0.0054950714 1129635532311202
-0.13559476 0.11390495 0.08432436 1129635537356046
-0.14048888 0.11349678 0.08693743 1129635542393443
-0.011141434 0.14652348 0.11412668 1129635547312245
-0.016005479 0.14594269 0.11802387 1129635552301308
0.06518436 0.19316101 0.036371112 1129635557270683
0.06013969 0.19245815 0.041208625 1129635562190580
0.1266282 0.30181885 0.075312495 1129635567337090
0.12157446 0.301095 0.08038819 1129635572170685
0.11131874 0.29081059 0.02311182 1129635577308758
0.10622378 0.29021358 0.02732861 1129635582148551
0.0386364 0.1843338 0.007167101 1129635587136832
0.033360515 0.18391228 0.0101372 1129635592072094
0.0135659715 0.18836021 -0.049710274 1129635597090843
0.008280146 0.1880846 -0.047763705 1129635602015272
0.012321518 0.12560844 -0.003066659 1129635607115688
0.006940403 0.12544441 -0.0019030571 1129635611971835
0.015022231 0.31204414 -0.11097622 1129635617210116
0.008830914 0.31192303 -0.110084295 1129635621930482
0.107279785 0.0341053 -0.042342186 1129635626970482
0.100764036 0.0340147 -0.041609168 1129635631886108
0.007997099 0.096152306 0.07902026 1129635636979597
0.0014874749 0.09599781 0.08029342 1129635641857515
-0.096689545 0.1532507 0.12990391 1129635646877150
-0.10425898 0.15293407 0.1325047 1129635651801943
0.012081128 0.09990215 -0.036884785 1129635656863037
0.004088465 0.09953022 -0.033745885 1129635661759757
0.10613672 0.10871792 -0.030410767 1129635666795434
0.0984182 0.1083374 -0.027111769 1129635671716268
0.008684501 0.19891167 -0.023524404 1129635676967414
6.035492E-4 0.19857502 -0.020413041 1129635682002519
0.073743634 0.1887083 -0.07504177 1129635686925696
0.06492582 0.18852139 -0.072901964 1129635691793822
0.012363806 0.14533997 -0.037890196 1129635696696426
0.0023639798 0.14537716 -0.03721714 1129635701588146
0.029841006 0.08804989 0.10175848 1129635706631948
0.019037694 0.088204384 0.1017952 1129635711587366
-0.010985881 -0.016979218 0.0108937025 1129635716640282
-0.021233052 -0.016791344 0.010788798 1129635721514190
0.016092554 0.040881157 -0.04205489 1129635726545179
0.00593628 0.041080475 -0.042091727 1129635731504347
-0.028082848 0.08436394 -0.2047894 1129635736507055
-0.037992477 0.08456802 -0.20474875 1129635741417213
-0.009938031 0.08957291 -0.14720416 1129635746511640
-0.019725218 0.08979893 -0.14719415 1129635751385599
-0.049018547 0.118780136 -0.11371648 1129635756408984
-0.05904168 0.11901188 -0.11355698 1129635761338100
-0.09851195 0.06178379 -0.11316478 1129635766473152
-0.10874207 0.061987877 -0.11258471 1129635771305601
-0.09580594 0.09093571 -0.02565658 1129635776355549
-0.10676122 0.09114933 -0.024801612 1129635781358206
-0.02627331 0.12485218 0.0049916506 1129635786302581
-0.036433905 0.12502193 0.00616765 1129635791255186
0.020752579 0.09162617 0.036446452 1129635796236540
0.010876268 0.091721535 0.038285494 1129635801424041
0.0018352866 0.115766525 0.030347109 1129635806344302
-0.0078680515 0.11589527 0.03203726 1129635811690397
0.060299873 0.13517284 -0.028769612 1129635816151230
0.0502505 0.1353941 -0.027549267 1129635821087637
0.030198932 0.1644783 0.049470782 1129635826231179
0.019955337 0.16490269 0.04933524 1129635831304409
-0.032785535 0.17493725 0.13024092 1129635836067273
-0.0427936 0.175457 0.12945318 1129635841001754
-0.02891606 0.17121029 0.13339901 1129635846023056
-0.038634628 0.17176056 0.1324346 1129635850959461
0.013652384 0.23936081 0.02619338 1129635856092900
0.0046288967 0.23988819 0.025322556 1129635860918266
0.1439963 0.18780327 0.009703159 1129635865942120
0.13517791 0.18842983 0.008114457 1129635871096236
0.18969995 0.22256947 0.006224394 1129635875941913
0.18210799 0.2232542 0.0038439035 1129635880919206
0.15061033 0.20481491 -0.022668362 1129635885867747
0.14302132 0.20556736 -0.025462031 1129635890793631
0.116249144 0.25429726 0.038117886 1129635895799041
0.1092096 0.2551384 0.034532428 1129635900732176
0.039912343 0.13151646 0.2557819 1129635905798628
0.03342372 0.13232517 0.25231504 1129635910681955
0.079331875 0.13790703 0.20122719 1129635915749573
0.07267189 0.13859463 0.1988219 1129635920661345
0.060798407 0.12966633 0.14425707 1129635925687855
0.05325204 0.13031292 0.14262354 1129635930735356
0.016845644 0.1692295 0.17489076 1129635935651033
0.008876622 0.16983318 0.17385435 1129635940564680
-0.04273373 0.117767334 0.12041044 1129635945597805
-0.05138588 0.11837101 0.11979282 1129635950510980
-0.036499977 0.16684723 -2.1493435E-4 1129635955585566
-0.04499221 0.16739273 -3.620386E-4 1129635960478745
0.032657683 0.15834808 -0.1104604 1129635965511609
0.024714708 0.1588335 -0.110307336 1129635970464840
0.06483579 0.13057327 -0.10529065 1129635975502704
0.057765186 0.13099098 -0.104961395 1129635980404580
0.07952249 0.21277142 -0.1234957 1129635985441559
0.0729841 0.21310711 -0.12274718 1129635990378592
0.16234356 0.19904518 -0.08347905 1129635995396039
0.15624541 0.19929695 -0.08226693 1129636000305832
0.2072829 0.15647316 0.01477313 1129636005496353
0.20121133 0.15675259 0.015836 1129636010413541
0.19476062 0.07564068 0.07449973 1129636015547916
0.18884927 0.07593346 0.07543492 1129636020221042
0.11489719 0.02840805 0.16742802 1129636025258021
0.10763544 0.028802872 0.16838884 1129636030224273
0.00415349 0.10587597 0.13564718 1129636035222501
-0.02402711 0.08253002 0.09305906 1129636040171825
0.09253001 0.17404556 0.021194339 1129636065095004
0.08154231 0.17512512 0.019765258 1129636070006620
0.21409643 0.018239021 0.066004395 1129636075041464
0.20379734 0.019361496 0.064011216 1129636079976153
0.16496009 0.054044724 0.023382664 1129636085041100
0.15560603 0.05515766 0.021031976 1129636089953289
-0.007036507 0.07068157 -0.015066862 1129636094957924
-0.016378999 0.071855545 -0.01773107 1129636099891050
0.06961107 0.08268547 0.0033162832 1129636105028290
0.059913993 0.08390713 6.8986416E-4 1129636110150010
0.046460867 0.1424017 -0.11130464 1129636114850212
0.037296414 0.14347458 -0.11304808 1129636119794581
-0.034410954 0.18765068 -0.06670475 1129636124830512
-0.044557452 0.18875504 -0.067871094 1129636130006991
-0.016320348 0.12277603 -0.04474342 1129636134938553
-0.026604354 0.12381649 -0.04517889 1129636139761002
0.057874203 0.11534119 0.08879638 1129636144884127
0.047337055 0.11629486 0.08934021 1129636149703035
0.21841514 0.12682152 0.11897445 1129636154702982
0.20800996 0.12775326 0.1197561 1129636159636265
0.15912825 0.18620491 0.09636819 1129636164704962
0.14888448 0.18723202 0.09649849 1129636169579287
0.0902375 0.13570595 0.096230865 1129636174614599
0.07972646 0.13689709 0.095520735 1129636179537100
0.112086535 0.08074093 -0.08293593 1129636184584964
0.101706505 0.08204746 -0.08440876 1129636189506684
0.18217885 0.09775925 -0.124304295 1129636194526736
0.17187905 0.09907246 -0.12573528 1129636199493248
0.20940924 0.2392292 -0.016754389 1129636204489237
0.19934332 0.24044609 -0.017497897 1129636209409915
0.18435264 0.22725105 -0.08954656 1129636214463301
0.17441666 0.22839642 -0.08971226 1129636219438191
0.16475105 0.17682934 0.020377278 1129636224409135
0.15552378 0.17786217 0.020577073 1129636229335438
0.18461287 0.13581848 0.087727785 1129636234357417
0.17585325 0.13684464 0.0877105 1129636239283773
0.15751135 0.13786411 0.16441143 1129636244350179
0.14931965 0.13881302 0.16457272 1129636249235232
0.10260522 0.06797695 0.22693408 1129636254328565
0.09443545 0.0689621 0.22691596 1129636259359868
0.11489093 0.108291626 0.2698667 1129636264402314
0.10718548 0.109285355 0.2694775 1129636269152942
0.07979667 0.15827465 0.17781973 1129636274184557
0.07189238 0.15937996 0.17688978 1129636279132683
0.16893578 0.09359455 0.11784756 1129636284381276
0.16191638 0.09474659 0.11587548 1129636289081479
0.15469074 0.043292046 0.08014095 1129636294148621
0.14830148 0.04440689 0.077940226 1129636299025497
0.13196063 0.16526508 0.013629198 1129636304364768
0.12657714 0.1661272 0.012392998 1129636308993623
0.082478285 0.114313126 -0.050659418 1129636314024404
0.07698548 0.11506176 -0.050938725 1129636318945343
0.047281623 0.12054634 -0.06013608 1129636324234927
0.042422175 0.12107372 -0.059366584 1129636328924250
0.108949184 0.10722637 -0.04850936 1129636334045656
0.1040895 0.10766125 -0.04703307 1129636338941230
0.08945942 0.11770916 -0.0073074102 1129636344145501
0.08524418 0.118089676 -0.0060163736 1129636348900502
0.16714561 0.041911125 0.033262968 1129636353850242
0.16277778 0.042378426 0.034104586 1129636358843003
0.16290843 0.12431431 -0.008336663 1129636364101857
0.15869594 0.12481594 -0.007868171 1129636368845973
0.1686194 0.10622215 -0.0075831413 1129636373874046
0.16449642 0.106760025 -0.007434845 1129636378817537
0.17927349 0.12171173 -0.036105037 1129636383976286
0.17524385 0.1222744 -0.036204457 1129636388680819
0.19962251 0.1276455 0.021347165 1129636393670714
0.19532251 0.1281805 0.021742702 1129636398603580
0.26270473 0.14785957 -0.0063638687 1129636403640035
0.2585497 0.14833546 -0.0056511164 1129636408585196
0.2498002 0.08174133 -0.014467955 1129636413588945
0.24588764 0.082157135 -0.013546824 1129636418507332
0.12205398 0.13527203 -0.08440244 1129636423552801
0.117865086 0.13571072 -0.08333695 1129636428497170
0.20906901 0.15057659 -0.053593874 1129636433624663
0.20480072 0.15106773 -0.052793384 1129636438429001
0.18126726 0.13720417 -0.123765945 1129636443452594
0.17699957 0.1377039 -0.123006225 1129636448390304
0.11524224 0.16220093 -0.1848507 1129636453461762
0.110868335 0.16283894 -0.18495798 1129636458409367
0.020077586 0.09652805 -0.17109478 1129636463412128
0.015282035 0.09734249 -0.17201078 1129636468417539
0.087014675 0.06470585 -0.067976 1129636473368743
0.082048416 0.065626144 -0.06944299 1129636478318276
0.05753112 0.12880898 0.029986858 1129636483413692
0.05223298 0.12963104 0.029622078 1129636488221662
0.19959605 0.22140598 0.073171854 1129636493253432
0.19381797 0.22210789 0.07424259 1129636498167653
0.2595694 0.16533089 -0.010411143 1129636503244736
0.25385034 0.16592503 -0.008569479 1129636508122237
0.28167307 0.14252186 -0.03984034 1129636513181143
0.27632785 0.14298725 -0.03741491 1129636518078800
0.20340061 0.16744232 -0.020342946 1129636523425623
0.19849157 0.16790771 -0.018342257 1129636528084687
0.20270658 0.09665394 -0.059690475 1129636533078124
0.19734097 0.0972662 -0.05821538 1129636538018073
0.17227137 0.088430405 4.1782856E-4 1129636543026823
0.1660639 0.089279175 0.0011550188 1129636547954897
0.18815327 0.07586384 0.11658633 1129636552987813
0.18128932 0.07685089 0.117114305 1129636557908700
0.2021724 0.04444027 0.17058063 1129636563274637
0.19506621 0.04537964 0.17182326 1129636567990732
0.13971007 0.11815739 0.044144392 1129636572914222
0.13247824 0.11904049 0.04602027 1129636577822348
0.13954735 0.07206535 -0.071873665 1129636582856462
0.1326884 0.07296944 -0.07049608 1129636587795839
0.13048375 0.14097309 -0.09332621 1129636592831047
0.123360515 0.14198303 -0.09234452 1129636597785735
0.19229865 0.12873173 -0.06269479 1129636602769850
0.18396652 0.12998104 -0.061947823 1129636607796830
0.24223554 0.17922783 -0.061460137 1129636612740007
0.2330482 0.18068695 -0.06111014 1129636617670373
0.20420587 0.18223381 -0.03679335 1129636622725946
0.19458973 0.18376827 -0.036330104 1129636627616780
0.12696397 0.19972038 -0.08818674 1129636632644228
0.116866946 0.20125866 -0.08700454 1129636637565583
0.06302607 0.22678852 -0.11881006 1129636642610531
0.05237651 0.22833729 -0.11683583 1129636647535011
0.07490146 0.14373493 -0.16249752 1129636652540421
0.06403637 0.14530182 -0.16018927 1129636657515311
0.14438283 0.13726807 -0.12917614 1129636662512720
0.13422585 0.13877106 -0.12712145 1129636667449388
0.2344439 0.11630249 -0.010154963 1129636672470065
0.22473764 0.117770195 -0.0082707405 1129636677428764
0.26292086 0.16714859 0.027005672 1129636682427306
0.25346053 0.16863155 0.028598309 1129636687355796
0.21506667 0.16061687 0.0012187958 1129636692401265
0.15637982 0.162426 0.0023437738 1129636697957932
0.14822519 0.16383076 0.0029598475 1129636702303037
0.09058881 0.16077137 0.11831856 1129636707331058
0.080762744 0.16251373 0.11883855 1129636712266216
0.0794009 0.12138271 0.0762285 1129636717628559
0.07012856 0.12304878 0.07670641 1129636722201529
0.14115036 0.13447094 0.13972783 1129636727249133
0.1313119 0.13620949 0.14061463 1129636732175020
0.2645533 0.12845707 0.17528212 1129636737489082
0.2557789 0.12999535 0.17631721 1129636742127104
0.3517481 0.08853912 0.10090482 1129636747148666
0.34271395 0.09011173 0.10218716 1129636752073407
0.20391548 0.096598625 0.12723553 1129636757363355
0.19534373 0.098148346 0.12813628 1129636762030127
0.1280632 0.109576225 0.0712167 1129636767098460
0.11831951 0.111460686 0.07147491 1129636771985440
0.020776868 0.060087204 0.04273486 1129636775430127
0.007584095 0.06275177 0.04241717 1129636781945598
0.02204132 0.1078186 0.008334756 1129636786977108
0.013145208 0.10968208 0.007766843 1129636791899140
0.17608619 -0.022407532 -0.07422352 1129636797182890
0.16834712 -0.020771027 -0.07472825 1129636801862474
0.2754587 0.019210815 -0.051408887 1129636806896537
0.26850128 0.020765305 -0.05240178 1129636811816955
0.3097676 0.022334099 0.11360848 1129636816890288
0.30355227 0.023836136 0.11193383 1129636821789351
0.36915493 0.06364918 0.09113371 1129636826817580
0.36338282 0.06507015 0.08944702 1129636831744873
0.32893527 0.0042276382 0.10218465 1129636836799089
0.32354426 0.0055418015 0.10076499 1129636841705708
0.24158299 0.04032898 -0.058374286 1129636846741639
0.23632419 0.04154682 -0.059227943 1129636851866021
0.24581933 0.076164246 -0.011901617 1129636856637216
0.24054646 0.07734966 -0.012435913 1129636861778522
0.24021769 0.09286404 -0.027309775 1129636866635032
0.2348361 0.09406185 -0.02772355 1129636871563315
0.24318957 0.095419884 0.03393197 1129636876871648
0.23763084 0.096678734 0.033393145 1129636881527430
0.16854262 0.12697506 0.056571126 1129636886576857
0.1611352 0.1287098 0.055503607 1129636891527431
0.06689668 0.13537407 0.04489088 1129636896529827
0.0585742 0.13730907 0.04389894 1129636901434464
0.030192614 0.04847336 -0.033717275 1129636906509776
0.021291733 0.050541878 -0.034634233 1129636911387642
0.07934046 0.03348255 -0.112140656 1129636916476443
0.071249485 0.035445213 -0.11346543 1129636921350455
0.14963293 -0.020061493 -0.2108972 1129636926382590
0.14278841 -0.018306732 -0.21262717 1129636931320821
0.14138961 0.064759254 -0.25780952 1129636936425508
0.13598967 0.06623554 -0.2597885 1129636941410874
0.3179698 0.09151173 -0.18991804 1129636946306551
0.3137114 0.092757225 -0.19203484 1129636951258739
0.34794402 0.07003307 -0.05537367 1129636956284416
0.34434032 0.07113552 -0.057498693 1129636961173428
0.42682838 0.07703304 0.1512115 1129636966211553
0.42319846 0.0780735 0.14961481 1129636971128793
0.29445243 0.08397293 0.19163835 1129636976171554
0.2896626 0.0851202 0.19121516 1129636981104159
0.28888464 0.07200146 0.10997307 1129636986135096
0.28283358 0.07331371 0.110489845 1129636991109986
0.29083395 0.06511879 -0.0278157 1129636996092701
0.28432846 0.06651783 -0.027103782 1129637001001140
0.18157053 0.06803131 -0.07906079 1129637006064838
0.17433 0.069639206 -0.07855642 1129637010972079
0.099211454 0.14331722 -0.09273493 1129637016081245
0.090884924 0.14527607 -0.09285772 1129637020939059
0.12462664 0.08051014 -0.012041092 1129637025951663
0.11501241 0.08288288 -0.012839794 1129637030890883
0.23899245 -0.029521942 -0.0664562 1129637036066143
0.23001075 -0.027252197 -0.06744897 1129637040845988
0.3261938 0.051742554 -0.07365608 1129637045898904
0.3173504 0.05404377 -0.074974775 1129637050931926
0.3568256 0.113702774 -0.1337111 1129637055838697
0.348588 0.11588001 -0.13507569 1129637060763594
0.3930483 0.051042557 -0.1988405 1129637065784896
0.38527012 0.05317402 -0.20055926 1129637070718647
0.26265025 0.021847725 -0.054375768 1129637075810418
0.2555573 0.02387619 -0.056462526 1129637080659638
0.24832559 0.025924683 -0.005734086 1129637085726721
0.24183798 0.027763367 -0.0074498653 1129637090633753
0.2068274 0.096606255 -0.009244919 1129637095653128
0.20068336 0.098404884 -0.011213183 1129637100580213
0.20397973 0.08113384 -0.04222727 1129637105624379
0.19770908 0.08307648 -0.04491365 1129637110547089
0.29632306 0.089980125 0.014272332 1129637115675526
0.28980398 0.092051506 0.011189818 1129637120587090
0.3453257 0.1181469 0.06540823 1129637125632141
0.3385787 0.12026596 0.06248355 1129637130469226
0.29273224 0.07945824 0.05025232 1129637135482871
0.28488946 0.08173466 0.048270226 1129637140416050
0.27165866 0.07448006 0.22904813 1129637145450060
0.26249433 0.076818466 0.22910595 1129637150797926
0.14934921 0.18877506 0.28783417 1129637155395686
0.14072037 0.1906805 0.29007697 1129637160401097
0.29015493 0.08717251 0.11081672 1129637165361260
0.28146124 0.08906078 0.11342931 1129637170563553
0.40323806 -0.014592171 -0.023558855 1129637175315323
0.39566636 -0.012758255 -0.02252233 1129637180255273
0.3453369 0.051408768 -0.14715302 1129637185267408
0.33856606 0.053376198 -0.14846408 1129637190188033
0.32483864 0.058133125 -0.15635371 1129637200142879
0.3229978 0.079735756 -0.15636468 1129637205192722
0.3163004 0.082323074 -0.16193688 1129637210349182
0.36284995 0.08469772 -0.076061964 1129637215138556
0.35661054 0.087067604 -0.08087671 1129637220057829
0.35972762 0.1708107 0.029897094 1129637225107360
0.35273457 0.17317581 0.026610017 1129637230272205
0.2883532 0.18008614 0.08234787 1129637235109236
0.28075266 0.18223381 0.08175373 1129637240086893
0.4021473 0.20349884 -0.09039438 1129637245016997
0.39428854 0.20555687 -0.08980322 1129637249950641
0.42949438 0.16450214 -0.017154694 1129637254977571
0.4220872 0.166358 -0.015938997 1129637259905645
0.5008304 -0.028110504 -0.09600747 1129637265119343
0.49468613 -0.026572227 -0.09491992 1129637269911108
0.3163736 0.099414825 -0.04118979 1129637274925490
0.31083798 0.100850105 -0.040500045 1129637279805908
0.23329282 0.035346985 -0.011376023 1129637284852001
0.22744131 0.036955833 -0.01121366 1129637289854034
0.101475 0.033913612 0.0031667948 1129637294843669
0.09479523 0.035808563 0.0030218363 1129637299726274
0.13493729 0.028440475 0.04110861 1129637304770545
0.12638783 0.03086567 0.04101801 1129637309798411
0.11227465 -0.028776169 0.09391582 1129637314903462
0.10334134 -0.0262928 0.094297886 1129637319640026
0.107825756 0.096134186 0.08542514 1129637324674140
0.09750104 0.09896469 0.08630073 1129637329648777
0.33600593 -0.19507027 0.006072283 1129637334656537
0.32625985 -0.19243908 0.0073338747 1129637339570184
0.44151783 -0.041440964 -0.10196817 1129637344587371
0.4330337 -0.03903675 -0.10152376 1129637349567894
0.46780777 0.016100883 -0.106549025 1129637354687060
0.46051693 0.018366814 -0.107444644 1129637359480395
0.41956687 -0.036702156 -0.15197659 1129637364602530
0.39849496 -0.029649734 -0.15761542 1129637379490032
0.23859859 -0.003501892 -0.05858195 1129637384413886
0.23158407 -0.0012340546 -0.059798837 1129637389562846
0.18671083 0.03909874 0.025962114 1129637394391283
0.17993832 0.041083336 0.026255488 1129637399294201
0.12970328 0.033475876 0.19981885 1129637404330450
0.122520685 0.035351753 0.20176673 1129637409253577
0.062075615 0.26233864 0.1997981 1129637414329358
0.054003477 0.26430893 0.20302701 1129637419273727
0.27553964 -0.044901848 0.014823198 1129637424258369
0.267797 -0.0429821 0.017834425 1129637429164620
0.43279696 -0.15116215 -0.071062565 1129637434202276
0.42625713 -0.1493063 -0.070056915 1129637439147017
0.38206196 0.053634644 -0.08933413 1129637444157746
0.37680173 0.055430412 -0.09053862 1129637449084049
0.5203681 -0.08158016 -0.17434204 1129637454127434
0.51615167 -0.07979393 -0.177647 1129637459036811
0.40686607 0.008220673 -0.04289353 1129637464341133
0.40373158 0.009712219 -0.046424747 1129637468992124
0.3426888 0.016101837 0.07954538 1129637474109676
0.3390975 0.017543793 0.07734525 1129637478981136
0.31083703 0.014253616 0.25826442 1129637484052333
0.30630708 0.015642166 0.25842226 1129637488966181
0.31090808 0.060108185 0.16390336 1129637493973532
0.30558777 0.061499596 0.16574502 1129637499131815
0.2716589 0.11552048 -0.08613241 1129637504033377
0.26625943 0.11698532 -0.084567666 1129637508896295
0.28448153 0.032402992 -0.17904139 1129637513856295
0.27873278 0.034125328 -0.1784172 1129637518781973
0.21041274 0.1174736 -0.19774473 1129637523860358
0.20436954 0.1194706 -0.19829547 1129637528750047
0.29837322 -0.045931816 -0.06976044 1129637533766036
0.29187036 -0.043758392 -0.070453286 1129637538708954
0.43376136 -0.01286602 -0.008692384 1129637543755620
0.42780042 -0.010922432 -0.008932352 1129637548653799
0.388438 0.14896202 0.01027143 1129637553697496
0.38278413 0.15073776 0.010552168 1129637558605050
0.22367334 0.1621437 -0.0943495 1129637563686404
0.21785307 0.1639471 -0.09384692 1129637568592395
0.18275762 0.19947624 -0.021688223 1129637573640780
0.17589474 0.2016697 -0.02147305 1129637578647500
0.29759955 -0.09277725 -0.08352268 1129637583969635
0.2912457 -0.09070301 -0.0835402 1129637588498647
0.42767167 0.05534458 0.08861232 1129637593517657
0.42018962 0.057818413 0.08845925 1129637598448127
0.3346753 0.2905779 0.13162577 1129637603770835
0.3261075 0.29336262 0.13189173 1129637608439169
0.37337494 0.15299988 0.10850859 1129637613426930
0.36253023 0.15645313 0.109508395 1129637618376827
0.4808898 -0.04118061 -0.08571637 1129637623334429
0.46980715 -0.037639618 -0.08457792 1129637628481099
0.38792133 0.099692345 -0.16514492 1129637633361254
0.37809324 0.10292053 -0.16457236 1129637638276047
0.2191484 -0.018021584 -0.23640549 1129637643536828
0.20997548 -0.01484108 -0.23684871 1129637648222194
0.22417736 -0.0066051483 -0.05575514 1129637653261256
0.21484947 -0.0032634735 -0.05677867 1129637658203914
0.10970068 6.1035156E-5 0.09094465 1129637663196359
0.10034323 0.0033044815 0.090792656 1129637668140842
0.16285396 -0.1611042 -0.014337897 1129637673146252
0.15395331 -0.1580925 -0.0138551 1129637678099228
0.15927815 -0.054512978 -0.013056517 1129637683189124
0.15048122 -0.05158329 -0.012128949 1129637688194535
0.24716115 -0.053456306 -0.025724173 1129637693159073
0.2385385 -0.050507545 -0.02521646 1129637698122616
0.38291216 4.8160553E-4 -0.0012004375 1129637703295272
0.37525463 0.0032310486 -0.0015233755 1129637707971575
0.38639855 -0.084825516 0.09364426 1129637713044700
0.37933254 -0.08225155 0.09318936 1129637717927097
0.48740315 -0.08935547 0.12167263 1129637723126993
0.48197246 -0.087418556 0.121659994 1129637727897046
0.47230935 0.019587517 0.08867073 1129637732919233
0.46822548 0.020911217 0.08958614 1129637737852516
0.38284636 0.031719208 0.16270602 1129637742868658
0.37912035 0.03280449 0.16439283 1129637747797100
0.3464508 -0.023553848 0.12818408 1129637752833870
0.3424294 -0.022421837 0.13029432 1129637757758247
0.32345104 0.017230034 0.18510163 1129637763144496
0.3194275 0.018435478 0.18675768 1129637767756998
0.30055857 0.0054740906 0.18346763 1129637772760539
0.29598045 0.0069561005 0.1846441 1129637777671634
0.18580604 0.056432724 0.11866224 1129637782753926
0.18113017 0.058019638 0.11940253 1129637787769187
0.17679095 -0.12242222 -0.014272571 1129637792684968
0.17271852 -0.12091637 -0.014440298 1129637797589084
0.1928978 -0.15294456 -0.1445347 1129637802787417
0.18985987 -0.1516285 -0.14595044 1129637807553096
0.20133114 -0.025797844 -0.17653918 1129637812597001
0.19889522 -0.024643898 -0.17832637 1129637817526378
0.41662002 0.043608665 -0.0653286 1129637822795492
0.4144051 0.04463482 -0.06677735 1129637827503254
0.47909784 0.09356022 0.09001362 1129637832509712
0.47666526 0.09457779 0.08916736 1129637837427161
0.44030213 0.08608246 0.093702435 1129637842522630
0.437387 0.08708954 0.094125986 1129637847382266
0.31443334 0.054621696 0.056773067 1129637852404870
0.31121945 0.05564308 0.05786109 1129637857340080
0.2599969 0.032769203 -0.12300801 1129637862557058
0.25719404 0.033685684 -0.122214675 1129637867369768
0.15367389 0.04431343 -0.22726917 1129637872356330
0.15076685 0.04537964 -0.22721553 1129637877272894
0.09981942 0.075226784 -0.2462548 1129637882281800
0.096752405 0.076423645 -0.24666429 1129637887309874
0.27588415 -0.018155098 -0.07522774 1129637892266541
0.2732575 -0.017047882 -0.07612145 1129637897158938
0.39982724 0.06550026 0.071404934 1129637902205917
0.3969636 0.06669903 0.07050049 1129637907121439
0.36955047 0.07769108 0.06488466 1129637912149303
0.3656113 0.07929897 0.063947916 1129637917122117
0.35162902 0.07631874 0.08200097 1129637922217273
0.34735298 0.07810211 0.08076453 1129637927029253
0.23755217 -0.0062274933 -0.05461359 1129637932086805
0.23333788 -0.0044460297 -0.055955052 1129637937019983
0.22477436 -9.860992E-4 -0.057577133 1129637947220141
0.23535395 5.130768E-4 -0.04370725 1129637951977119
0.23134112 0.0020685196 -0.04399693 1129637956925506
0.23199344 0.008433342 0.06604123 1129637961934725
0.22777414 0.010015488 0.06612384 1129637966858788
0.26626635 0.035645485 0.09521413 1129637971919517
0.26171446 0.03733349 0.09545934 1129637976849571
0.30968165 -0.018415451 0.05764842 1129637981850404
0.3052125 -0.016792297 0.058158636 1129637986783113
0.37737775 -0.04867363 0.044175863 1129637991806759
0.3729751 -0.04700184 0.044219732 1129637996864208
0.27289367 -0.059708595 0.092030406 1129638001777593
0.26867867 -0.058045387 0.09168446 1129638006687490
0.29768348 0.039549828 0.076666355 1129638011721865
0.292634 0.041653633 0.075565696 1129638016982959
0.17295146 0.07720375 0.069435 1129638021689158
0.1677053 0.07949257 0.06764364 1129638026609992
0.17129421 -0.0902853 -0.04444182 1129638031861294
0.16608381 -0.087981224 -0.04636848 1129638036597231
0.25679493 -0.095191956 -0.087366104 1129638041735149
0.25262475 -0.09308815 -0.090571284 1129638046679518
0.3734095 0.1770916 -0.013025522 1129638051841609
0.37016702 0.17893028 -0.016809225 1129638056694415
0.5200088 0.14730263 0.036916018 1129638061553381
0.51615834 0.14936352 0.033270597 1129638066671975
0.46432638 0.06995869 0.10691702 1129638071474163
0.45971823 0.072190285 0.104123235 1129638076693279
0.43587828 0.060022354 0.03952205 1129638081478278
0.43060207 0.062436104 0.03729248 1129638086359894
0.31472278 0.07461643 0.015901208 1129638091393227
0.30880523 0.077287674 0.013692379 1129638096346872
0.19714713 0.03703308 0.025803566 1129638101338020
0.19065595 0.03997326 0.023398161 1129638106262917
0.20786381 0.009509087 -0.026967049 1129638111297187
0.20091033 0.012656212 -0.029444575 1129638116495783
0.27591014 0.08259201 -0.074775696 1129638121264168
0.26906085 0.08567238 -0.07699883 1129638126180106
0.3190601 0.098519325 -0.035740137 1129638131210679
0.3109181 0.10200024 -0.03713107 1129638136347972
0.3212068 0.19187069 0.120126486 1129638141311305
0.31161857 0.19572258 0.12018573 1129638146101931
0.46856904 -0.058681488 0.030028462 1129638151138806
0.45790744 -0.054535866 0.031143188 1129638156255422
0.4718697 -0.04110527 -0.034597874 1129638161142661
0.46227384 -0.037402153 -0.03325987 1129638166006725
0.30430818 -0.009748459 -0.12306416 1129638171039329
0.2949655 -0.006034851 -0.12229645 1129638176187038
0.2531879 0.06438446 -0.040784597 1129638180995476
0.24502492 0.06780815 -0.041133404 1129638185918967
0.2175734 0.02346325 0.04917121 1129638190952195
0.20908523 0.027106285 0.048402667 1129638195895686
0.31558275 -0.09852314 0.0761739 1129638200908967
0.30756998 -0.09502506 0.07518816 1129638205834437
0.32396626 0.023260117 0.040355682 1129638210869906
0.31698084 0.026408195 0.038969755 1129638215823136
0.10889435 0.1827755 -0.08205807 1129638220823136
0.10150981 0.18611717 -0.08352435 1129638225849491
0.2954409 0.02655983 0.16889858 1129638230854901
0.28860116 0.029582977 0.16808236 1129638235912930
0.3776641 -0.17348957 0.17294395 1129638240948861
0.37164855 -0.17103767 0.1735779 1129638245960431
0.38611913 -0.20268536 0.14081395 1129638250695951
0.38203168 -0.20104218 0.14141941 1129638255867671
0.13979077 -0.051441193 0.041122317 1129638260657879
0.13744831 -0.050441742 0.04112196 1129638265654131
0.12576008 0.003194809 -0.01672709 1129638270630068
0.123558044 0.004231453 -0.017330408 1129638275804340
0.15022111 0.0052375793 -0.104281425 1129638280535063
0.14788198 0.0064058304 -0.10532236 1129638285506216
0.1837573 -0.07373524 -0.0013494492 1129638290526372
0.1812613 -0.07241249 -0.0029355288 1129638295465071
0.2650373 -0.056718826 0.08144581 1129638300481685
0.26276398 -0.055428505 0.07948446 1129638305404291
0.26085162 -0.13086605 6.722212E-4 1129638310438926
0.2594359 -0.12988377 -0.0016354322 1129638315362625
0.34945178 -0.09077835 7.8332424E-4 1129638320407885
0.34914732 -0.09027004 -0.0015448332 1129638325324033
0.2775836 -0.07564163 -0.13314629 1129638330399189
0.27838373 -0.07563019 -0.13532686 1129638335494497
0.27449417 0.06794262 -0.19467115 1129638340325752
0.27543426 0.0678339 -0.1964792 1129638345330857
0.4200809 0.03893757 -0.0735811 1129638350457420
0.42111683 0.038686752 -0.07475865 1129638355298306
0.38854504 -0.038250923 0.08274686 1129638360225650
0.3893125 -0.038599968 0.0828644 1129638365152526
0.29400492 0.023311615 0.035834074 1129638370185338
0.29387236 0.023039818 0.037845254 1129638375124610
0.24016762 0.037305832 0.041165948 1129638380196850
0.23848653 0.037368774 0.045209527 1129638385075132
0.34650016 -7.677078E-4 -0.022054553 1129638390091017
0.34438276 -5.950928E-4 -0.017496347 1129638395035081
0.29941773 -0.010062218 0.025117993 1129638400051435
0.29762053 -0.009882927 0.028808355 1129638404981332
0.28140688 -1.335144E-5 0.098974586 1129638410008832
0.27970314 3.1661987E-4 0.10149956 1129638414946906
0.37412667 -0.13830853 0.0796895 1129638420020291
0.37352324 -0.13827515 0.081109524 1129638424902792
0.37826514 -0.08571434 0.13460171 1129638429937480
0.37861872 -0.085912704 0.134889 1129638434951804
0.2353046 0.0049619675 0.22561753 1129638439888158
0.23504567 0.0051851273 0.22491443 1129638444802638
0.20962763 0.0011444092 0.3918091 1129638450802065
0.2078948 0.0019254684 0.39159608 1129638454758525
0.2912438 -0.054379463 0.22444665 1129638459931910
0.2883439 -0.053269386 0.2253424 1129638464727588
0.5003731 -0.047204018 0.10218668 1129638470194827
0.4976027 -0.04621601 0.10350299 1129638474679308
0.45174265 -0.0069150925 -0.072383285 1129638479712016
0.44910145 -0.0059547424 -0.07122648 1129638484635142
0.51810884 -0.071905136 -0.079954386 1129638489898163
0.51585984 -0.07096481 -0.07972348 1129638494590716
0.52835035 -0.15622139 -0.15230954 1129638499620195
0.5270119 -0.1553812 -0.15392494 1129638504547123
0.3151052 0.14241028 0.054371834 1129638509717956
0.3137021 0.14341545 0.051899076 1129638514501708
0.4505186 0.15427971 0.27926707 1129638519547957
0.44795203 0.15569496 0.27741325 1129638524470927
0.59313846 0.0040388107 0.27645063 1129638529458373
0.5895312 0.0055913925 0.27658963 1129638534419939
0.6097903 0.0741024 0.2534908 1129638539536449
0.60637355 0.07540035 0.25471592 1129638544387336
0.4452381 0.076556206 0.059703827 1129638549387801
0.44268942 0.077534676 0.06056261 1129638554439316
0.36413503 -0.012608528 -0.054268003 1129638559412701
0.36259818 -0.01180172 -0.055092216 1129638564313796
0.27981448 0.008219719 -0.06630731 1129638569549629
0.2786286 0.009048462 -0.06822026 1129638574381818
0.2439661 -0.037961006 -0.022651196 1129638579375932
0.24288726 -0.037096024 -0.025073528 1129638584204267
0.32778335 -0.02650261 0.04398024 1129638589423068
0.3263824 -0.025511742 0.0416708 1129638594165466
0.4586215 -0.06270981 0.11642206 1129638599197861
0.45650077 -0.061631203 0.1155287 1129638604132654
0.54984426 0.030382156 -0.003966093 1129638609425883
0.5474317 0.03125477 -0.0027836561 1129638614095565
0.42491794 0.046513557 -0.11079848 1129638619107707
0.42179394 0.047472954 -0.10819721 1129638624029791
0.37510204 -0.028048515 -0.12905908 1129638629096822
0.3711865 -0.026809692 -0.12599552 1129638634252657
0.32409954 -0.09730816 -0.0035437346 1129638639034167
0.31965446 -0.095788 -7.276535E-4 1129638643981043
0.35778594 0.03046894 0.059522033 1129638649020314
0.3524704 0.03244114 0.061982393 1129638653907659
0.26530528 -0.008428574 0.10242736 1129638658953492
0.25944686 -0.006081581 0.104109764 1129638663864222
0.22456193 0.08743954 0.033613563 1129638668869631
0.21821976 0.09010792 0.034700632 1129638673820473
0.26844335 -0.0026216507 0.03123498 1129638678992973
0.26136327 3.0708313E-4 0.032850504 1129638683873547
0.37354136 -0.13545609 -0.10894215 1129638689133703
0.36702394 -0.13275623 -0.10740042 1129638693760111
0.33654928 -0.13003922 -0.1489774 1129638698788600
0.33058643 -0.12752533 -0.14777577 1129638703746622
0.1477809 0.032865524 -0.060408115 1129638708809487
0.14258957 0.035089493 -0.05952716 1129638713653707
0.0032496452 -0.010474205 0.02237618 1129638718695894
-0.0018491745 -0.008161545 0.022467852 1129638723665218
0.30944252 -0.12088871 0.031879425 1129638728652874
0.30539608 -0.11900139 0.03165984 1129638733597243
0.39316893 -0.11746979 0.012122989 1129638738596417
0.3909974 -0.11641693 0.011764288 1129638743523137
0.27945757 -0.096505165 0.12118828 1129638748594699
0.27869034 -0.09597778 0.12008953 1129638753475638
0.19683027 -0.08114815 0.113698125 1129638758510481
0.19670153 -0.08078575 0.1117928 1129638763477409
0.15376711 -0.05659294 0.10497427 1129638768452297
0.15419245 -0.05647087 0.10298383 1129638773386942
0.14980459 -0.11859131 0.11061168 1129638778468556
0.14977884 -0.11832142 0.10899925 1129638783363557
0.17317057 -0.098721504 0.21792257 1129638788427515
0.17213058 -0.0981369 0.21725416 1129638793415746
0.31450367 -0.078354836 0.106872916 1129638798374444
0.3131957 -0.0777235 0.10668206 1129638803265070
0.41734076 0.004257202 0.06820738 1129638808297361
0.41628218 0.0048036575 0.067842126 1129638813218821
0.40080214 0.07725525 0.057563663 1129638818333925
0.39978647 0.07792473 0.05631149 1129638823177259
0.38917685 0.08829594 0.078273535 1129638828226113
0.38799667 0.08921242 0.07596254 1129638833145541
0.3913188 0.05675888 -0.046159267 1129638838166270
0.389493 0.05792713 -0.04817307 1129638843097417
0.45925426 0.0638504 -0.15464187 1129638848140021
0.45708656 0.06491661 -0.15504754 1129638853064866
0.43547964 0.10909653 -0.15953314 1129638858096689
0.4327774 0.11019325 -0.15858746 1129638863014086
0.42601633 0.112730026 -0.1549282 1129638873175285
0.46077538 0.051831245 0.119837284 1129638877992993
0.45708227 0.053224564 0.12182796 1129638882936796
0.36723614 0.059431076 0.070892096 1129638887965286
0.36381674 0.06084442 0.071988344 1129638892874714
0.36990595 0.009758949 0.005183935 1129638897914714
0.36645508 0.011446953 0.0046913624 1129638903011694
0.42049742 0.008433342 0.02751422 1129638907975704
0.41688776 0.010350227 0.02608049 1129638912789612
0.42694664 0.03180313 0.0147435665 1129638917846434
0.42183685 0.034508705 0.012811184 1129638923114455
0.44062805 0.046780586 -0.0032807589 1129638927785185
0.43422985 0.050081253 -0.0050896406 1129638932768103
0.2974081 0.034787178 0.0073604584 1129638937756280
0.28886938 0.03914833 0.0053272247 1129638942731170
0.19322681 0.10144234 0.12762189 1129638947701490
0.18252039 0.10687733 0.12546074 1129638952814095
0.2955985 -0.05503273 0.03777635 1129638957731699
0.28366566 -0.049236298 0.03720498 1129638962566386
0.13187265 -0.15312672 -0.13064086 1129638967613679
0.119202614 -0.14701462 -0.13071668 1129638972549462
0.21703625 -0.011805534 -0.22157049 1129638977582326
0.20528269 -0.0061769485 -0.2211405 1129638982700973
0.2906971 -0.18802452 -0.2729864 1129638987526806
0.28105307 -0.18352127 -0.27176178 1129638992483786
0.18609571 0.27062607 -0.24629748 1129638997500713
0.1779499 0.2742777 -0.24421656 1129639002416338
0.34216928 -0.119612694 -0.25574696 1129639007449360
0.3345995 -0.11639881 -0.25260675 1129639012366966
0.3656006 -0.0031518936 -0.07721281 1129639017503007
0.3589239 -2.4986267E-4 -0.07476473 1129639022713269
0.2575245 0.1267767 0.056122303 1129639027403529
0.2518077 0.1294508 0.057127118 1129639032299259
0.2891507 0.060399055 0.091163635 1129639037359311
0.28383875 0.0630703 0.09100199 1129639042312594
0.22141266 0.0033912659 0.13830447 1129639047275354
0.21685648 0.005853653 0.13715267 1129639052206605
0.15519571 -0.077952385 0.1449889 1129639057241136
0.1516943 -0.07580948 0.14260852 1129639062153012
0.14865541 -0.13120365 0.091410995 1129639067206866
0.14617872 -0.12935829 0.08774614 1129639072113534
0.18709373 -0.16109085 0.09791863 1129639077142284
0.18516493 -0.15939045 0.09349918 1129639082252077
0.09715366 -0.09557533 0.19014144 1129639087097180
0.095068455 -0.09395313 0.18670082 1129639092036557
0.111712456 -0.044368744 0.24154198 1129639097066140
0.1089201 -0.042689323 0.23990846 1129639101985877
0.215837 -0.026548386 0.09533179 1129639107017755
0.21266317 -0.024876595 0.09491539 1129639112078746
0.3677287 -0.013803482 -0.06313729 1129639117119058
0.36502743 -0.012436867 -0.06314516 1129639122155206
0.41057014 -0.006439209 -0.07766819 1129639126965830
0.40846968 -0.005391121 -0.07758069 1129639131859113
0.42090178 0.009949684 -0.101504445 1129639136931560
0.419137 0.010840416 -0.1014806 1129639141814426
0.32628632 0.030957222 0.027708054 1129639146857811
0.32427406 0.03200245 0.027568579 1129639151777865
0.29344034 -0.019597054 0.08978593 1129639156814792
0.2913828 -0.0185318 0.089658976 1129639161728022
0.3036275 -0.036536217 -0.08315158 1129639166964480
0.30169106 -0.0354414 -0.08381164 1129639171685679
0.2756977 -0.019869804 -0.19490623 1129639176731096
0.27382612 -0.018705368 -0.19617331 1129639181639118
0.31535006 0.01589489 -0.14517021 1129639186676513
0.3144107 0.016700745 -0.1471088 1129639191601098
0.41930008 0.0077257156 -0.13492763 1129639196630681
0.41928387 0.008143425 -0.13734126 1129639201550943
0.39090967 0.03233719 0.02290237 1129639206601567
0.39122915 0.03254032 0.020752072 1129639211603912
0.34359217 0.07103062 0.11948705 1129639216550943
0.343853 0.07120705 0.11767161 1129639221566518
0.34857988 0.028485298 0.101299524 1129639226609278
0.34824038 0.029074669 0.098859906 1129639231430425
0.37168646 -0.05635929 0.14858234 1129639236473602
0.37115765 -0.055565834 0.14552987 1129639241393343
0.29860687 -0.09779358 -0.05369413 1129639246562926
0.2978778 -0.09703922 -0.055915713 1129639251385212
0.36404562 0.052124977 0.0047067404 1129639256409593
0.36307526 0.05273342 0.004051447 1129639261293553
0.31421852 -0.08581257 -0.50727046 1129639266513605
0.31386995 -0.086307526 -0.50336194 1129639271520898
0.28563595 0.06095314 -0.36868513 1129639276337668
0.28681707 0.059394836 -0.3630904 1129639281212096
0.33619833 -0.14342594 -0.09418714 1129639286245273
0.33792353 -0.14522839 -0.08874297 1129639291180118
0.34450197 -0.08957386 0.17511904 1129639296205326
0.34579086 -0.09105873 0.18003869 1129639301134182
0.25545454 0.008397102 0.3570311 1129639306173661
0.25555944 0.0077056885 0.3608477 1129639311111995
0.27949 -0.09815693 0.2011776 1129639316117405
0.27983618 -0.09869766 0.20336854 1129639321225069
0.4101491 -0.16158104 0.11784649 1129639326162881
0.41179705 -0.16228867 0.1170634 1129639330996008
0.37098122 -0.038570404 0.15310264 1129639336092309
0.37329245 -0.03916645 0.14963758 1129639340957519
0.30361366 -0.010755539 0.25995755 1129639345989446
0.30529785 -0.010736465 0.25475538 1129639350915228
0.2877035 -0.0344162 0.2724502 1129639356569343
0.28843403 -0.034030914 0.2679789 1129639360884136
0.2506957 -0.100590706 0.32571387 1129639365914604
0.25091887 -0.10005951 0.32192826 1129639370845751
0.23678064 -0.08053303 -0.06400609 1129639375861530
0.2368927 -0.08027744 -0.06583214 1129639380785388
0.26115513 0.010690689 -0.19121552 1129639385817627
0.26160383 0.010443687 -0.19109917 1129639390755337
0.41555357 0.038659096 -0.21895254 1129639396039815
0.4163046 0.0380373 -0.2175411 1129639400702421