
0.6011809 0.26909032 0.27266216 1129634178263671
0.60127115 0.26880825 0.27252597 1129634183181171
0.60136324 0.26851913 0.27237317 1129634188205912
0.60144246 0.26825768 0.27222753 1129634193127422
0.6014893 0.26802793 0.272106 1129634198116330
0.6015043 0.26784712 0.27202487 1129634203082475
0.60148567 0.26771435 0.27197447 1129634208035497
0.60144305 0.2676233 0.27194944 1129634213057737
0.6013834 0.26757303 0.27194676 1129634218014405
0.60130715 0.26756853 0.27196708 1129634223010290
0.6012185 0.26759923 0.27201372 1129634227937322
0.6011195 0.26765746 0.2720874 1129634232983207
0.60102934 0.26772815 0.2721733 1129634238017740
0.6009635 0.2677922 0.27225032 1129634243058052
0.6009247 0.2678357 0.27230376 1129634247849772
0.6009156 0.26785922 0.2723209 1129634252870501
0.6009301 0.26786026 0.27229646 1129634257917690
0.60095453 0.2678547 0.2722427 1129634262828314
0.6009933 0.26786557 0.27217084 1129634267756493
0.6010417 0.26790434 0.2720956 1129634272885763
0.6010824 0.26796946 0.2720353 1129634277724463
0.6011174 0.26806456 0.27199712 1129634282878369
0.60115343 0.26818123 0.27197465 1129634287802380
0.60118455 0.26831862 0.2719713 1129634292794776
0.60121477 0.2684829 0.27197582 1129634297998944
0.6012392 0.2686602 0.2719862 1129634302736652
0.6012706 0.268863 0.2720045 1129634307706132
0.60130626 0.26908186 0.272025 1129634312614517
0.60134685 0.26931113 0.2720283 1129634317587119
0.60139006 0.2695389 0.2720256 1129634322573216
0.60142267 0.2697609 0.27201113 1129634327506707
0.60145223 0.2699624 0.27198076 1129634332531915
0.60146934 0.2701208 0.2719368 1129634337498375
0.6014653 0.2702514 0.27187768 1129634342515770
0.6014453 0.27036083 0.27182224 1129634347418897
0.60141456 0.27045563 0.2717715 1129634352443948
0.60137707 0.27053028 0.2717282 1129634357376814
0.6013396 0.27059877 0.27167568 1129634362414314
0.60130095 0.27066523 0.27162224 1129634367338378
0.60125864 0.27072546 0.27158186 1129634372359419
0.60121906 0.27078077 0.27155495 1129634377298952
0.60118216 0.27084053 0.27154088 1129634382330983
0.6011519 0.2709063 0.27153477 1129634387237599
0.6011286 0.2709821 0.27153206 1129634392282286
0.6011104 0.27106154 0.27154294 1129634397206870
0.6011026 0.2711443 0.27156493 1129634402229162
0.601095 0.2712211 0.27160323 1129634407155361
0.6010787 0.27128986 0.27165473 1129634412254267
0.60106343 0.2713443 0.27169982 1129634417101612
0.60104716 0.2713963 0.2717405 1129634422153018
0.60102785 0.27144 0.27178115 1129634427059686
0.6010093 0.27148142 0.2718166 1129634432124842
0.6009954 0.27152073 0.27183476 1129634437036510
0.6009831 0.27154455 0.27183527 1129634442165624
0.6009718 0.27153924 0.27182126 1129634447093438
0.6009686 0.2715081 0.27179578 1129634452149323
0.6009695 0.27146813 0.27176565 1129634457038178
0.60098124 0.2714109 0.2717347 1129634462121772
0.60100836 0.271344 0.27170604 1129634466900784
0.6010399 0.2712609 0.27167663 1129634472011148
0.60107744 0.27117968 0.27165464 1129634476839482
0.6011147 0.2710886 0.27163175 1129634482127555
0.6011378 0.2710174 0.27161798 1129634486961358
0.6011439 0.27095065 0.27161646 1129634492041775
0.6011262 0.27089188 0.27162653 1129634496971776
0.6010906 0.27084482 0.27164745 1129634501806567
0.60103667 0.2708096 0.27168888 1129634506897194
0.6009696 0.2707962 0.27175018 1129634512316933
0.6009096 0.27080593 0.27180955 1129634516873497
0.6008462 0.2708204 0.27187514 1129634521719486
0.6007811 0.27081907 0.2719506 1129634526879540
0.600732 0.27079704 0.27202067 1129634531819225
0.6006989 0.27075654 0.272083 1129634536600895
0.6006728 0.27069616 0.27212933 1129634541634436
0.60067016 0.27062637 0.27214387 1129634546582250
0.6006751 0.27055648 0.27212784 1129634551557139
0.60069066 0.2704906 0.2720881 1129634556577147
0.6007023 0.27043396 0.27204 1129634561604490
0.6007053 0.27039436 0.27199796 1129634566501731
0.6007033 0.27037132 0.27195916 1129634571534698
0.60068834 0.27036065 0.27193013 1129634576432149
0.60066104 0.27036795 0.2719221 1129634581576107
0.6006318 0.27040046 0.27192268 1129634586391473
0.6006071 0.27044562 0.2719291 1129634591630170
0.60059667 0.27048966 0.27194428 1129634596364859
0.60060036 0.27053574 0.27194822 1129634601369859
0.60062027 0.27056617 0.2719294 1129634606302568
0.6006584 0.27057806 0.27188283 1129634611624964
0.60070574 0.27057388 0.2718234 1129634616269601
0.6007765 0.2705549 0.27174473 1129634621397725
0.6008396 0.27053517 0.27167735 1129634626393977
0.60089487 0.27052733 0.27161893 1129634631280797
0.60094833 0.2705409 0.27156487 1129634636234446
0.6009871 0.2705775 0.27152708 1129634641287311
0.6010083 0.27063465 0.2715135 1129634646242104
0.60100424 0.27068716 0.27151522 1129634651384082
0.6009787 0.2707301 0.27152961 1129634656120750
0.60094154 0.27076814 0.2715502 1129634661120594
0.60088784 0.27080217 0.27159196 1129634666045803
0.6008171 0.2708542 0.27165505 1129634671131637
0.6007462 0.27092344 0.27172574 1129634675992263
0.6006719 0.2710085 0.27180472 1129634681043408
0.6006051 0.2710984 0.2718694 1129634685951951
0.60055363 0.27120018 0.27192348 1129634691203982
0.6005292 0.27129278 0.27194294 1129634695906588
0.6005235 0.2713827 0.27193934 1129634700946587
0.60054153 0.2714576 0.27190337 1129634705863255
0.6005828 0.27151915 0.2718266 1129634710909870
0.60063875 0.27155918 0.27171984 1129634715832996
0.6007107 0.27157247 0.2715845 1129634720855496
0.6007858 0.2715531 0.27144867 1129634725778726
0.600863 0.2715069 0.271323 1129634730820965
0.6009228 0.27145943 0.2712246 1129634735751123
0.6009626 0.27142802 0.27115437 1129634740826487
0.600979 0.27141756 0.27112207 1129634745694665
0.6009765 0.27142918 0.27112138 1129634750727269
0.6009503 0.27145794 0.27113637 1129634755650344
0.6009052 0.27148435 0.27116492 1129634760698312
0.6008465 0.27151027 0.27119863 1129634765608990
0.6007809 0.27153847 0.2712343 1129634770665865
0.6007171 0.2715617 0.27126947 1129634775568158
0.6006574 0.27159506 0.27130777 1129634780728731
0.6006027 0.27163658 0.2713451 1129634785720294
0.6005566 0.27166247 0.2713805 1129634790685659
0.6005227 0.27167094 0.2714044 1129634795838004
0.6004969 0.2716601 0.2714138 1129634800628160
0.600473 0.2716337 0.27141574 1129634805440088
0.60045743 0.2715897 0.27141798 1129634811023994
0.6004419 0.2715547 0.27142316 1129634815544256
0.6004198 0.27151987 0.27144727 1129634820434151
0.60039634 0.27149698 0.27148426 1129634825488892
0.6003692 0.27146238 0.27152547 1129634830515975
0.6003417 0.27141604 0.27156484 1129634835432904
0.6003149 0.27135855 0.2716122 1129634840535507
0.60028493 0.27130938 0.27166423 1129634845283321
0.6002504 0.2712655 0.2717218 1129634850437644
0.6002089 0.27123132 0.27179256 1129634855354624
0.6001579 0.27120388 0.27188334 1129634860498635
0.60011864 0.27118436 0.27197924 1129634865352594
0.60008717 0.27117273 0.2720879 1129634870216812
0.6000605 0.2711672 0.2721971 1129634875235355
0.6000345 0.2711669 0.27230108 1129634880209522
0.6000027 0.27117136 0.27239645 1129634885085721
0.59996337 0.27116722 0.2724998 1129634890277908
0.59992707 0.271146 0.2726018 1129634895055514
0.59989405 0.27110276 0.2727124 1129634900177128
0.5998621 0.2710497 0.27281842 1129634905022546
0.59982294 0.270988 0.27292812 1129634910045983
0.59977597 0.27090564 0.2730414 1129634915020873
0.5997162 0.2707936 0.27318737 1129634920012963
0.5996362 0.27065274 0.27336466 1129634925496713
0.5995779 0.2705556 0.27348715 1129634929931611
0.5995236 0.27045962 0.27359936 1129634935067288
0.5994915 0.27037495 0.27367243 1129634939884841
0.599483 0.2702651 0.27372333 1129634945299372
0.5994992 0.27015677 0.27373627 1129634949883175
0.59952825 0.27001232 0.27372855 1129634954862394
0.5995719 0.26984408 0.2737145 1129634959771822
0.59962565 0.2696589 0.27370098 1129634964823903
0.5996754 0.2694713 0.27370337 1129634969742292
0.5997109 0.26927683 0.2737283 1129634974887083
0.5997263 0.26909444 0.2737642 1129634979711355
0.5997116 0.26892927 0.27383605 1129634984808327
0.59966916 0.26880834 0.27393693 1129634989768231
0.59960264 0.26872346 0.2740769 1129634994702919
0.59952784 0.2686669 0.27423164 1129634999614222
0.59943706 0.26861587 0.27441037 1129635004848284
0.599349 0.26856366 0.27457768 1129635009643390
0.5992519 0.26850343 0.27477032 1129635014766983
0.5991635 0.26844415 0.27497444 1129635019581099
0.59907 0.26838166 0.27520862 1129635024830734
0.59899104 0.2683248 0.27541783 1129635029666881
0.5989331 0.26825458 0.2756011 1129635034538287
0.59889853 0.2681716 0.27575672 1129635039446934
0.5988789 0.26806873 0.27588078 1129635044427713
0.5988684 0.26794845 0.27598777 1129635049402603
0.59888196 0.26781437 0.2760893 1129635054490164
0.59891474 0.2676806 0.27618206 1129635059362561
0.59896797 0.26753554 0.27626833 1129635064452873
0.59903055 0.26738352 0.27634045 1129635069539021
0.5990944 0.26720625 0.27639472 1129635074522354
0.59918505 0.2669768 0.27644515 1129635079272199
0.59933174 0.26666188 0.27649865 1129635084517355
0.59947 0.26639426 0.27652073 1129635089235377
0.599604 0.26616627 0.2765467 1129635094400324
0.59971243 0.2660352 0.2766051 1129635099327774
0.59980756 0.26597413 0.27672255 1129635104426940
0.5998734 0.26596937 0.2768815 1129635109310952
0.59990966 0.26598546 0.27708268 1129635114169389
0.59993106 0.26600423 0.27732575 1129635119140432
0.599923 0.26602098 0.27760187 1129635124169286
0.59989405 0.26603854 0.27789563 1129635129063766
0.599851 0.2660417 0.278219 1129635134078193
0.5997913 0.2660109 0.2785578 1129635139006423
0.59972537 0.265948 0.2789048 1129635144048194
0.5996547 0.26586092 0.2792299 1129635148969758
0.59957594 0.26572928 0.27955598 1129635153994080
0.5995087 0.26557168 0.27986318 1129635158920852
0.5994581 0.26539686 0.28014478 1129635163960904
0.5994226 0.26522306 0.28037503 1129635168881322
0.5994025 0.26505193 0.28057826 1129635173907520
0.59942716 0.26489064 0.28073946 1129635178837625
0.5996303 0.26458 0.28094906 1129635188803303
0.5997816 0.26442242 0.28099918 1129635193837001
0.59996486 0.26425967 0.2810348 1129635198749711
0.60017115 0.2640753 0.2810813 1129635203808512
0.60036767 0.26389417 0.2811618 1129635208873305
0.6005279 0.26373887 0.2812884 1129635213738253
0.6006572 0.26358938 0.28146127 1129635218672681
0.6007594 0.26343998 0.2817112 1129635224060650
0.60081285 0.26332453 0.28194705 1129635228723412
0.60082173 0.26319423 0.28224123 1129635233790703
0.6007673 0.26307613 0.28255543 1129635238630027
0.6006454 0.26297387 0.28290668 1129635243655131
0.60048366 0.26288688 0.28325522 1129635248549403
0.60029215 0.2628067 0.28361502 1129635253568413
0.60009396 0.26273757 0.28396302 1129635258504456
0.59989625 0.26267833 0.28431278 1129635263534612
0.5997295 0.26261914 0.2846425 1129635268462061
0.59961164 0.26254117 0.28494796 1129635273510290
0.59955716 0.26243865 0.28518674 1129635278430396
0.5995585 0.2622992 0.28535536 1129635283447322
0.59962 0.26213026 0.28544682 1129635288378417
0.59973747 0.26193866 0.28548595 1129635293405813
0.59990245 0.2617436 0.28547752 1129635298331231
0.60009634 0.26154107 0.28545183 1129635303410710
0.60028476 0.26136744 0.28543258 1129635308290815
0.6004478 0.2612359 0.2854529 1129635313318107
0.60055625 0.26116875 0.28552073 1129635318236025
0.6006099 0.2611492 0.28565255 1129635323307847
0.60060495 0.26116017 0.28585148 1129635328307536
0.6005527 0.2611837 0.28611365 1129635333246182
0.6004632 0.26120126 0.2864283 1129635338158422
0.60033697 0.26120177 0.2867825 1129635343283839
0.6001909 0.26118082 0.28713444 1129635348152017
0.600037 0.2611327 0.28750324 1129635353148111
0.5998776 0.2610704 0.28789836 1129635358585922
0.5997672 0.26101297 0.28817758 1129635363044935
0.5996705 0.26092803 0.28845856 1129635368101810
0.59961164 0.26081422 0.28869995 1129635373191551
0.599607 0.26067495 0.28888556 1129635378443790
0.5996523 0.26054457 0.28897887 1129635382959781
0.5997552 0.26039365 0.2890275 1129635387991291
0.5999074 0.2602369 0.2890234 1129635393268168
0.6000846 0.26008096 0.28896737 1129635398160094
0.60028523 0.25990883 0.28887957 1129635402884887
0.60050946 0.25971115 0.28875813 1129635407902751
0.6007233 0.25951117 0.2886222 1129635412843847
0.6009309 0.25930208 0.28847447 1129635418160930
0.6010882 0.25912556 0.28834745 1129635422812337
0.60122716 0.25894806 0.288223 1129635427826816
0.6013377 0.25879475 0.28811568 1129635432758119
0.60143095 0.25864422 0.28802073 1129635437959473
0.6015085 0.25851646 0.2879393 1129635442702756
0.60159475 0.2583803 0.2878582 1129635447768745
0.6016835 0.258247 0.28778055 1129635452702757
0.6017833 0.2581043 0.2877001 1129635458171611
0.6018701 0.25800043 0.2876249 1129635462625362
0.60197365 0.2578854 0.28754836 1129635467756195
0.60207605 0.25779116 0.28749695 1129635472579894
0.6022062 0.25770175 0.28747445 1129635477954946
0.6023227 0.25765634 0.28747058 1129635482526510
0.60244274 0.2576211 0.28751057 1129635487584947
0.60254747 0.2576095 0.28757757 1129635492486615
0.60265154 0.25762117 0.28768563 1129635497619323
0.60273814 0.25763938 0.28782007 1129635502449793
0.60285515 0.25767842 0.2880029 1129635507479845
0.6029471 0.25769812 0.28817838 1129635512424742
0.60304505 0.25769007 0.28835595 1129635517427499
0.60315305 0.2576493 0.28851283 1129635522372451
0.6032719 0.25756362 0.2886493 1129635527386513
0.6034035 0.2574484 0.28875983 1129635532311202
0.60356367 0.2573048 0.28884262 1129635537356046
0.6037486 0.25714236 0.2889038 1129635542393443
0.60396034 0.25697917 0.28893352 1129635547312245
0.6042036 0.2568065 0.28894162 1129635552301308
0.6044722 0.25663725 0.2889447 1129635557270683
0.6047512 0.25647244 0.28894618 1129635562190580
0.6050526 0.2563075 0.28895292 1129635567337090
0.6053352 0.256157 0.28896394 1129635572170685
0.6056164 0.25599897 0.28899962 1129635577308758
0.60585696 0.25586107 0.28905368 1129635582148551
0.60607743 0.25572658 0.28914276 1129635587136832
0.60625815 0.255605 0.28926605 1129635592072094
0.6064113 0.25549212 0.28942788 1129635597090843
0.60653865 0.2553943 0.28960985 1129635602015272
0.6066503 0.255299 0.28982338 1129635607115688
0.6067398 0.25521207 0.29004803 1129635611971835
0.6068251 0.25512496 0.29034045 1129635617210116
0.60689396 0.25505927 0.29065526 1129635621930482
0.6069555 0.25499216 0.29102477 1129635626970482
0.60701567 0.25493062 0.29137164 1129635631886108
0.6070885 0.2548573 0.29170412 1129635636979597
0.60718983 0.25475118 0.29198292 1129635641857515
0.60733336 0.25458932 0.292234 1129635646877150
0.607526 0.2543978 0.29245085 1129635651801943
0.6077458 0.25418 0.29266843 1129635656863037
0.60797155 0.25396192 0.2928688 1129635661759757
0.6082062 0.25374132 0.29306754 1129635666795434
0.60843354 0.253534 0.29325527 1129635671716268
0.6086795 0.2533104 0.29346007 1129635676967414
0.60890245 0.2530931 0.29366782 1129635682002519
0.609116 0.25286987 0.2938909 1129635686925696
0.6093077 0.25262874 0.29415303 1129635691793822
0.60947824 0.25237277 0.29446447 1129635696696426
0.6096175 0.25210857 0.29482844 1129635701588146
0.6097354 0.25183874 0.2952625 1129635706631948
0.6098395 0.25159514 0.29572526 1129635711587366
0.609931 0.25138578 0.29623082 1129635716640282
0.60999614 0.25122166 0.2967478 1129635721514190
0.6100477 0.25108397 0.29731917 1129635726545179
0.610088 0.25098702 0.29790285 1129635731504347
0.61012155 0.25092134 0.29851216 1129635736507055
0.6101423 0.25087863 0.2991368 1129635741417213
0.6101551 0.25085977 0.29981154 1129635746511640
0.6101582 0.25085607 0.30047157 1129635751385599
0.61015946 0.2508519 0.3011579 1129635756408984
0.6101695 0.25084603 0.30182692 1129635761338100
0.6101984 0.250818 0.3025149 1129635766473152
0.61024535 0.25076386 0.30313104 1129635771305601
0.61031616 0.25066763 0.3037501 1129635776355549
0.61040485 0.25053927 0.30432492 1129635781358206
0.61050624 0.25040087 0.30484974 1129635786302581
0.6106143 0.25025713 0.30534047 1129635791255186
0.61073595 0.25011784 0.30580348 1129635796236540
0.61090237 0.24998686 0.30626863 1129635801424041
0.61102813 0.24984603 0.30666903 1129635806344302
0.6111655 0.24968193 0.3070871 1129635811690397
0.6112916 0.24951963 0.30742675 1129635816151230
0.61143273 0.24929717 0.3078174 1129635821087637
0.6115612 0.2490218 0.30820435 1129635826231179
0.6116824 0.24870792 0.30854717 1129635831304409
0.61179537 0.24837671 0.30884033 1129635836067273
0.61191076 0.24800913 0.30912614 1129635841001754
0.61202747 0.24763206 0.30940777 1129635846023056
0.6121259 0.24728772 0.309704 1129635850959461
0.61221135 0.24698226 0.31005937 1129635856092900
0.6122662 0.24675526 0.3104341 1129635860918266
0.6122803 0.24659036 0.31089392 1129635865942120
0.61225253 0.24649544 0.31142214 1129635871096236
0.61218256 0.24647483 0.3119662 1129635875941913
0.6120683 0.24651372 0.31258017 1129635880919206
0.6119344 0.24658199 0.31323084 1129635885867747
0.61178607 0.24666303 0.31390306 1129635890793631
0.61161196 0.24673924 0.3145933 1129635895799041
0.6114342 0.24681084 0.3152401 1129635900732176
0.61125505 0.24686325 0.31587374 1129635905798628
0.6111005 0.24689017 0.31642762 1129635910681955
0.6109726 0.24687758 0.31694973 1129635915749573
0.61092997 0.24682757 0.31739858 1129635920661345
0.61090016 0.2467068 0.31778154 1129635925687855
0.61091095 0.24651214 0.31810498 1129635930735356
0.6109574 0.2462675 0.31837106 1129635935651033
0.611029 0.24598224 0.31860444 1129635940564680
0.6111232 0.24566819 0.31883684 1129635945597805
0.6112216 0.24535969 0.31907904 1129635950510980
0.61132944 0.24506061 0.3193511 1129635955585566
0.6114225 0.24481395 0.31963617 1129635960478745
0.6115055 0.2446115 0.31996906 1129635965511609
0.61156785 0.24447283 0.3203258 1129635970464840
0.61161274 0.2443864 0.3207264 1129635975502704
0.61163557 0.24436566 0.3211468 1129635980404580
0.61164874 0.24439994 0.32161316 1129635985441559
0.6116513 0.24447396 0.3220876 1129635990378592
0.61164755 0.24458659 0.3225898 1129635995396039
0.6116461 0.24471913 0.32308266 1129636000305832
0.6116435 0.2448611 0.32360747 1129636005496353
0.61164016 0.24498275 0.3240896 1129636010413541
0.6116503 0.24508531 0.32457346 1129636015547916
0.61166364 0.24515139 0.3249854 1129636020221042
0.6117278 0.2451886 0.32543674 1129636025258021
0.6117791 0.2451623 0.325839 1129636030224273
0.6118427 0.2450856 0.32622397 1129636035222501
0.61194104 0.24489298 0.32658195 1129636040171825
0.61239475 0.2432551 0.32911074 1129636065095004
0.6124572 0.24294741 0.32953838 1129636070006620
0.61250836 0.24264553 0.3299879 1129636075041464
0.61253387 0.24237154 0.33042118 1129636079976153
0.6125415 0.24210814 0.330864 1129636085041100
0.6125397 0.24186519 0.3312759 1129636089953289
0.6125315 0.24161379 0.331691 1129636094957924
0.6125236 0.24135223 0.3320913 1129636099891050
0.61251587 0.24106553 0.3325027 1129636105028290
0.6125221 0.24077101 0.33288988 1129636110150010
0.61255145 0.24049792 0.3332061 1129636114850212
0.61259717 0.24019445 0.33351862 1129636119794581
0.6126627 0.23986119 0.33381373 1129636124830512
0.6127609 0.2394824 0.33409414 1129636130006991
0.6128807 0.23908444 0.33433846 1129636134938553
0.6130226 0.23866896 0.33456546 1129636139761002
0.61322814 0.23821971 0.3348201 1129636144884127
0.6134173 0.237785 0.33501267 1129636149703035
0.61362815 0.23733163 0.33519906 1129636154702982
0.613827 0.23689573 0.33537313 1129636159636265
0.6140158 0.23646049 0.33556816 1129636164704962
0.6141775 0.23604974 0.33577827 1129636169579287
0.61432135 0.23564233 0.3360419 1129636174614599
0.6144346 0.23526688 0.33633497 1129636179537100
0.61451894 0.23490442 0.3366771 1129636184584964
0.61458325 0.23457356 0.33703315 1129636189506684
0.6146396 0.23425099 0.337412 1129636194526736
0.6146959 0.23394467 0.3377874 1129636199493248
0.61476517 0.23363422 0.33815464 1129636204489237
0.6148485 0.23333049 0.3384945 1129636209409915
0.6149584 0.23301263 0.3388136 1129636214463301
0.6150768 0.23267677 0.33909106 1129636219438191
0.6152083 0.23231784 0.33932233 1129636224409135
0.6153567 0.23193924 0.33949244 1129636229335438
0.61551416 0.23152532 0.3396277 1129636234357417
0.6156726 0.231093 0.3397133 1129636239283773
0.6158466 0.23062882 0.339763 1129636244350179
0.6160521 0.23018329 0.33979353 1129636249235232
0.6162348 0.22969541 0.33979166 1129636254328565
0.6164115 0.22920884 0.33977687 1129636259359868
0.6165823 0.22872284 0.33977568 1129636264402314
0.6167271 0.22828029 0.33978766 1129636269152942
0.6168664 0.22781971 0.33982733 1129636274184557
0.6169852 0.22738655 0.3398799 1129636279132683
0.6170835 0.22693478 0.33996153 1129636284381276
0.61714286 0.22654541 0.3400318 1129636289081479
0.6172003 0.22613233 0.34009972 1129636294148621
0.6172478 0.22574745 0.34013763 1129636299025497
0.6173155 0.22532155 0.34015453 1129636304364768
0.6173914 0.2249655 0.340124 1129636308993623
0.61749864 0.22457108 0.3400686 1129636314024404
0.61762214 0.22419016 0.3399894 1129636318945343
0.61777914 0.22379006 0.33988962 1129636324234927
0.6179277 0.22345752 0.33978695 1129636328924250
0.61810285 0.22310841 0.3396829 1129636334045656
0.6182707 0.22280163 0.33958673 1129636338941230
0.6184393 0.22248526 0.33949703 1129636344145501
0.61858606 0.22221501 0.33940136 1129636348900502
0.6187237 0.22193286 0.3393093 1129636353850242
0.61885476 0.22165385 0.33922833 1129636358843003
0.61898386 0.22135764 0.33915645 1129636364101857
0.6190917 0.22109964 0.3390988 1129636368845973
0.6192302 0.22083415 0.33906138 1129636373874046
0.61932397 0.22057773 0.339009 1129636378817537
0.61942035 0.22030292 0.33895865 1129636383976286
0.61950374 0.22004557 0.33890632 1129636388680819
0.6196041 0.21976133 0.33884323 1129636393670714
0.61971706 0.21947584 0.3387645 1129636398603580
0.6198458 0.21917099 0.33866954 1129636403640035
0.6199763 0.21887076 0.33855495 1129636408585196
0.6201095 0.21856715 0.33842355 1129636413588945
0.6202473 0.21826845 0.3382875 1129636418507332
0.6203928 0.21795285 0.33814812 1129636423552801
0.62053645 0.21765298 0.33802626 1129636428497170
0.6206775 0.2173543 0.33793503 1129636433624663
0.62079394 0.21710108 0.33787712 1129636438429001
0.62090486 0.21687081 0.33785164 1129636443452594
0.620999 0.21667787 0.33786 1129636448390304
0.6210723 0.21650323 0.3379023 1129636453461762
0.6211187 0.2163452 0.33798236 1129636458409367
0.62115115 0.21618173 0.33808562 1129636463412128
0.62116957 0.21600838 0.33820367 1129636468417539
0.62117827 0.21581571 0.3383203 1129636473368743
0.6211888 0.215598 0.3384198 1129636478318276
0.62122583 0.21534306 0.33849823 1129636483413692
0.6212936 0.21508832 0.33854854 1129636488221662
0.6214074 0.21479635 0.33857527 1129636493253432
0.6215494 0.21449476 0.33856574 1129636498167653
0.62171793 0.21417005 0.3385397 1129636503244736
0.62189084 0.21386856 0.3385032 1129636508122237
0.6220783 0.21357238 0.33846033 1129636513181143
0.62229276 0.21332105 0.33843982 1129636518078800
0.6224903 0.21304978 0.3384236 1129636523425623
0.6226348 0.2128504 0.33843586 1129636528084687
0.6227689 0.21265195 0.33848974 1129636533078124
0.62288165 0.2124842 0.33858353 1129636538018073
0.6229822 0.21231703 0.33872685 1129636543026823
0.6230658 0.21214776 0.33889988 1129636547954897
0.62314445 0.21196586 0.33909804 1129636552987813
0.6232247 0.21178202 0.33930755 1129636557908700
0.6233268 0.2115655 0.33954424 1129636563274637
0.62343323 0.21139154 0.33975983 1129636567990732
0.62355435 0.21121836 0.33999228 1129636572914222
0.6236772 0.21107332 0.34022874 1129636577822348
0.623792 0.2109461 0.34049177 1129636582856462
0.62387615 0.21085727 0.3407773 1129636587795839
0.62394345 0.21078809 0.34110236 1129636592831047
0.6240001 0.21073487 0.34145626 1129636597785735
0.62405664 0.21067546 0.3418451 1129636602769850
0.6241155 0.21058755 0.3422531 1129636607796830
0.62417823 0.21045585 0.3426542 1129636612740007
0.624248 0.21028458 0.34304506 1129636617670373
0.6243318 0.2100737 0.34342945 1129636622725946
0.62442416 0.20984584 0.34378695 1129636627616780
0.6245399 0.2095901 0.3441441 1129636632644228
0.62466955 0.20933677 0.34448698 1129636637565583
0.6248273 0.20906341 0.34483933 1129636642610531
0.62499255 0.20879835 0.34518528 1129636647535011
0.62516785 0.20853344 0.3455494 1129636652540421
0.62534106 0.20828475 0.3459182 1129636657515311
0.6255057 0.20805901 0.34629756 1129636662512720
0.6256828 0.2078739 0.34669867 1129636667449388
0.62581974 0.20770298 0.34709334 1129636672470065
0.62594724 0.20754083 0.34748578 1129636677428764
0.6260715 0.20737286 0.34787703 1129636682427306
0.62618846 0.20720601 0.348256 1129636687355796
0.62630385 0.20701301 0.34863028 1129636692401265
0.62642807 0.20676473 0.34903356 1129636697957932
0.62651324 0.20657004 0.34932405 1129636702303037
0.6266141 0.2063043 0.34965733 1129636707331058
0.6267211 0.20602985 0.34998286 1129636712266216
0.62684125 0.20571043 0.35034075 1129636717628559
0.62694323 0.20544502 0.35063916 1129636722201529
0.6270678 0.20514716 0.35097295 1129636727249133
0.6271896 0.2048722 0.3512883 1129636732175020
0.627326 0.20458475 0.35162383 1129636737489082
0.6274374 0.20436072 0.3519142 1129636742127104
0.6275604 0.20412228 0.35222754 1129636747148666
0.6276826 0.20389588 0.35252544 1129636752073407
0.62780416 0.20364927 0.35284194 1129636757363355
0.6279099 0.20342548 0.35312194 1129636762030127
0.628018 0.20314834 0.35344476 1129636767098460
0.62811697 0.20286301 0.35376102 1129636771985440
0.62816936 0.20268865 0.3539829 1129636775430127
0.6282822 0.20228702 0.3544339 1129636781945598
0.62834394 0.20201361 0.35477138 1129636786977108
0.6283954 0.20177183 0.35510042 1129636791899140
0.62844986 0.20151848 0.35545707 1129636797182890
0.62848765 0.20132683 0.35575652 1129636801862474
0.6285225 0.20112935 0.35605997 1129636806896537
0.6285701 0.20095338 0.35634366 1129636811816955
0.6285668 0.2007497 0.35658708 1129636816890288
0.6285634 0.20053358 0.35679048 1129636821789351
0.6285696 0.20028876 0.3569656 1129636826817580
0.628575 0.20004009 0.35710466 1129636831744873
0.62858707 0.19977643 0.3572243 1129636836799089
0.6286021 0.19952995 0.35733098 1129636841705708
0.6286265 0.19929254 0.35743672 1129636846741639
0.628655 0.19907637 0.3575488 1129636851866021
0.62868327 0.19890083 0.35766894 1129636856637216
0.6287129 0.1987241 0.3578134 1129636861778522
0.6287362 0.19857232 0.35797366 1129636866635032
0.6287628 0.19842225 0.35814965 1129636871563315
0.6287884 0.19825265 0.35835585 1129636876871648
0.6288116 0.19809754 0.3585427 1129636881527430
0.6288421 0.19788966 0.35877162 1129636886576857
0.6288692 0.19765328 0.35901797 1129636891527431
0.62890834 0.19738097 0.35927212 1129636896529827
0.6289524 0.1970984 0.35953236 1129636901434464
0.6290048 0.19678801 0.35982826 1129636906509776
0.62905097 0.19650921 0.36013085 1129636911387642
0.62909055 0.19625714 0.3604679 1129636916476443
0.62909263 0.19607079 0.36082292 1129636921350455
0.629064 0.19594324 0.36123067 1129636926382590
0.629005 0.19590798 0.36166805 1129636931320821
0.62890774 0.19595483 0.36215684 1129636936425508
0.62879133 0.19607937 0.36266723 1129636941410874
0.6286618 0.196252 0.3631844 1129636946306551
0.6285137 0.1964641 0.36371028 1129636951258739
0.628362 0.19667652 0.36422792 1129636956284416
0.6282493 0.19688267 0.3647108 1129636961173428
0.62812287 0.19703715 0.3651363 1129636966211553
0.62803036 0.19712867 0.36547804 1129636971128793
0.6279822 0.1971415 0.3657671 1129636976171554
0.6279847 0.19707298 0.36598808 1129636981104159
0.62803733 0.19691463 0.3661541 1129636986135096
0.6281251 0.1966859 0.36626863 1129636991109986
0.6282284 0.19640993 0.36635655 1129636996092701
0.6283444 0.19611111 0.36642465 1129637001001140
0.62847066 0.19577807 0.3664925 1129637006064838
0.6285901 0.19543846 0.3665763 1129637010972079
0.6287059 0.19506922 0.3666988 1129637016081245
0.62880784 0.1947041 0.36685112 1129637020939059
0.62890124 0.19430603 0.36705595 1129637025951663
0.6289835 0.1939166 0.3672931 1129637030890883
0.62906265 0.19351836 0.36756036 1129637036066143
0.6291205 0.19318396 0.36781666 1129637040845988
0.62915796 0.19286206 0.36811265 1129637045898904
0.6291862 0.1925852 0.3684283 1129637050931926
0.6292018 0.19235826 0.36876556 1129637055838697
0.62920445 0.19216353 0.36912495 1129637060763594
0.6291944 0.19199242 0.36951306 1129637065784896
0.6291671 0.19185136 0.36990654 1129637070718647
0.62911296 0.1917292 0.37033167 1129637075810418
0.62905645 0.19163798 0.37074006 1129637080659638
0.6290008 0.19156566 0.3711747 1129637085726721
0.6289436 0.1915297 0.37158674 1129637090633753
0.62887955 0.1915066 0.37200177 1129637095653128
0.6288086 0.1914831 0.37241086 1129637100580213
0.628729 0.1914461 0.37282673 1129637105624379
0.6286374 0.19139366 0.37323725 1129637110547089
0.62854 0.19130988 0.37366042 1129637115675526
0.6284488 0.19120036 0.37404174 1129637120587090
0.6283642 0.19104433 0.3743966 1129637125632141
0.62830406 0.19084656 0.37469876 1129637130469226
0.62827563 0.19057594 0.37497458 1129637135482871
0.6282897 0.19025059 0.37519342 1129637140416050
0.6283529 0.18986514 0.37536958 1129637145450060
0.62848216 0.18942326 0.37549853 1129637150797926
0.6286414 0.1890439 0.37556252 1129637155395686
0.6288526 0.18862155 0.37560895 1129637160401097
0.62907773 0.18821365 0.37565508 1129637165361260
0.6292979 0.187811 0.37571537 1129637170563553
0.629467 0.187483 0.37579447 1129637175315323
0.6296256 0.18719627 0.37595272 1129637180255273
0.62969124 0.18695097 0.3761575 1129637185267408
0.62969226 0.18676667 0.37642667 1129637190188033
0.62946516 0.18647207 0.37726066 1129637200142879
0.62930536 0.1863641 0.37770376 1129637205192722
0.62911564 0.1862508 0.37816837 1129637210349182
0.6289434 0.18614043 0.37858415 1129637215138556
0.6287889 0.1860069 0.37897402 1129637220057829
0.628671 0.18583752 0.3793243 1129637225107360
0.62860125 0.18561922 0.37963364 1129637230272205
0.6285975 0.18538937 0.3798805 1129637235109236
0.6286499 0.18512152 0.38009956 1129637240086893
0.62874186 0.18483095 0.38029233 1129637245016997
0.6288491 0.18453556 0.38046557 1129637249950641
0.62896603 0.18423833 0.38063383 1129637254977571
0.6290864 0.18398549 0.38080025 1129637259905645
0.6292076 0.18374752 0.38098273 1129637265119343
0.62930036 0.18357456 0.38114685 1129637269911108
0.629385 0.18342716 0.38132477 1129637274925490
0.62944764 0.18330559 0.38151142 1129637279805908
0.62950015 0.18317829 0.38171566 1129637284852001
0.62954485 0.18304582 0.38192946 1129637289854034
0.62959063 0.18288857 0.38215235 1129637294843669
0.6296376 0.18270363 0.3823803 1129637299726274
0.6296972 0.18246257 0.38262874 1129637304770545
0.62977517 0.18217438 0.38288018 1129637309798411
0.62987745 0.18184337 0.38313413 1129637314903462
0.629984 0.18151915 0.38336208 1129637319640026
0.63011587 0.18114963 0.38360178 1129637324674140
0.63026017 0.1807598 0.38384548 1129637329648777
0.6304165 0.18036945 0.38409302 1129637334656537
0.6305651 0.18001957 0.3843256 1129637339570184
0.63068926 0.17969501 0.38456386 1129637344587371
0.6307861 0.17941259 0.38480237 1129637349567894
0.6308507 0.17914866 0.3850709 1129637354687060
0.6308763 0.17892897 0.38533095 1129637359480395
0.63088113 0.17870691 0.3856165 1129637364602530
0.63091457 0.17775571 0.3862352 1129637379490032
0.63093996 0.1774312 0.38636827 1129637384413886
0.6309961 0.1770326 0.3864403 1129637389562846
0.63108605 0.17662185 0.38644716 1129637394391283
0.6312152 0.17616944 0.38640344 1129637399294201
0.63139033 0.17567442 0.38631743 1129637404330450
0.63159823 0.17517102 0.38620162 1129637409253577
0.63184756 0.17464042 0.38607514 1129637414329358
0.6321111 0.17411909 0.38596582 1129637419273727
0.6324074 0.17361762 0.38590235 1129637424258369
0.6326458 0.17315853 0.38584015 1129637429164620
0.6328381 0.17273314 0.38581687 1129637434202276
0.63296723 0.17238629 0.38584444 1129637439147017
0.6330327 0.17211261 0.3859362 1129637444157746
0.6330337 0.17192411 0.38610056 1129637449084049
0.6329718 0.17179683 0.3863372 1129637454127434
0.63286066 0.17172074 0.3866047 1129637459036811
0.6327111 0.17166944 0.38690403 1129637464341133
0.6325785 0.1716399 0.38715044 1129637468992124
0.6324646 0.17156976 0.38738248 1129637474109676
0.6324022 0.17147142 0.38755167 1129637478981136
0.63240093 0.17131321 0.38767818 1129637484052333
0.63245857 0.17111202 0.3877384 1129637488966181
0.63257265 0.17085762 0.3877452 1129637493973532
0.6327219 0.17055707 0.3877104 1129637499131815
0.63287365 0.17025575 0.38766626 1129637504033377
0.63301176 0.16995363 0.3876446 1129637508896295
0.63313574 0.16966608 0.3876697 1129637513856295
0.6332228 0.16942054 0.38775784 1129637518781973
0.63327307 0.16919748 0.38791648 1129637523860358
0.63329923 0.16901125 0.3881206 1129637528750047
0.6333169 0.16882943 0.388372 1129637533766036
0.6333305 0.16867433 0.38864353 1129637538708954
0.63334817 0.16853683 0.3889315 1129637543755620
0.6333663 0.16843684 0.38920698 1129637548653799
0.6333895 0.16836426 0.38949475 1129637553697496
0.6334152 0.16831963 0.38978875 1129637558605050
0.63344336 0.16829436 0.39011455 1129637563686404
0.6334691 0.16828851 0.3904527 1129637568592395
0.6334888 0.16828287 0.39083543 1129637573640780
0.6335075 0.16826361 0.39124164 1129637578647500
0.6335298 0.16822961 0.3916849 1129637583969635
0.63354003 0.16820367 0.39205664 1129637588498647
0.63355196 0.1681386 0.3924577 1129637593517657
0.63357526 0.16803971 0.39283875 1129637598448127
0.63362694 0.16786362 0.39323613 1129637603770835
0.6337249 0.1676675 0.39359522 1129637608439169
0.6338225 0.16738178 0.39395908 1129637613426930
0.63394785 0.16705512 0.39431262 1129637618376827
0.6340785 0.16672225 0.39466456 1129637623334429
0.6342105 0.1663892 0.39502427 1129637628481099
0.63432044 0.16609377 0.39536157 1129637633361254
0.6344154 0.16581506 0.3957062 1129637638276047
0.6344915 0.16552073 0.39610147 1129637643536828
0.6345364 0.16527857 0.39646873 1129637648222194
0.6345681 0.16502273 0.39687616 1129637653261256
0.6345872 0.16479173 0.39728332 1129637658203914
0.634616 0.16457272 0.39769852 1129637663196359
0.634664 0.16436818 0.39810827 1129637668140842
0.634724 0.16417491 0.3985168 1129637673146252
0.63478947 0.1640032 0.39890873 1129637678099228
0.6348662 0.16383803 0.3993087 1129637683189124
0.63494414 0.16368869 0.39970246 1129637688194535
0.6350157 0.16353929 0.4000935 1129637693159073
0.6350785 0.16338234 0.4004807 1129637698122616
0.63513017 0.16319852 0.40087253 1129637703295272
0.6351627 0.16302246 0.40119985 1129637707971575
0.635193 0.16280815 0.40152416 1129637713044700
0.6352252 0.16260713 0.4017901 1129637717927097
0.63526726 0.16239642 0.40202725 1129637723126993
0.63530797 0.16222695 0.4021976 1129637727897046
0.635368 0.16206408 0.40232137 1129637732919233
0.63544 0.1619126 0.40238807 1129637737852516
0.6355296 0.16174795 0.4024248 1129637742868658
0.6356333 0.16158958 0.40243682 1129637747797100
0.635757 0.16141523 0.40243724 1129637752833870
0.63588256 0.16123575 0.40243632 1129637757758247
0.6360173 0.16102123 0.4024431 1129637763144496
0.6361249 0.16084166 0.4024563 1129637767756998
0.63626343 0.16065192 0.40251192 1129637772760539
0.6363537 0.16046783 0.40257382 1129637777671634
0.63643616 0.1602992 0.4026735 1129637782753926
0.63649607 0.16017686 0.40281633 1129637787769187
0.6365306 0.16010782 0.40299982 1129637792684968
0.6365313 0.16008982 0.40323082 1129637797589084
0.6364937 0.1601312 0.40351915 1129637802787417
0.63641715 0.1602361 0.4038369 1129637807553096
0.6363108 0.16039772 0.40421492 1129637812597001
0.63619566 0.16060907 0.40460694 1129637817526378
0.6360728 0.16083214 0.40502337 1129637822795492
0.6359735 0.16102962 0.4053766 1129637827503254
0.63589036 0.16119365 0.40570122 1129637832509712
0.6358365 0.16129296 0.40595552 1129637837427161
0.6358221 0.16132042 0.40615192 1129637842522630
0.6358465 0.16129409 0.4062786 1129637847382266
0.63590395 0.16121389 0.4063611 1129637852404870
0.635972 0.16110861 0.4064119 1129637857340080
0.6360434 0.16098922 0.4064591 1129637862557058
0.63609385 0.1609077 0.40651459 1129637867369768
0.63612366 0.160831 0.4066027 1129637872356330
0.6361355 0.16079149 0.4067299 1129637877272894
0.6361408 0.16079564 0.40691003 1129637882281800
0.63611364 0.16085254 0.40715724 1129637887309874
0.63605535 0.16095425 0.4074493 1129637892266541
0.63599086 0.16109249 0.40776053 1129637897158938
0.6359247 0.16123578 0.408085 1129637902205917
0.6358652 0.16135113 0.40839067 1129637907121439
0.6358207 0.16141488 0.40868738 1129637912149303
0.63578594 0.16141641 0.408958 1129637917122117
0.6357581 0.16135842 0.40920964 1129637922217273
0.6357319 0.1612674 0.40942323 1129637927029253
0.6357101 0.1611445 0.40962204 1129637932086805
0.63568825 0.1610132 0.40979648 1129637937019983
0.6357089 0.16065744 0.41006032 1129637947220141
0.63571846 0.16053262 0.41018653 1129637951977119
0.63573813 0.16039936 0.410313 1129637956925506
0.6357987 0.1602676 0.41045794 1129637961934725
0.63583493 0.16012686 0.41058066 1129637966858788
0.63588536 0.15997334 0.41071054 1129637971919517
0.6359299 0.15982679 0.41084608 1129637976849571
0.63598394 0.15968315 0.41098893 1129637981850404
0.6360346 0.15955676 0.4111306 1129637986783113
0.63608 0.15943074 0.41127694 1129637991806759
0.63611126 0.15930842 0.41143256 1129637996864208
0.636137 0.15918927 0.4115903 1129638001777593
0.63614976 0.15908061 0.41175866 1129638006687490
0.63615143 0.15896852 0.4119552 1129638011721865
0.6361378 0.15884887 0.41219398 1129638016982959
0.636109 0.15875426 0.4124461 1129638021689158
0.6360625 0.15866306 0.4127481 1129638026609992
0.6360121 0.15856497 0.41310087 1129638031861294
0.6359539 0.15850337 0.41343385 1129638036597231
0.63585997 0.1584672 0.41380584 1129638041735149
0.6357352 0.15847431 0.41417354 1129638046679518
0.63557684 0.15851504 0.41456398 1129638051841609
0.63541687 0.15857455 0.41493702 1129638056694415
0.6352618 0.15862025 0.41530684 1129638061553381
0.6351178 0.1586334 0.41567287 1129638066671975
0.6350089 0.15860848 0.41598958 1129638071474163
0.63491976 0.15852675 0.41629004 1129638076693279
0.63485605 0.1584078 0.41654792 1129638081478278
0.6348099 0.15823242 0.41678688 1129638086359894
0.6347758 0.15800045 0.4170054 1129638091393227
0.63475037 0.15773305 0.4171997 1129638096346872
0.6347331 0.15741977 0.4173801 1129638101338020
0.63471353 0.1570894 0.41756028 1129638106262917
0.63469434 0.15674359 0.41774634 1129638111297187
0.63467526 0.15639845 0.41794735 1129638116495783
0.6346538 0.15610719 0.4181566 1129638121264168
0.63463265 0.15581857 0.41839793 1129638126180106
0.6346269 0.15553375 0.41867468 1129638131210679
0.63463956 0.15524997 0.4189847 1129638136347972
0.63468146 0.15495002 0.41931108 1129638141311305
0.63476276 0.15462202 0.419634 1129638146101931
0.63488406 0.15425262 0.41996783 1129638151138806
0.6350183 0.1538756 0.42028514 1129638156255422
0.63518655 0.15352525 0.4205907 1129638161142661
0.6353205 0.15318282 0.42086112 1129638166006725
0.635446 0.15284948 0.4211422 1129638171039329
0.6355484 0.15254794 0.42145288 1129638176187038
0.635608 0.15232162 0.42178297 1129638180995476
0.63564116 0.15213585 0.42215872 1129638185918967
0.6356575 0.15197134 0.4225757 1129638190952195
0.6356671 0.15182406 0.42302433 1129638195895686
0.6356652 0.15169568 0.42349407 1129638200908967
0.63565886 0.15158285 0.42394966 1129638205834437
0.6356356 0.15148626 0.42440024 1129638210869906
0.63560563 0.15140556 0.42482832 1129638215823136
0.63557965 0.15131879 0.42524916 1129638220823136
0.63555425 0.15120101 0.42567295 1129638225849491
0.6355347 0.15107296 0.42607126 1129638230854901
0.6355392 0.15093175 0.426415 1129638235912930
0.63558465 0.15075955 0.42669368 1129638240948861
0.6356536 0.15057734 0.42689586 1129638245960431
0.63571954 0.1504247 0.4270322 1129638250695951
0.63577896 0.15027152 0.42712966 1129638255867671
0.6358133 0.1501678 0.42719916 1129638260657879
0.6358303 0.15009682 0.42727405 1129638265654131
0.63582575 0.1500557 0.42737508 1129638270630068
0.6358093 0.15003304 0.4275059 1129638275804340
0.6357819 0.150034 0.42765623 1129638280535063
0.63574207 0.1500427 0.42784086 1129638285506216
0.63568765 0.15006056 0.42805222 1129638290526372
0.63562465 0.15007904 0.42827433 1129638295465071
0.63555115 0.1501051 0.42850655 1129638300481685
0.6354692 0.15014386 0.42874458 1129638305404291
0.6353757 0.15019144 0.4289749 1129638310438926
0.6352749 0.15024984 0.4291836 1129638315362625
0.6351685 0.15032092 0.4293765 1129638320407885
0.635059 0.15041214 0.4295405 1129638325324033
0.63494366 0.15053158 0.42969325 1129638330399189
0.634827 0.15067947 0.429831 1129638335494497
0.63472116 0.15083201 0.42995837 1129638340325752
0.6346172 0.15098795 0.4300832 1129638345330857
0.63452166 0.15114293 0.4301982 1129638350457420
0.6344472 0.15127468 0.4302738 1129638355298306
0.6344049 0.15137777 0.4303085 1129638360225650
0.6343959 0.15144037 0.43029585 1129638365152526
0.6344256 0.15145797 0.43023962 1129638370185338
0.63451 0.1514362 0.4301494 1129638375124610
0.63465405 0.15138184 0.43005043 1129638380196850
0.63482744 0.15133001 0.42997506 1129638385075132
0.63501906 0.15129311 0.42992935 1129638390091017
0.6352021 0.15129943 0.42992368 1129638395035081
0.6353632 0.15136494 0.42996645 1129638400051435
0.63549083 0.15147623 0.43006617 1129638404981332
0.6355883 0.15162861 0.43022728 1129638410008832
0.63568807 0.15181845 0.43044648 1129638414946906
0.6357319 0.15203884 0.43066904 1129638420020291
0.63574296 0.15227701 0.4308783 1129638424902792
0.63572884 0.1525174 0.43107164 1129638429937480
0.63569826 0.1527322 0.43122873 1129638434951804
0.6356587 0.15288375 0.43134522 1129638439888158
0.63561946 0.15294929 0.43143466 1129638444802638
0.6356044 0.1529021 0.43150216 1129638450802065
0.63561773 0.15281461 0.43153283 1129638454758525
0.6356798 0.15261999 0.4315188 1129638459931910
0.6357641 0.15240481 0.43147406 1129638464727588
0.63587564 0.15214495 0.43141207 1129638470194827
0.6359706 0.15195908 0.43137303 1129638474679308
0.63605887 0.15180033 0.4313617 1129638479712016
0.636128 0.15171136 0.43141103 1129638484635142
0.636174 0.1516798 0.43153778 1129638489898163
0.63617915 0.15172632 0.43171751 1129638494590716
0.63613105 0.15184149 0.43196887 1129638499620195
0.63603723 0.15201113 0.43226066 1129638504547123
0.6359071 0.15220769 0.4325954 1129638509717956
0.63578135 0.15236707 0.43290985 1129638514501708
0.635668 0.15246722 0.43321404 1129638519547957
0.63559806 0.1524779 0.4334486 1129638524470927
0.6355846 0.15238571 0.4336062 1129638529458373
0.63563246 0.15220787 0.43367064 1129638534419939
0.6357228 0.15195513 0.43364862 1129638539536449
0.6358334 0.1516756 0.43356952 1129638544387336
0.6359516 0.15137124 0.4334452 1129638549387801
0.6360477 0.15108214 0.43330958 1129638554439316
0.63610595 0.15082587 0.4331888 1129638559412701
0.6361181 0.15061583 0.4331121 1129638564313796
0.6360912 0.15043928 0.4330834 1129638569549629
0.6360388 0.15033562 0.43311837 1129638574381818
0.6359599 0.15028645 0.43321583 1129638579375932
0.6358663 0.15029146 0.43336308 1129638584204267
0.63575417 0.15032105 0.43356088 1129638589423068
0.63565755 0.15036696 0.43376616 1129638594165466
0.63558006 0.15040849 0.4339843 1129638599197861
0.63554513 0.15043183 0.4341732 1129638604132654
0.63556063 0.15042432 0.43431994 1129638609425883
0.635619 0.15039192 0.43441087 1129638614095565
0.6357204 0.150332 0.43447423 1129638619107707
0.6358426 0.1502644 0.43453655 1129638624029791
0.6359865 0.15018675 0.43460798 1129638629096822
0.63612854 0.15011574 0.43470764 1129638634252657
0.63625634 0.15005316 0.43483186 1129638639034167
0.6363863 0.14999774 0.4349911 1129638643981043
0.6365162 0.14994119 0.4351868 1129638649020314
0.63663524 0.14987658 0.435409 1129638653907659
0.63674486 0.14979754 0.43565956 1129638658953492
0.6368386 0.14970854 0.4359212 1129638663864222
0.6369233 0.14959595 0.43619326 1129638668869631
0.637003 0.14946069 0.4364645 1129638673820473
0.63710326 0.14927371 0.43674234 1129638678992973
0.63721794 0.14907002 0.43698406 1129638683873547
0.6373514 0.14882094 0.43720776 1129638689133703
0.63747007 0.14857328 0.43737254 1129638693760111
0.637594 0.14829278 0.43750957 1129638698788600
0.63770086 0.14802894 0.43763256 1129638703746622
0.6378021 0.14778602 0.4377547 1129638708809487
0.63788337 0.14758219 0.43789232 1129638713653707
0.6379473 0.14739068 0.43805975 1129638718695894
0.63799196 0.14721456 0.4382432 1129638723665218
0.6380205 0.14706686 0.43843803 1129638728652874
0.6380389 0.14695656 0.43862087 1129638733597243
0.63804036 0.14689472 0.43879762 1129638738596417
0.6380305 0.1468896 0.4389544 1129638743523137
0.6379988 0.14692146 0.4391054 1129638748594699
0.63794434 0.14698859 0.43925688 1129638753475638
0.6378647 0.14708106 0.4394277 1129638758510481
0.6377676 0.14720072 0.43961042 1129638763477409
0.637661 0.14734183 0.43979838 1129638768452297
0.6375542 0.14749 0.4399732 1129638773386942
0.6374525 0.14762045 0.44013286 1129638778468556
0.6373731 0.14770718 0.4402698 1129638783363557
0.6373185 0.1477513 0.4403911 1129638788427515
0.637293 0.14776005 0.44049528 1129638793415746
0.63728887 0.14774548 0.44058177 1129638798374444
0.6372888 0.14772232 0.44065946 1129638803265070
0.6372884 0.147705 0.44073552 1129638808297361
0.637278 0.14769764 0.44081646 1129638813218821
0.63725495 0.14768727 0.44091028 1129638818333925
0.63721126 0.14766973 0.44100732 1129638823177259
0.6371412 0.14763941 0.44111767 1129638828226113
0.63705987 0.14760053 0.44124 1129638833145541
0.63700837 0.14756164 0.44140133 1129638838166270
0.63694197 0.14750977 0.44154683 1129638843097417
0.6369091 0.14746924 0.44169208 1129638848140021
0.636904 0.14743108 0.44182304 1129638853064866
0.63693076 0.14737478 0.44193515 1129638858096689
0.63698685 0.14729767 0.44202405 1129638863014086
0.6371972 0.14700204 0.44210067 1129638873175285
0.63730305 0.14684978 0.44215006 1129638877992993
0.6374191 0.14667948 0.44218647 1129638882936796
0.6375263 0.14650205 0.4422227 1129638887965286
0.6376078 0.14632413 0.44226205 1129638892874714
0.63765967 0.14612268 0.44231254 1129638897914714
0.63768476 0.1459093 0.442372 1129638903011694
0.6376851 0.14569537 0.44244948 1129638907975704
0.6376739 0.14547716 0.44254535 1129638912789612
0.6376582 0.14521927 0.4426634 1129638917846434
0.6376457 0.1449127 0.44279608 1129638923114455
0.63764375 0.14459272 0.4429136 1129638927785185
0.63765645 0.1441837 0.44303584 1129638932768103
0.6376802 0.14369978 0.44317102 1129638937756280
0.6377124 0.1431489 0.44331634 1129638942731170
0.6377508 0.14253218 0.4434698 1129638947701490
0.637809 0.14182316 0.44362244 1129638952814095
0.6379014 0.14107132 0.44376466 1129638957731699
0.6380348 0.14029339 0.4438886 1129638962566386
0.6381914 0.139459 0.44402036 1129638967613679
0.63834584 0.13866651 0.44416806 1129638972549462
0.63849795 0.13792527 0.44433305 1129638977582326
0.63864756 0.13725542 0.4445176 1129638982700973
0.6387877 0.13671634 0.4447157 1129638987526806
0.63892615 0.13626699 0.4449353 1129638992483786
0.6390591 0.13590987 0.44517165 1129638997500713
0.63919973 0.13562775 0.44541752 1129639002416338
0.6393641 0.13538088 0.44567445 1129639007449360
0.63953257 0.13517268 0.44591585 1129639012366966
0.6396917 0.13498594 0.44616398 1129639017503007
0.63982165 0.13483405 0.4464176 1129639022713269
0.63990945 0.13472384 0.4466651 1129639027403529
0.6399703 0.13463607 0.4469573 1129639032299259
0.6400076 0.13457498 0.4472928 1129639037359311
0.6400127 0.13454314 0.4476453 1129639042312594
0.63999724 0.13453177 0.44800684 1129639047275354
0.6399568 0.13453306 0.44836888 1129639052206605
0.63988924 0.13455427 0.44874418 1129639057241136
0.63979113 0.13460268 0.44911572 1129639062153012
0.6396516 0.13467415 0.44950688 1129639067206866
0.6394962 0.13475364 0.44987702 1129639072113534
0.63932145 0.13482134 0.4502335 1129639077142284
0.63914204 0.1348622 0.45055407 1129639082252077
0.6389908 0.13485254 0.45080552 1129639087097180
0.6388699 0.13477919 0.4510007 1129639092036557
0.6387933 0.13463815 0.4511377 1129639097066140
0.6387645 0.13445024 0.45121866 1129639101985877
0.63877326 0.13420849 0.4512576 1129639107017755
0.63880485 0.1339502 0.45126128 1129639112078746
0.6388506 0.13369453 0.4512408 1129639117119058
0.638894 0.13345571 0.45121667 1129639122155206
0.6389236 0.13326122 0.4512142 1129639126965830
0.6389552 0.13310897 0.4512252 1129639131859113
0.638979 0.13298595 0.4512547 1129639136931560
0.6389984 0.13288808 0.4512945 1129639141814426
0.6390125 0.13279423 0.45135012 1129639146857811
0.63902587 0.1326959 0.4514117 1129639151777865
0.6390437 0.13259731 0.451477 1129639156814792
0.6390558 0.13251126 0.45155254 1129639161728022
0.639055 0.13243203 0.45164922 1129639166964480
0.63903964 0.13238311 0.45176774 1129639171685679
0.63900983 0.13235073 0.45191994 1129639176731096
0.6389625 0.13234827 0.4520964 1129639181639118
0.6388934 0.13237815 0.4522956 1129639186676513
0.6388077 0.13243711 0.45248577 1129639191601098
0.6387073 0.13252246 0.45267537 1129639196630681
0.6385959 0.1326131 0.45284587 1129639201550943
0.63848114 0.13268477 0.45297876 1129639206601567
0.6383897 0.13271457 0.45306146 1129639211603912
0.6383185 0.13270143 0.45309985 1129639216550943
0.6382542 0.13264853 0.45309955 1129639221566518
0.63819104 0.13254714 0.45308363 1129639226609278
0.6381162 0.13241667 0.453073 1129639231430425
0.6380266 0.13225393 0.45306045 1129639236473602
0.6379347 0.13208278 0.45304447 1129639241393343
0.63784945 0.13190915 0.4530357 1129639246562926
0.6377847 0.13177322 0.45303982 1129639251385212
0.6377413 0.13165204 0.45304912 1129639256409593
0.6377336 0.13154955 0.45305088 1129639261293553
0.637788 0.13147621 0.45302662 1129639266513605
0.6379336 0.13152821 0.45298332 1129639271520898
0.63811576 0.1317071 0.45295215 1129639276337668
0.63828963 0.13197495 0.4529492 1129639281212096
0.63845277 0.13229106 0.45297137 1129639286245273
0.6386105 0.13261323 0.45298544 1129639291180118
0.6387637 0.13292347 0.4529898 1129639296205326
0.6389118 0.13318326 0.45299286 1129639301134182
0.6390584 0.13338308 0.45299608 1129639306173661
0.6391864 0.13351509 0.45299855 1129639311111995
0.6392944 0.13360739 0.45299503 1129639316117405
0.63936347 0.13370822 0.45300388 1129639321225069
0.63936657 0.13383788 0.45304134 1129639326162881
0.6393048 0.13400799 0.45311826 1129639330996008
0.6391762 0.13422093 0.4532391 1129639336092309
0.63900167 0.13442613 0.45338815 1129639340957519
0.63878626 0.13460867 0.45356503 1129639345989446
0.63855606 0.13474429 0.45374918 1129639350915228
0.63829273 0.13483301 0.45393336 1129639356569343
0.6381141 0.13484599 0.4540475 1129639360884136
0.6379754 0.13480973 0.45414624 1129639365914604
0.6378412 0.13472697 0.45418516 1129639370845751
0.63774556 0.134632 0.45418388 1129639375861530
0.6376872 0.13455912 0.4541775 1129639380785388
0.6376581 0.13453141 0.45416898 1129639385817627
0.6376585 0.13456006 0.45417166 1129639390755337
0.6376809 0.13463473 0.45417437 1129639396039815
0.6377213 0.13472518 0.45417204 1129639400702421