
9.770906 0.10024959 -0.83050245 5808791438609
9.771015 0.10014495 -0.8292402 5808796524755
9.771078 0.10019406 -0.8284887 5808801392673
9.771091 0.10028085 -0.8283151 5808806498870
9.771062 0.10042348 -0.82865465 5808811351944
9.771008 0.10073825 -0.829245 5808816385590
9.770921 0.10112901 -0.83022434 5808821319445
9.770802 0.10161331 -0.8315604 5808826339966
9.770682 0.102062546 -0.8329099 5808831274290
9.770588 0.10257051 -0.8339589 5808836336061
9.770505 0.10306415 -0.83486485 5808841229083
9.770403 0.10359143 -0.83598673 5808846278197
9.770284 0.10410406 -0.837324 5808851187000
9.7701435 0.104662016 -0.83888465 5808856217417
9.769985 0.1053734 -0.84064287 5808861267158
9.769793 0.10616019 -0.842782 5808866253355
9.769569 0.10690579 -0.84527075 5808871135284
9.769323 0.10759291 -0.84802043 5808876256325
9.76908 0.10821165 -0.8507362 5808881046951
9.768816 0.10884152 -0.85369045 5808886290805
9.768568 0.10945294 -0.85644263 5808891184140
9.768313 0.11002755 -0.85926664 5808896125285
9.76809 0.110344976 -0.8617663 5808901040339
9.767917 0.11046303 -0.8637099 5808906102005
9.767811 0.11038088 -0.8649148 5808910913673
9.767743 0.11012573 -0.86570805 5808915954610
9.76773 0.109604 -0.8659286 5808920874560
9.767752 0.10874414 -0.86578995 5808925918413
9.767798 0.10755313 -0.8654069 5808930822581
9.767818 0.10601112 -0.8653841 5808935898987
9.767803 0.10425486 -0.86576986 5808940788103
9.767785 0.10210401 -0.86622185 5808945826905
9.76777 0.09980969 -0.8666614 5808950733677
9.76775 0.09728824 -0.8671672 5808955787479
9.767739 0.09484224 -0.8675589 5808960693730
9.7677355 0.0924842 -0.86786085 5808965726021
9.76776 0.09034478 -0.8678042 5808970652898
9.767827 0.08820681 -0.8672766 5808975696387
9.767895 0.0862711 -0.8667113 5808980636597
9.767922 0.08463789 -0.8665508 5808985611486
9.76791 0.08312071 -0.8668478 5808990569150
9.76783 0.081780925 -0.8678726 5808995589827
9.7676735 0.080817886 -0.86972535 5809000761389
9.767486 0.08008107 -0.87189335 5809005555140
9.767322 0.07927938 -0.8738095 5809010469308
9.767203 0.07847884 -0.8751975 5809015498631
9.767115 0.07766399 -0.87626773 5809020754049
9.767019 0.0769865 -0.8773796 5809025460975
9.766938 0.07639933 -0.8783407 5809030384675
9.766918 0.07592351 -0.87859565 5809035418945
9.7669525 0.075815655 -0.8782302 5809040469207
9.76701 0.07598108 -0.8775776 5809045372488
9.767035 0.0762529 -0.8772854 5809050300718
9.767015 0.07663022 -0.87745893 5809055330353
9.766952 0.07717062 -0.87812287 5809060510719
9.766872 0.077882886 -0.8789392 5809065283844
9.766769 0.07873047 -0.88000804 5809070326293
9.7666645 0.07968619 -0.8810777 5809075374001
9.766563 0.08070358 -0.8821056 5809080468430
9.766494 0.08167714 -0.88278896 5809085328429
9.766458 0.08291607 -0.8830781 5809090304889
9.766439 0.08410883 -0.8831593 5809095281399
9.766441 0.085334614 -0.8830239 5809100492025
9.766463 0.086509846 -0.88266766 5809105206296
9.766478 0.08783442 -0.8823877 5809110206870
9.766452 0.08920077 -0.8825242 5809115270672
9.766403 0.09035145 -0.88295126 5809119991608
9.766356 0.09144162 -0.8833522 5809125027539
9.766359 0.09236138 -0.88323194 5809130092393
9.766396 0.093087085 -0.8827488 5809135150778
9.766438 0.09363654 -0.88222146 5809140155151
9.766478 0.09402147 -0.88174975 5809145123591
9.76652 0.09429532 -0.88125277 5809149875884
9.766576 0.0944663 -0.88061243 5809154926769
9.766612 0.094522394 -0.8801946 5809159840617
9.766618 0.09462645 -0.8801281 5809164860468
9.766582 0.094565935 -0.8805248 5809169843595
9.766553 0.09435813 -0.88087046 5809174805157
9.766586 0.0940372 -0.88053656 5809179925627
9.766696 0.0935114 -0.8793701 5809184770731
9.766879 0.092748 -0.87741864 5809189957868
9.767074 0.09184283 -0.8753414 5809194710940
9.767289 0.09073657 -0.87305665 5809199698386
9.767506 0.089708075 -0.8707293 5809204678910
9.76771 0.088787414 -0.8685404 5809209590422
9.7678995 0.087858 -0.8664904 5809214667401
9.768057 0.08687245 -0.8648145 5809219604537
9.768185 0.08584425 -0.86348057 5809224604120
9.768269 0.08475582 -0.86263734 5809229501674
9.768348 0.08353151 -0.8618579 5809234600267
9.768409 0.082481384 -0.86126345 5809239496206
9.768422 0.08140759 -0.8612168 5809244641206
9.76838 0.08048692 -0.86177695 5809249449123
9.768295 0.079603985 -0.8628222 5809254454852
9.768199 0.07894228 -0.86397773 5809259491104
9.768127 0.07845564 -0.8648186 5809264476676
9.768125 0.07808388 -0.86489403 5809269336261
9.768202 0.07791349 -0.8640299 5809274358917
9.768321 0.07800293 -0.8626829 5809279270007
9.768432 0.07822798 -0.8613989 5809284346001
9.76852 0.07858397 -0.8603705 5809289265638
9.768601 0.07917551 -0.8593798 5809294269335
9.768659 0.079962306 -0.8586655 5809299190847
9.768683 0.08091832 -0.8582916 5809304235222
9.768685 0.08193805 -0.8581812 5809309151109
9.768672 0.08306125 -0.8582168 5809314183244
9.768637 0.084258385 -0.8585038 5809319109547
9.768606 0.08539591 -0.85874295 5809324139391
9.768577 0.086389914 -0.85897994 5809329062204
9.768561 0.08729156 -0.8590573 5809334128350
9.768583 0.08817042 -0.8587232 5809339063820
9.768598 0.08888092 -0.8584844 5809344063142
9.768619 0.089380704 -0.85819507 5809348972154
9.768649 0.089872606 -0.85779154 5809354007623
9.768707 0.09023092 -0.85709584 5809358928509
9.768767 0.09051969 -0.856379 5809363961217
9.768816 0.0908894 -0.8557768 5809368903823
9.768822 0.09129419 -0.8556768 5809373961010
9.768786 0.09176942 -0.8560324 5809378846272
9.768732 0.09224464 -0.8565988 5809383877574
9.768683 0.09275728 -0.85709614 5809388805439
9.768646 0.09297092 -0.85749394 5809393859293
9.768605 0.09312962 -0.85794044 5809398902784
9.76857 0.09330352 -0.85832787 5809403885805
9.768516 0.09364372 -0.8589051 5809408713410
9.768463 0.093933344 -0.8594753 5809413985233
9.76845 0.09411719 -0.8596042 5809418786797
9.7684555 0.094343394 -0.85952026 5809423780598
9.768411 0.09469908 -0.859986 5809428624454
9.768287 0.09517374 -0.86134833 5809433674714
9.768121 0.09574569 -0.8631598 5809438693309
9.7679205 0.09671896 -0.8653053 5809443780340
9.767696 0.09788278 -0.8677078 5809448652268
9.7674675 0.09929502 -0.8701242 5809453772789
9.76728 0.10069296 -0.87206554 5809458508467
9.767096 0.10234223 -0.8739366 5809463599977
9.766922 0.1040672 -0.87567145 5809468452843
9.766712 0.106063396 -0.877769 5809474015551
9.7665205 0.10765365 -0.8797024 5809478416855
9.766279 0.109255284 -0.88218397 5809483581750
9.766081 0.110790856 -0.8841857 5809488502168
9.765948 0.112346016 -0.88544554 5809493514250
9.765929 0.11359839 -0.88550663 5809498344617
9.76597 0.11474204 -0.8848975 5809503357794
9.766023 0.11576176 -0.88418573 5809508393726
9.76608 0.11668622 -0.8834437 5809513688368
9.766153 0.11733386 -0.88253784 5809518226234
9.766255 0.117978305 -0.8813195 5809523302640
9.766317 0.11850586 -0.8805615 5809528184255
9.7663355 0.119067304 -0.88028926 5809533433995
9.766326 0.11938616 -0.8803491 5809538143111
9.766322 0.11964539 -0.88035303 5809543350923
9.766341 0.11986312 -0.8801092 5809548287799
9.766381 0.11999871 -0.87964964 5809553340455
9.766413 0.120175235 -0.87928015 5809558058946
9.766424 0.1202363 -0.8791401 5809563187696
9.766397 0.12044353 -0.87941694 5809568015197
9.766372 0.120692536 -0.87966037 5809573254103
9.766387 0.12106548 -0.87944525 5809578075198
9.766442 0.121688314 -0.8787447 5809583125250
9.766534 0.122292146 -0.8776429 5809587920876
9.7666645 0.123095565 -0.8760723 5809592939935
9.766819 0.12396564 -0.874221 5809597884304
9.766985 0.124846846 -0.87224644 5809602907856
9.767179 0.1256196 -0.8699627 5809607835722
9.767389 0.126274 -0.8674924 5809612932646
9.767567 0.12696493 -0.86539716 5809617793275
9.767693 0.12777449 -0.8638489 5809622829681
9.767764 0.12850547 -0.8629397 5809627804571
9.767776 0.12928699 -0.8626932 5809632907234
9.767764 0.13001794 -0.8627118 5809637703641
9.76773 0.13077374 -0.8629848 5809642709051
9.767687 0.1314518 -0.86336327 5809647831819
9.76765 0.13219273 -0.863679 5809652722909
9.767642 0.13300113 -0.8636368 5809657756664
9.767697 0.13377184 -0.86289525 5809662891143
9.767777 0.13467728 -0.86183894 5809667569634
9.767872 0.13574845 -0.8606035 5809672745259
9.7679615 0.13684446 -0.85940874 5809677572343
9.768082 0.13807666 -0.85785216 5809682582030
9.768208 0.13928579 -0.8562215 5809687500573
9.768319 0.14072579 -0.8547055 5809692528594
9.768391 0.1420249 -0.8536812 5809697436408
9.768429 0.14351636 -0.8529883 5809702475105
9.768443 0.14502184 -0.8525616 5809707410002
9.768427 0.14662233 -0.85247904 5809712491148
9.768393 0.14823273 -0.8525979 5809717361722
9.768368 0.1498177 -0.8526104 5809722413337
9.768373 0.15116915 -0.8523155 5809727319015
9.768405 0.15243118 -0.8517152 5809732608806
9.768438 0.15350321 -0.8511429 5809737271151
9.7684765 0.15443408 -0.85054076 5809742578963
9.768489 0.15516359 -0.85026157 5809747215423
9.768493 0.15574402 -0.85010725 5809752351100
9.768486 0.15617804 -0.8501128 5809757325945
9.768464 0.15662986 -0.85027134 5809762226882
9.768435 0.15706535 -0.85053056 5809767130842
9.76838 0.15758584 -0.85105973 5809772220893
9.768341 0.15811951 -0.85141414 5809777089280
9.768317 0.1586935 -0.8515751 5809782306415
9.7682905 0.15930523 -0.8517692 5809787054333
9.76824 0.16012765 -0.8521922 5809792242927
9.768168 0.1610898 -0.8528285 5809797027824
9.7680645 0.16228372 -0.85380054 5809802028136
9.767966 0.16338351 -0.8547054 5809806965585
9.767889 0.16461018 -0.8553565 5809811985220
9.767818 0.16600633 -0.85589015 5809816920274
9.767762 0.16760446 -0.8562193 5809821971992
9.767733 0.1690506 -0.8562774 5809826877566
9.767687 0.17027165 -0.85654896 5809831895952
9.767625 0.17149365 -0.8570178 5809836839703
9.767558 0.17270187 -0.8575436 5809841862463
9.76749 0.17395598 -0.8580579 5809846820693
9.767448 0.17508794 -0.85830927 5809851811422
9.767426 0.1761778 -0.8583437 5809856759601
9.767408 0.1772437 -0.8583194 5809861765382
9.76738 0.1782082 -0.8584422 5809866719550
9.767327 0.17900813 -0.8588746 5809871721216
9.767235 0.17985043 -0.85974985 5809876645071
9.767115 0.18090256 -0.86089313 5809881688925
9.766979 0.18184513 -0.86223197 5809886726427
9.766842 0.18282627 -0.86357665 5809891644864
9.766698 0.1840304 -0.8649538 5809896553615
9.76653 0.18531987 -0.8665632 5809901583406
9.766354 0.1867765 -0.86823976 5809906545647
9.766171 0.1882449 -0.86997074 5809911545751
9.766008 0.18956862 -0.8715106 5809916469659
9.76585 0.1908134 -0.87301904 5809921488617
9.765711 0.19188866 -0.8743346 5809926428462
9.765557 0.19272602 -0.87587136 5809931458253
9.7653475 0.1934935 -0.8780261 5809936393411
9.7651005 0.19417681 -0.88062614 5809941415181
9.764814 0.19496682 -0.88362163 5809947053828
9.764596 0.19547626 -0.8859183 5809951419193
9.764335 0.19614966 -0.8886462 5809956348464
9.764035 0.19679531 -0.8917805 5809961279611
9.763709 0.19762914 -0.89516205 5809966810028
9.763511 0.1982882 -0.8971752 5809971243466
9.763346 0.19914752 -0.89878696 5809976307060
9.76323 0.19992262 -0.89986867 5809981327894
9.7631235 0.20055655 -0.9008857 5809986499300
9.763036 0.20105954 -0.9017257 5809991158208
9.762936 0.20147252 -0.90270245 5809996172530
9.762805 0.20189163 -0.90403116 5810001148313
9.762617 0.20253058 -0.9059141 5810006100915
9.762358 0.20346026 -0.9085009 5810011317689
9.762117 0.2044236 -0.91085434 5810016111178
9.761894 0.20568708 -0.9129613 5810021008523
9.7616625 0.20728523 -0.91508126 5810026268419
9.761456 0.20879772 -0.91694355 5810030960660
9.761243 0.21048588 -0.9188118 5810036005555
9.761065 0.21218072 -0.9203227 5810040923004
9.760904 0.21401443 -0.9215949 5810046234775
9.7608 0.21574087 -0.922293 5810050873422
9.760696 0.21766023 -0.92293984 5810056003890
9.760574 0.21929519 -0.92384356 5810060841288
9.760413 0.22095908 -0.92515296 5810065870089
9.760209 0.22248787 -0.92693263 5810070785924
9.759962 0.22400242 -0.92917025 5810075929934
9.759688 0.2255503 -0.9316677 5810080977644
9.759419 0.22695084 -0.9341359 5810085891491
9.759175 0.22831045 -0.9363586 5810090723374
9.758966 0.22966278 -0.938208 5810095733947
9.758809 0.23077078 -0.9395695 5810100664625
9.758768 0.23116882 -0.9398935 5810103405822
9.758686 0.23201203 -0.94053876 5810110657022
9.758667 0.23236886 -0.9406498 5810115645511
9.758658 0.23244193 -0.94071645 5810120578637
9.758682 0.23192957 -0.94059044 5810125599315
9.758707 0.230406 -0.9407112 5810135558326
9.758723 0.22930881 -0.940815 5810140709473
9.758735 0.22808042 -0.940991 5810145504885
9.758764 0.22664303 -0.9410313 5810150489369
9.758796 0.2251335 -0.94107604 5810155466661
9.758796 0.22369666 -0.9414211 5810160393902
9.758752 0.22226627 -0.94220954 5810165468012
9.758674 0.22098494 -0.94331366 5810170346299
9.75856 0.21992603 -0.94473785 5810175427809
9.758452 0.21906823 -0.94604516 5810180308435
9.758365 0.21834373 -0.94712555 5810185473331
9.758305 0.21779776 -0.947864 5810190259061
9.7582655 0.21745434 -0.9483437 5810195308800
9.758237 0.21719337 -0.9487055 5810200214895
9.758172 0.21705332 -0.9493957 5810205254166
9.758078 0.21703549 -0.9503741 5810210184896
9.757995 0.21703835 -0.95122206 5810215217083
9.757942 0.21708338 -0.95174617 5810220126929
9.757893 0.21711081 -0.952257 5810225219532
9.757833 0.21720171 -0.95284736 5810230132242
9.757782 0.21726047 -0.95335066 5810235125575
9.757733 0.21727623 -0.9538466 5810240039587
9.757676 0.21728528 -0.95443016 5810245166670
9.757625 0.21719058 -0.9549764 5810250009015
9.757572 0.21699151 -0.95555204 5810255043598
9.757517 0.21680416 -0.9561599 5810259964016
9.757476 0.2168188 -0.9565799 5810265010109
9.75745 0.21708067 -0.95679045 5810270015520
9.757431 0.21742143 -0.9569014 5810274996673
9.757427 0.21756957 -0.95691055 5810279864487
9.757437 0.21752518 -0.9568277 5810284894851
9.757435 0.21742494 -0.95685667 5810289852613
9.757435 0.21726245 -0.9569031 5810294869175
9.757471 0.21695912 -0.9565988 5810299775582
9.757575 0.21644239 -0.95565283 5810304900842
9.757672 0.21593094 -0.9547813 5810309860115
9.757752 0.215214 -0.9541155 5810314914541
9.757801 0.21433344 -0.95382196 5810319721574
9.757823 0.21349844 -0.9537815 5810324720896
9.757807 0.21285951 -0.9540964 5810329657148
9.75771 0.21258451 -0.95514256 5810334674543
9.757564 0.21234778 -0.956688 5810339633086
9.757411 0.21212363 -0.958298 5810344636263
9.757305 0.21193162 -0.95941657 5810349564598
9.757232 0.21182555 -0.9601867 5810354594024
9.757135 0.2117238 -0.9611832 5810359526109
9.756989 0.21156514 -0.96271163 5810364549130
9.756826 0.21134071 -0.9643974 5810369465589
9.756656 0.21108937 -0.96618557 5810374525276
9.756518 0.21084917 -0.9676245 5810379475486
9.7564335 0.2104707 -0.9685541 5810384456475
9.756387 0.20987011 -0.96915907 5810389384393
9.756344 0.20926781 -0.96972233 5810394413872
9.756286 0.20865698 -0.970435 5810399388762
9.756218 0.20786233 -0.9712799 5810404504550
9.756164 0.20687887 -0.9720366 5810409418398
9.7561455 0.20581211 -0.9724484 5810414423808
9.75617 0.20466734 -0.97244 5810419374344
9.756219 0.20336002 -0.9722235 5810424426688
9.756247 0.20214534 -0.9722058 5810429202366
9.756237 0.20082957 -0.9725658 5810434241949
9.756243 0.19943134 -0.9728019 5810439665909
9.756243 0.19839875 -0.97301584 5810444187783
9.756239 0.19751751 -0.973223 5810449122212
9.756263 0.19703263 -0.9730822 5810454157316
9.756304 0.19675468 -0.97273326 5810459359400
9.756352 0.19663016 -0.9722689 5810464108410
9.756393 0.19668683 -0.971845 5810469274297
9.756405 0.19684087 -0.9716959 5810474062943
9.756412 0.196994 -0.97160757 5810479196329
9.7564125 0.19710737 -0.9715712 5810484030756
9.756411 0.19714333 -0.97158825 5810488933309
9.756426 0.1970226 -0.9714552 5810493968882
9.756487 0.19627175 -0.97099966 5810503936487
9.756514 0.19602625 -0.97078294 5810508859718
9.756555 0.19579355 -0.9704093 5810513960134
9.756647 0.19542563 -0.96955556 5810519139875
9.756747 0.19501382 -0.9686338 5810523849614
9.756862 0.19458477 -0.96756464 5810528863470
9.756971 0.1940809 -0.966561 5810533860501
9.757091 0.19347125 -0.9654806 5810539045137
9.757195 0.19295391 -0.96452016 5810543915814
9.757308 0.19228461 -0.9635075 5810548821232
9.757443 0.19143558 -0.9623128 5810553899773
9.757589 0.1904945 -0.96101785 5810558775816
9.757774 0.18932137 -0.959367 5810563666597
9.758001 0.18806486 -0.9573039 5810568582484
9.758229 0.18680024 -0.95523334 5810573646911
9.75841 0.18552099 -0.95361936 5810578585662
9.758564 0.18426013 -0.95229936 5810583572381
9.758697 0.18319596 -0.95114607 5810588495976
9.758829 0.18228115 -0.9499636 5810593527121
9.758966 0.1814093 -0.9487135 5810598443317
9.759053 0.18046731 -0.9480024 5810603473008
9.759065 0.17976786 -0.94801325 5810608428009
9.759069 0.17921546 -0.9480707 5810613452175
9.759055 0.17863972 -0.9483225 5810618396544
9.759006 0.17807326 -0.9489472 5810623451031
9.758949 0.17757407 -0.9496114 5810628424730
9.758911 0.17695853 -0.95012474 5810633430140
9.758893 0.17628598 -0.9504331 5810638489887
9.758888 0.17553717 -0.95061755 5810643281651
9.75886 0.17472555 -0.9510639 5810648256541
9.758779 0.17373297 -0.9520837 5810653283533
9.758701 0.17282282 -0.9530328 5810658223899
9.758643 0.17194013 -0.95378464 5810663237701
9.758623 0.17101395 -0.9541626 5810668182070
9.7586 0.17017278 -0.9545395 5810673248522
9.758527 0.16955258 -0.9554006 5810678134005
9.758399 0.16903089 -0.95680153 5810683130620
9.75826 0.16868803 -0.9582849 5810688065100
9.758128 0.16858514 -0.9596432 5810693088798
9.758017 0.16859452 -0.96076953 5810698010987
9.757921 0.16877224 -0.9617085 5810702985876
9.757839 0.16903473 -0.9624987 5810707981300
9.757771 0.16935652 -0.96313375 5810713008800
9.75768 0.1696263 -0.964005 5810717922390
9.757559 0.16975637 -0.965208 5810722956822
9.757417 0.16977364 -0.9666397 5810727883333
9.7572565 0.16979443 -0.9682516 5810732909114
9.757093 0.16994992 -0.96986824 5810737836303
9.756885 0.17010777 -0.9719365 5810742866771
9.75669 0.17028458 -0.9738516 5810747792814
9.756525 0.17067534 -0.975437 5810752821720
9.756356 0.17122018 -0.9770344 5810757757347
9.756169 0.1717375 -0.978809 5810762778857
9.755959 0.17235152 -0.9808024 5810767719275
9.755698 0.17317104 -0.9832395 5810772739066
9.75541 0.174097 -0.9859284 5810777661047
9.755129 0.1749472 -0.98855007 5810782734484
9.754925 0.17579538 -0.99041164 5810787627506
9.754761 0.17647138 -0.99191177 5810792649849
9.754624 0.17687178 -0.99317664 5810797589121
9.7545 0.17702639 -0.9943669 5810802635475
9.754395 0.1769609 -0.9954172 5810807527768
9.754297 0.17675866 -0.99640554 5810812573758
9.754205 0.17642544 -0.9973728 5810817493863
9.754088 0.17604871 -0.9985735 5810822518550
9.753972 0.17553873 -0.99980277 5810827441677
9.753835 0.17503574 -1.0012313 5810832498655
9.753658 0.1746029 -1.003016 5810837398136
9.753426 0.17410691 -1.0053709 5810842438552
9.75315 0.1736016 -1.0081247 5810847365949
9.752875 0.17288259 -1.010899 5810852498866
9.752644 0.17225629 -1.0132468 5810857432148
9.752471 0.17145666 -1.0150337 5810862360012
9.752333 0.17023791 -1.0165641 5810867271108
9.7521515 0.16897207 -1.0185161 5810872327878
9.751945 0.16794825 -1.0206679 5810877248765
9.751742 0.16701622 -1.0227545 5810882252879
9.7515335 0.1662511 -1.0248616 5810887183141
9.7513275 0.16554847 -1.0269327 5810892267255
9.751182 0.16494086 -1.0284153 5810897144079
9.751084 0.1642187 -1.0294554 5810902265590
9.751013 0.16359968 -1.030233 5810907087101
9.750962 0.16302656 -1.0307992 5810912607049
9.750926 0.16270155 -1.0311935 5810917056269
9.750891 0.1621375 -1.0316153 5810922229550
9.750877 0.16143604 -1.0318546 5810927021315
9.750888 0.16074075 -1.0318587 5810932054341
9.750942 0.1600127 -1.0314633 5810937002417
9.75105 0.15923469 -1.0305632 5810941991323
9.751178 0.15832984 -1.0294888 5810946907626
9.751312 0.15725403 -1.0283788 5810952286896
9.751425 0.15617527 -1.0274824 5810956878564
9.751502 0.1547379 -1.0269675 5810962002366
9.751538 0.15330523 -1.0268368 5810966828565
9.751502 0.15174161 -1.0274104 5810972106586
9.751414 0.15036091 -1.0284485 5810976782108
9.751319 0.14855354 -1.0296053 5810981958983
9.751254 0.14665702 -1.0304928 5810986837161
9.751254 0.14449918 -1.0307986 5810992038515
9.75129 0.14250211 -1.0307357 5810996734714
9.751328 0.14032005 -1.0306747 5811001726120
9.751445 0.13533188 -1.0302442 5811011930288
9.751503 0.13327608 -1.0299586 5811016606695
9.751539 0.13124159 -1.0298717 5811021640862
9.75164 0.12765807 -1.0293689 5811031617790
9.75171 0.12613098 -1.0289017 5811036526749
9.751816 0.12478743 -1.0280576 5811041586958
9.751947 0.12371803 -1.0269443 5811046486646
9.752077 0.12297801 -1.0257925 5811051560761
9.752166 0.122572646 -1.0250026 5811056426908
9.752238 0.12229937 -1.0243443 5811061464251
9.752294 0.12240283 -1.0238096 5811066395607
9.752368 0.12278688 -1.0230502 5811071468367
9.75246 0.12358332 -1.0220811 5811076337691
9.7525425 0.12472142 -1.0211548 5811081498680
9.752592 0.12608752 -1.020508 5811086308942
9.752636 0.12778181 -1.0198836 5811091323681
9.752698 0.12971869 -1.0190456 5811096403526
9.752811 0.13171868 -1.0176971 5811101286234
9.752961 0.1338818 -1.0159767 5811106223423
9.753142 0.13619104 -1.0139321 5811111442381
9.753314 0.13840881 -1.0119818 5811116331393
9.753488 0.14065316 -1.0099888 5811121217122
9.753668 0.14292644 -1.0079312 5811126261394
9.753806 0.14503956 -1.0062864 5811131181029
9.753886 0.14718775 -1.0051962 5811136124728
9.753943 0.14916846 -1.0043534 5811141116186
9.753992 0.15090373 -1.0036263 5811146043375
9.754077 0.15258604 -1.0025505 5811151330198
9.754167 0.15385479 -1.0014772 5811155987855
9.754269 0.15506683 -1.0002904 5811161020876
9.754342 0.15606433 -0.9994266 5811165954314
9.754338 0.15696834 -0.9993158 5811170944153
9.75427 0.15769494 -0.9998714 5811175946242
9.754176 0.15808481 -1.0007272 5811180938169
9.75409 0.15835778 -1.0015107 5811185858796
9.754038 0.15859216 -1.0019912 5811190927754
9.754014 0.1587909 -1.0021955 5811195824630
9.754031 0.15902998 -1.00198 5811200850046
9.754025 0.15919977 -1.0020207 5811206005829
9.754008 0.15902969 -1.0022129 5811210801558
9.753977 0.15877655 -1.0025543 5811215745927
9.753914 0.15855208 -1.0032089 5811220751337
9.753833 0.15838137 -1.0040147 5811225772810
9.753778 0.15819663 -1.0045713 5811230888799
9.753774 0.15797856 -1.0046513 5811235652759
9.753754 0.15773629 -1.0048888 5811240668852
9.753695 0.15749985 -1.0054964 5811245757239
9.753606 0.15752645 -1.006355 5811250775937
9.753504 0.1578114 -1.0072905 5811255653594
9.753376 0.1581662 -1.0084783 5811260768646
9.75324 0.15859407 -1.0097246 5811265503022
9.753089 0.15921573 -1.0110908 5811270543751
9.752936 0.1600829 -1.0124209 5811275472919
9.752775 0.16106667 -1.0138222 5811280491773
9.75261 0.16227667 -1.0152037 5811285440160
9.752427 0.16354366 -1.0167615 5811290464951
9.752263 0.1647855 -1.018131 5811295372817
9.752121 0.16584119 -1.0193264 5811300406462
9.7520075 0.16681384 -1.0202463 5811305335943
9.751905 0.16770674 -1.0210785 5811310361880
9.751797 0.16841052 -1.0219989 5811315305006
9.751673 0.16890182 -1.0231012 5811320360110
9.751572 0.1692467 -1.0240163 5811325251205
9.751481 0.16938117 -1.0248516 5811330316465
9.751384 0.16945013 -1.0257584 5811335195894
9.751293 0.16933645 -1.0266366 5811340231623
9.7512045 0.16928269 -1.0274941 5811345186936
9.751089 0.16911198 -1.0286137 5811350197301
9.750946 0.1688665 -1.0300113 5811355105219
9.750799 0.16870369 -1.0314287 5811360288708
9.750695 0.16847222 -1.0324471 5811365101678
9.750585 0.16813934 -1.0335472 5811370099751
9.750495 0.1676676 -1.0344766 5811375034023
9.750391 0.16708189 -1.0355426 5811380134752
9.750262 0.16638452 -1.0368706 5811385688763
9.750164 0.16581404 -1.0378782 5811390008242
9.750115 0.164977 -1.0384725 5811394935900
9.750138 0.1640695 -1.0383985 5811399983295
9.750237 0.16319796 -1.0376067 5811404946316
9.75041 0.16214903 -1.0361464 5811409922880
9.750597 0.16103812 -1.0345567 5811414849652
9.750742 0.16000931 -1.03335 5811419919339
9.750834 0.15887706 -1.0326543 5811424768453
9.750905 0.15755835 -1.032191 5811429832413
9.750952 0.15630275 -1.0319419 5811434759706
9.750978 0.15497118 -1.0318906 5811439815955
9.750984 0.15351832 -1.0320492 5811444955957
9.750978 0.15187253 -1.0323491 5811449755436
9.750933 0.1499833 -1.0330561 5811454676114
9.75086 0.14822061 -1.0339926 5811459701062
9.750866 0.14636354 -1.0342098 5811464939813
9.750988 0.14462307 -1.0332934 5811469655438
9.751176 0.14308894 -1.0317378 5811474710595
9.751396 0.14178835 -1.029833 5811479615595
9.751621 0.14048892 -1.0278782 5811484542625
9.751791 0.13943094 -1.0264126 5811489548035
9.751901 0.13856408 -1.0254948 5811494666170
9.751906 0.13787521 -1.0255289 5811499529972
9.751792 0.13732313 -1.026691 5811504537265
9.751575 0.13702269 -1.0287776 5811509532265
9.75134 0.1370312 -1.0310106 5811514405651
9.751104 0.13711654 -1.0332247 5811519489453
9.750897 0.13740532 -1.0351405 5811524358514
9.750702 0.13803428 -1.0368913 5811529333403
9.75049 0.13900551 -1.0387496 5811534314091
9.750253 0.14016324 -1.0408244 5811539319501
9.750069 0.14151148 -1.0423656 5811544278883
9.749979 0.14307983 -1.0429925 5811549309300
9.749971 0.14463529 -1.042848 5811554222634
9.750024 0.14628635 -1.0421267 5811559257374
9.750107 0.14805721 -1.0411036 5811564252739
9.750202 0.1500289 -1.0399307 5811569231645
9.750285 0.15188597 -1.038876 5811574141803
9.750354 0.15382405 -1.0379477 5811579192167
9.750403 0.15607686 -1.0371454 5811584125606
9.750433 0.15860385 -1.036479 5811589160293
9.750379 0.16115305 -1.0365977 5811594139565
9.750263 0.16366978 -1.0372852 5811599086128
9.750155 0.16636394 -1.037871 5811604003937
9.750064 0.16919428 -1.0382723 5811609165347
9.749994 0.17180343 -1.0385028 5811613976547
9.749968 0.17439352 -1.0383214 5811619113161
9.749977 0.17691989 -1.0378124 5811623909725
9.750001 0.17960002 -1.0371214 5811628963995
9.750013 0.18215063 -1.0365589 5811633877330
9.750013 0.18489595 -1.0360702 5811638972329
9.749991 0.18598846 -1.036078 5811640683372
9.749869 0.18999287 -1.0365094 5811648865195
9.7497425 0.19247104 -1.0372434 5811653790821
9.74956 0.19493575 -1.0385 5811658824206
9.749335 0.19723386 -1.0401751 5811663743426
9.749038 0.19958873 -1.0425086 5811668796239
9.748701 0.20184098 -1.0452241 5811673712750
9.748323 0.2041368 -1.0482969 5811678746188
9.747909 0.20650537 -1.051676 5811683658376
9.747478 0.20889613 -1.0551875 5811688702491
9.747071 0.21113376 -1.0584964 5811693630096
9.74663 0.21310304 -1.0621557 5811698650044
9.746133 0.21478157 -1.0663736 5811703562957
9.745594 0.21618971 -1.0710031 5811708604003
9.745029 0.21716444 -1.0759323 5811713541661
9.744471 0.21793024 -1.0808228 5811718654004
9.744069 0.21848115 -1.0843234 5811723533276
9.7437315 0.21883042 -1.0872959 5811728632651
9.743408 0.21902476 -1.0901453 5811733453433
9.74305 0.21904378 -1.0933367 5811738483173
9.7427 0.21879011 -1.0965079 5811743395309
9.742366 0.2185668 -1.0995153 5811748439632
9.742105 0.21846658 -1.1018413 5811753362342
9.74189 0.21831958 -1.1037656 5811758425466
9.741706 0.21814626 -1.105424 5811763316249
9.741511 0.21809067 -1.1071477 5811768361144
9.74132 0.2183736 -1.1087782 5811773265417
9.741106 0.21879944 -1.1105746 5811778331041
9.740877 0.21933517 -1.1124678 5811783222657
9.740625 0.22013454 -1.1145244 5811788250313
9.740342 0.2210777 -1.1167994 5811793184273
9.740041 0.22211435 -1.1192269 5811798221304
9.739729 0.22304523 -1.1217504 5811803138024
9.739233 0.22396067 -1.1258652 5811808211565
9.738478 0.22494069 -1.1321872 5811813104327
9.737514 0.22614105 -1.1402124 5811818284326
9.736616 0.22725345 -1.1476301 5811823056203
9.735755 0.22852193 -1.1546584 5811828081515
9.735006 0.22952622 -1.1607589 5811833118704
9.734296 0.23051849 -1.1665045 5811838082714
9.733612 0.23157915 -1.1719899 5811842958444
9.732887 0.2325165 -1.1778059 5811848115579
9.732298 0.2333042 -1.1825118 5811852914747
9.731765 0.23399046 -1.1867543 5811858356100
9.731438 0.23452735 -1.1893313 5811862978238
9.731184 0.23482232 -1.1913452 5811867926050
9.731036 0.23485593 -1.1925461 5811872861729
9.730992 0.23473585 -1.1929276 5811878209695
9.730998 0.23463067 -1.1929035 5811882784438
9.730998 0.2343399 -1.1929603 5811887812927
9.731012 0.23393074 -1.1929187 5811892749803
9.731036 0.23339066 -1.1928337 5811898056157
9.731029 0.23298296 -1.1929748 5811902709596
9.730927 0.23266734 -1.1938663 5811907726367
9.73076 0.2325373 -1.1952505 5811912662462
9.73054 0.23235728 -1.1970706 5811917928607
9.730322 0.23224506 -1.1988658 5811922614963
9.73008 0.23210095 -1.2008603 5811927637098
9.729874 0.2319607 -1.2025597 5811932558505
9.729681 0.23175177 -1.2041537 5811937749130
9.729524 0.23167636 -1.2054372 5811942601937
9.729387 0.23166028 -1.2065445 5811947755798
9.729271 0.23158054 -1.2074959 5811952473664
9.729064 0.2312687 -1.2092267 5811957739288
9.728816 0.23121291 -1.211225 5811962429550
9.728524 0.23130883 -1.2135513 5811967496060
9.728244 0.23148566 -1.2157581 5811972430697
9.727992 0.23169962 -1.217738 5811977559811
9.727803 0.23201208 -1.2191789 5811982353771
9.7276 0.23255518 -1.220699 5811987371895
9.727384 0.2331994 -1.2223004 5811992310334
9.727211 0.23410195 -1.223499 5811997431480
9.727157 0.23515767 -1.2237312 5812002254189
9.7272005 0.23632476 -1.223157 5812007293460
9.727268 0.23746575 -1.2223988 5812012219555
9.7272625 0.2381964 -1.2223068 5812017313825
9.727203 0.23896773 -1.2226213 5812022163566
9.727115 0.24029815 -1.2230676 5812027254920
9.727008 0.24165724 -1.2236478 5812032131744
9.726898 0.24298826 -1.2242581 5812037182317
9.726783 0.24442738 -1.2248843 5812042299089
9.726681 0.24579027 -1.2254286 5812047112318
9.726592 0.24720074 -1.2258459 5812052034611
9.726564 0.24867643 -1.225767 5812057096486
9.7266245 0.25010273 -1.2249968 5812062000289
9.726748 0.25140274 -1.2237501 5812067022112
9.72688 0.2527004 -1.2224339 5812071947634
9.727022 0.2539636 -1.2210413 5812077190550
9.727125 0.25479513 -1.2200409 5812081913729
9.727177 0.25562778 -1.219459 5812086931593
9.727205 0.25649786 -1.2190491 5812091857532
9.72722 0.2572651 -1.218776 5812097026177
9.727203 0.25787088 -1.218776 5812101825085
9.727154 0.25851566 -1.2190337 5812106848209
9.72714 0.2590087 -1.2190368 5812111823099
9.727211 0.25947222 -1.218373 5812117174773
9.727349 0.2599349 -1.217173 5812121856389
9.72753 0.2604858 -1.2156091 5812126788784
9.72771 0.26104113 -1.2140497 5812131719046
9.727885 0.26165432 -1.2125078 5812136768889
9.728084 0.2622786 -1.2107829 5812141905193
9.728292 0.26282108 -1.208987 5812146673109
9.728487 0.2634892 -1.2072752 5812151617478
9.728644 0.26425377 -1.2058367 5812156644985
9.728766 0.2650388 -1.204679 5812161560872
9.728875 0.26584345 -1.2036273 5812166893736
9.7289095 0.26649818 -1.2031995 5812171515560
9.728883 0.2670304 -1.203296 5812176538216
9.72883 0.26763946 -1.2035851 5812181474207
9.728751 0.26833832 -1.2040718 5812186495092
9.728661 0.26882815 -1.2046963 5812191428323
9.72857 0.2692791 -1.2053199 5812196459885
9.728477 0.2697046 -1.2059795 5812201387230
9.728377 0.27004597 -1.2067038 5812206408480
9.728344 0.2703605 -1.206909 5812211329158
9.728451 0.27074718 -1.205959 5812216390981
9.728634 0.2711765 -1.2043804 5812221299888
9.728872 0.27165467 -1.2023535 5812226334888
9.729114 0.27224475 -1.2002612 5812231291921
9.729314 0.2730988 -1.1984432 5812236336087
9.729404 0.2740469 -1.1974872 5812241210411
9.729428 0.2750219 -1.1970705 5812246246342
9.729439 0.27579117 -1.1968113 5812251195516
9.729475 0.27636316 -1.1963868 5812256195464
9.729494 0.2768346 -1.1961153 5812261109684
9.729489 0.27712393 -1.1960871 5812266147965
9.729459 0.27728587 -1.1963022 5812271092393
9.729399 0.2773262 -1.196779 5812276153018
9.729305 0.27708858 -1.1975893 5812281022603
9.729177 0.27660486 -1.1987473 5812286110259
9.729072 0.2759221 -1.1997614 5812291037656
9.72901 0.27499563 -1.200475 5812296011666
9.728959 0.27373007 -1.2011751 5812300934219
9.728851 0.2721746 -1.2024003 5812305974740
9.728657 0.27044553 -1.2043626 5812310939272
9.728407 0.26860887 -1.2067873 5812315925626
9.728126 0.26667193 -1.2094823 5812320848648
9.72784 0.26459503 -1.2122309 5812325877346
9.727501 0.26208216 -1.215493 5812331522139
9.727257 0.26023588 -1.2178489 5812335874900
9.726995 0.2581707 -1.2203737 5812340816201
9.726753 0.25607923 -1.2227358 5812345753911
9.726502 0.2539202 -1.2251792 5812350869378
9.726248 0.25192487 -1.2276163 5812355787506
9.725986 0.2500786 -1.2300626 5812360847349
9.725767 0.24867074 -1.232076 5812365650840
9.725563 0.24728951 -1.2339664 5812370944538
9.72536 0.24635221 -1.235749 5812375605320
9.725059 0.24543858 -1.238301 5812380932976
9.724759 0.24494906 -1.2407503 5812385575217
9.724435 0.24452966 -1.2433683 5812390907769
9.724239 0.24454193 -1.2448959 5812395515062
9.724124 0.2447872 -1.2457414 5812400549124
9.724106 0.24518763 -1.2458061 5812405499802
9.72419 0.24574417 -1.2450482 5812410480112
9.724353 0.24643043 -1.2436278 5812415632251
9.724517 0.24718188 -1.2421967 5812420467720
9.724656 0.24796538 -1.2409484 5812425392304
9.724774 0.24888696 -1.2398385 5812430675637
9.72485 0.24994123 -1.2390428 5812435350326
9.724934 0.25112113 -1.2381431 5812440370847
9.725068 0.25216955 -1.2368687 5812445283140
9.7252865 0.2529739 -1.2349857 5812450368660
9.725533 0.2535558 -1.2329267 5812455282508
9.725751 0.25403628 -1.2311107 5812460398818
9.725874 0.25440633 -1.2300621 5812465206006
9.725922 0.25463924 -1.2296386 5812470340850
9.725916 0.25481993 -1.22964 5812475167049
9.725866 0.25491112 -1.2300144 5812480240278
9.725775 0.2549538 -1.2307276 5812485121477
9.725716 0.25505698 -1.2311703 5812487918247
9.725624 0.2549033 -1.2319273 5812495111374
9.72559 0.25486234 -1.2322074 5812500115488
9.725592 0.2547577 -1.2322136 5812505055905
9.725527 0.25368536 -1.2329504 5812515178511
9.725384 0.2530672 -1.2341988 5812520031167
9.725125 0.25236133 -1.2363771 5812524960804
9.724773 0.2516274 -1.2392936 5812530025491
9.7244425 0.2508944 -1.2420369 5812534894867
9.724138 0.24992752 -1.2446141 5812539941117
9.723927 0.24912961 -1.2464217 5812544890546
9.723797 0.24833728 -1.2475907 5812549930649
9.723769 0.24750076 -1.2479755 5812554846692
9.723821 0.24658392 -1.2477528 5812559963619
9.723945 0.24573547 -1.2469594 5812564780443
9.724173 0.24480104 -1.2453625 5812569805912
9.724424 0.24403618 -1.2435467 5812574733309
9.724641 0.2434735 -1.2419589 5812579767059
9.724804 0.24302928 -1.2407682 5812584688570
9.724913 0.24245586 -1.2400306 5812589713674
9.724995 0.24180143 -1.2395191 5812594635134
9.725089 0.24114177 -1.2388998 5812599667321
9.725186 0.2405695 -1.2382514 5812604586281
9.725259 0.23997505 -1.2377979 5812609624558
9.725291 0.23935275 -1.2376617 5812614538406
9.72532 0.23863317 -1.2375798 5812619543816
9.725397 0.23774114 -1.237144 5812624507428
9.72554 0.23685996 -1.2361882 5812629543574
9.725727 0.23589927 -1.2349031 5812634463107
9.725932 0.2347889 -1.2334938 5812639494044
9.726153 0.23364292 -1.2319711 5812644416024
9.726408 0.23240401 -1.2301964 5812649492795
9.726645 0.23119634 -1.2285434 5812654372692
9.726856 0.22990394 -1.2271098 5812659412848
9.727006 0.22883217 -1.22613 5812664325453
9.727069 0.22781189 -1.2258142 5812669358213
9.72701 0.22695556 -1.226442 5812674291340
9.726888 0.22616035 -1.2275635 5812679316704
9.726789 0.22556558 -1.2284424 5812684374674
9.726767 0.22513537 -1.2286999 5812689271601
9.72683 0.22485363 -1.228256 5812694198425
9.726947 0.22489513 -1.2273172 5812699329466
9.727092 0.22519676 -1.2261146 5812704279311
9.727327 0.22594465 -1.2241125 5812709185561
9.727662 0.2270591 -1.2212374 5812714122229
9.728073 0.22855817 -1.2176846 5812719152958
9.72848 0.23021004 -1.2141094 5812724084990
9.728837 0.2321262 -1.2108859 5812729107386
9.729105 0.2343849 -1.2082943 5812734034002
9.729289 0.23711383 -1.2062787 5812739049939
9.729372 0.24002983 -1.2050295 5812743971659
9.729378 0.24306625 -1.2043726 5812749004471
9.7293215 0.24618982 -1.2041972 5812753932858
9.729209 0.24943405 -1.2044381 5812758974264
9.7291 0.25242078 -1.2046888 5812763929422
9.729023 0.25510386 -1.2047505 5812768965352
9.728965 0.25738388 -1.2047366 5812773855516
9.728978 0.2593693 -1.204207 5812778877808
9.729073 0.26102644 -1.2030779 5812783827080
9.729198 0.26232034 -1.2017798 5812788844736
9.729321 0.26322374 -1.2005954 5812793863747
9.729425 0.26389712 -1.1995951 5812798800153
9.7295685 0.26429605 -1.1983496 5812804492914
9.729661 0.26442 -1.1975709 5812808703749
9.729758 0.26428697 -1.1968032 5812813719269
9.729855 0.26407748 -1.1960719 5812818645000
9.7299795 0.2636686 -1.195144 5812824078697
9.730078 0.26320863 -1.1944447 5812828606303
9.730171 0.26261622 -1.193812 5812833635834
9.730256 0.26195422 -1.193267 5812838567085
9.730278 0.2613121 -1.1932349 5812843553177
9.730228 0.26067233 -1.1937813 5812848581305
9.730153 0.26000184 -1.194534 5812853549638
9.73008 0.25928026 -1.1952896 5812858473858
9.7300005 0.25851715 -1.1961021 5812863773701
9.729914 0.25764295 -1.196995 5812868423234
9.729772 0.25658843 -1.1983724 5812873464015
9.729549 0.25537023 -1.2004362 5812878655631
9.729322 0.25411904 -1.202538 5812883362503
9.72919 0.2525718 -1.2039391 5812888339017
9.729217 0.25095788 -1.2040602 5812893366309
9.729322 0.24943687 -1.2035224 5812898420529
9.72945 0.24818566 -1.2027406 5812903556674
9.72967 0.24703646 -1.2012115 5812908248342
9.730081 0.2459223 -1.1980985 5812913301102
9.73064 0.24505743 -1.1937238 5812918206104
9.731316 0.24442732 -1.1883414 5812923578447
9.73189 0.24402018 -1.1837083 5812928200948
9.73244 0.2437288 -1.179237 5812933246104
9.732859 0.24367975 -1.1757929 5812938229022
9.733167 0.24380165 -1.173212 5812943388709
9.733321 0.24414687 -1.171854 5812948081732
9.733368 0.24482295 -1.1713271 5812953146679
9.733334 0.2457813 -1.1714108 5812958059441
9.733267 0.24715851 -1.1716754 5812963082618
9.733161 0.24896918 -1.1721703 5812968011629
9.733011 0.25111356 -1.1729525 5812973016629
9.7328415 0.25350493 -1.173851 5812977949859
9.732662 0.25624534 -1.1747379 5812982988922
9.732459 0.2593686 -1.1757386 5812987894704
9.732186 0.2628908 -1.1772128 5812992942152
9.7318945 0.26641855 -1.1788346 5812997864445
9.731603 0.27023658 -1.1803699 5813003006580
9.731318 0.27400044 -1.1818454 5813007819915
9.731 0.2781338 -1.1834989 5813012857102
9.730609 0.28253052 -1.1856669 5813017828197
9.730106 0.2872995 -1.1886433 5813023031582
9.729579 0.291679 -1.1918863 5813027748198
9.729023 0.2961245 -1.1953272 5813032749812
9.728094 0.30531996 -1.2005603 5813042938407
9.727602 0.31003228 -1.2033383 5813047985283
9.727111 0.3144868 -1.2061515 5813052729241
9.726611 0.31906033 -1.2089745 5813057600753
9.726141 0.32373112 -1.2115169 5813062664607
9.725698 0.3283929 -1.2138081 5813067555858
9.72518 0.33336675 -1.2166033 5813072589556
9.724582 0.33822784 -1.2200414 5813077517057
9.7239 0.3432245 -1.2240791 5813082522466
9.723153 0.34816247 -1.2286041 5813087460860
9.722292 0.35317227 -1.2339747 5813092501120
9.721369 0.35778904 -1.2399074 5813097413101
9.720396 0.36214215 -1.2462568 5813102448204
9.719469 0.36601558 -1.2523341 5813107381956
9.718607 0.3694004 -1.2580202 5813112411070
9.717847 0.37242952 -1.2629932 5813117337478
9.717127 0.37508276 -1.267738 5813122432634
9.716436 0.37704712 -1.2724311 5813127278312
9.715707 0.37846115 -1.2775754 5813132346280
9.715021 0.37920818 -1.2825582 5813137238209
9.714354 0.37947384 -1.2875242 5813142313417
9.713738 0.37919214 -1.2922455 5813147192533
9.713138 0.3782975 -1.2970122 5813152237064
9.712577 0.37709484 -1.3015525 5813157157586
9.712003 0.37547863 -1.3062961 5813162192585
9.711466 0.3734701 -1.3108556 5813167104618
9.710961 0.37096506 -1.3152989 5813172137482
9.710492 0.36806166 -1.3195707 5813177096286
9.710016 0.36472687 -1.3239877 5813182101696
9.709545 0.3609864 -1.3284637 5813187112068
9.709111 0.35706964 -1.3326839 5813192061078
9.7087 0.35305265 -1.336744 5813197066489
9.708277 0.3490506 -1.340866 5813202005141
9.707827 0.34528676 -1.3450923 5813206937799
9.707381 0.34159595 -1.3492395 5813211965142
9.706933 0.33808172 -1.353349 5813216887331
9.706446 0.3347919 -1.3576531 5813221929727
9.705936 0.3317947 -1.3620213 5813226862384
9.705398 0.3290354 -1.3665214 5813231873061
9.704873 0.32665488 -1.3708087 5813236799052
9.704463 0.32452244 -1.3742115 5813241824625
9.704213 0.32267153 -1.3764191 5813246816084
9.704082 0.32109678 -1.3777075 5813251790459
9.704001 0.31964862 -1.3786126 5813256843794
9.703924 0.3183416 -1.3794582 5813261742595
9.703847 0.3169604 -1.3803203 5813267502960
9.703771 0.3157232 -1.3811386 5813276891919
9.703736 0.3156815 -1.38139 5813281613171
9.703721 0.3156941 -1.381495 5813286826452
9.703713 0.3160525 -1.3814657 5813291618217
9.703714 0.31658942 -1.3813379 5813296592493
9.703713 0.3173079 -1.3811768 5813301510569
9.703696 0.31831247 -1.3810685 5813306543850
9.703664 0.31968096 -1.3809775 5813311474216
9.703608 0.3214045 -1.3809793 5813316501089
9.703461 0.32335192 -1.3815495 5813321423175
9.7032175 0.32548997 -1.3827566 5813326471195
9.702912 0.32760897 -1.384394 5813331394478
9.702594 0.33012104 -1.38603 5813336726196
9.702349 0.33251336 -1.3871769 5813341335000
9.7020855 0.3351672 -1.3883766 5813346371041
9.701832 0.3379011 -1.3894844 5813351298282
9.701575 0.34072655 -1.3905864 5813356589948
9.701387 0.34314778 -1.3912996 5813361264898
9.701308 0.34552547 -1.3912698 5813366280314
9.70133 0.34761295 -1.3905919 5813371207138
9.701393 0.3495797 -1.389665 5813376509274
9.701451 0.35088092 -1.3889269 5813381239998
9.70147 0.3518554 -1.3885438 5813386245408
9.701482 0.35249496 -1.388305 5813391114640
9.701512 0.3527665 -1.388024 5813396121252
9.701525 0.35244182 -1.3880188 5813401256620
9.701507 0.35179448 -1.3883088 5813406103391
9.701464 0.35091817 -1.3888308 5813411041101
9.70142 0.3497009 -1.3894409 5813416101986
9.701375 0.34825763 -1.3901173 5813420994591
9.701305 0.34655455 -1.3910289 5813426015060
9.701241 0.3447197 -1.3919355 5813430937978
9.701173 0.34260598 -1.3929325 5813436274644
9.701077 0.34080437 -1.3940336 5813440896729
9.700932 0.33892855 -1.395503 5813445929957
9.700701 0.3373202 -1.3975048 5813450867407
9.700375 0.33593366 -1.4001024 5813455911417
9.699995 0.3348338 -1.402982 5813460823866
9.6995535 0.33405313 -1.4062198 5813465842511
9.699105 0.33351383 -1.4094334 5813470763346
9.698707 0.33324817 -1.4122378 5813475900742
9.698373 0.33344424 -1.4144826 5813480721472
9.698054 0.33419392 -1.4164851 5813485886368
9.697805 0.33527127 -1.417941 5813490800216
9.6976 0.33652478 -1.419048 5813495804702
9.697403 0.33801043 -1.4200357 5813500749071
9.697221 0.33976376 -1.4208668 5813505754481
9.697083 0.34176084 -1.4213212 5813510607933
9.696989 0.3441075 -1.4214003 5813515763714
9.696938 0.3464115 -1.4211893 5813520554445
9.696933 0.34902087 -1.4205896 5813525576944
9.696986 0.35175017 -1.4195477 5813530517831
9.69707 0.35461238 -1.418266 5813535579445
9.697166 0.35744157 -1.4168957 5813540466999
9.697316 0.36032334 -1.4151347 5813545498613
9.697527 0.36294502 -1.4130217 5813550414396
9.697867 0.36579782 -1.4099425 5813555440020
9.697968 0.3686066 -1.4085233 5813560363563
9.697462 0.37035057 -1.4115427 5813565412782
9.697521 0.37202704 -1.4106929 5813570325752
9.697027 0.37410834 -1.4135388 5813575396689
9.696842 0.37525436 -1.4145036 5813580280909
9.696237 0.3760231 -1.4184507 5813585522107
9.695845 0.3764536 -1.4210076 5813590238827
9.6949835 0.3762351 -1.426931 5813595329451
9.69452 0.37624422 -1.430073 5813600194557
9.69403 0.375448 -1.4336042 5813605340754
9.693369 0.37449488 -1.4383111 5813610146329
9.692931 0.3737645 -1.441453 5813615151739
9.692554 0.37242934 -1.4443264 5813620146955
9.692131 0.37106115 -1.4475163 5813625144871
9.691971 0.37014112 -1.4488271 5813630062737
9.691883 0.3688478 -1.4497366 5813635112216
9.6914835 0.36722127 -1.4528191 5813640016228
9.690889 0.36583677 -1.4571265 5813645113050
9.6904 0.36456156 -1.4606951 5813649973833
9.6898775 0.36285025 -1.4645858 5813655007009
9.689227 0.3611139 -1.4693108 5813659984094
9.688603 0.36005208 -1.4736743 5813664965500
9.688075 0.35932785 -1.4773221 5813669894251
9.687427 0.3589888 -1.4816524 5813674944876
9.686738 0.3595236 -1.4860135 5813679853784
9.686132 0.36128193 -1.4895251 5813684872846
9.6855135 0.3637753 -1.492941 5813689814930
9.684674 0.3667451 -1.4976513 5813694843576
9.683892 0.370575 -1.5017654 5813699755817
9.683357 0.37524232 -1.5040511 5813704791025
9.682904 0.38002363 -1.5057646 5813709712745
9.682359 0.3852738 -1.5079405 5813714755870
9.681933 0.39119583 -1.5091456 5813719682173
9.681726 0.39760423 -1.5087992 5813724698839
9.681521 0.4038735 -1.5084473 5813729678632
9.681238 0.41064554 -1.5084369 5813734658736
9.681118 0.41804713 -1.5071787 5813739579258
9.681216 0.42569798 -1.5044042 5813744624518
9.681287 0.43374202 -1.5016484 5813750068426
9.681343 0.44055495 -1.499302 5813754615249
9.681542 0.44804046 -1.4957892 5813759491187
9.681709 0.455018 -1.4925995 5813764538270
9.681571 0.46086925 -1.4917005 5813769513159
9.681216 0.4664918 -1.4922587 5813774511501
9.680813 0.4715701 -1.4932798 5813779403221
9.680197 0.47582516 -1.4959185 5813784438377
9.679234 0.47933578 -1.5010194 5813789548430
9.678258 0.4822567 -1.5063629 5813794402232
9.677371 0.4845216 -1.5113301 5813799321608
9.676444 0.4856345 -1.5169001 5813804374160
9.675438 0.48600098 -1.5231878 5813809527651
9.67467 0.48580882 -1.5281175 5813814319890
9.674032 0.4850289 -1.5323924 5813819257808
9.673321 0.48348415 -1.5373666 5813824291506
9.67259 0.48171097 -1.5425069 5813829482288
9.672058 0.479843 -1.5464244 5813834340934
9.671565 0.47756955 -1.5502098 5813839186924
9.670936 0.47492325 -1.5549434 5813844178018
9.6703615 0.47264755 -1.5591975 5813849267915
9.670072 0.4707053 -1.5615865 5813854169686
9.669835 0.4684427 -1.5637282 5813859056822
9.669443 0.46632865 -1.566778 5813864031711
9.669081 0.4647766 -1.569474 5813869030311
9.668796 0.4632505 -1.5716809 5813874155156
9.668407 0.461552 -1.5745671 5813878969324
9.667803 0.4601908 -1.5786711 5813884116043
9.667292 0.45966873 -1.5819508 5813889053075
9.666832 0.45932811 -1.584857 5813894099325
9.666283 0.45882624 -1.588345 5813899064899
9.666099 0.45906112 -1.5894012 5813903917705
9.665966 0.45847234 -1.590373 5813908862074
9.666534 0.4591214 -1.5867311 5813913917035
9.666421 0.45920965 -1.5873959 5813918796099
9.666609 0.45870802 -1.5863947 5813923822713
9.667207 0.4588976 -1.5826949 5813928759485
9.667428 0.45891976 -1.581336 5813933999277
9.667392 0.4579662 -1.5818288 5813938715164
9.667434 0.456356 -1.5820414 5813943733809
9.667588 0.45492613 -1.5815085 5813948708699
9.667745 0.45339102 -1.5809935 5813953690737
9.667861 0.45132956 -1.580872 5813958612145
9.667998 0.4485546 -1.5808189 5813963644488
9.668365 0.44549423 -1.5794483 5813968567771
9.669106 0.44234788 -1.575794 5813973613968
9.670099 0.4389641 -1.5706332 5813978524178
9.67118 0.43519545 -1.565016 5813983588240
9.672233 0.43136692 -1.5595613 5813988515950
9.673313 0.4275538 -1.5538964 5813993490839
9.674389 0.42377022 -1.5482256 5813998451680
9.6753435 0.42061654 -1.543114 5814003471002
9.676383 0.4172556 -1.5374985 5814008655014
9.6774 0.41422734 -1.5319058 5814013471941
9.678381 0.411097 -1.526544 5814018361265
9.679192 0.40780938 -1.5222777 5814023383296
9.679731 0.40455776 -1.519712 5814028300277
9.680164 0.40129763 -1.5178167 5814033305687
9.680536 0.3979127 -1.5163368 5814038272153
9.680853 0.3943244 -1.5152495 5814043291631
9.68108 0.39079276 -1.5147173 5814048230174
9.681278 0.38692617 -1.5144424 5814053357667
9.681462 0.38325483 -1.5141964 5814058174030
9.681843 0.37877363 -1.5128946 5814063232779
9.682236 0.37420058 -1.5115154 5814068242937
9.682614 0.36957672 -1.5102247 5814073172155
9.682965 0.36478648 -1.5091426 5814078095594
9.683276 0.35948122 -1.5084175 5814083146271
9.683528 0.35405234 -1.5080887 5814088043824
9.683709 0.34827965 -1.508267 5814093078563
9.6838665 0.34214577 -1.5086596 5814098062263
9.684073 0.3354872 -1.5088235 5814103076221
9.68436 0.32815576 -1.5086046 5814108055962
9.684715 0.32026017 -1.5080142 5814112988409
9.685165 0.31175366 -1.5069078 5814117916171
9.685729 0.30243725 -1.5051848 5814122944296
9.686445 0.2927575 -1.5024843 5814127880755
9.687325 0.282774 -1.4987218 5814132919140
9.688274 0.2730206 -1.494387 5814137822683
9.689237 0.26280236 -1.4899712 5814142917996
9.690166 0.25288722 -1.4856349 5814147803674
9.691353 0.24239506 -1.4796346 5814152935965
9.69281 0.23270936 -1.4716208 5814157778675
9.694002 0.2227305 -1.4653031 5814162769664
9.69494 0.21182393 -1.460706 5814167694093
9.696664 0.20177287 -1.4506458 5814172723832
9.697482 0.19159992 -1.4465561 5814177645292
9.698948 0.18180194 -1.4379674 5814182700656
9.69974 0.17183743 -1.4338464 5814187615865
9.700916 0.16269623 -1.4269379 5814192640969
9.701781 0.1532461 -1.4220934 5814197608366
9.702656 0.14477688 -1.4170002 5814202630970
9.703808 0.13712195 -1.4098585 5814207527326
9.704798 0.12927204 -1.4037737 5814212578523
9.705703 0.12238059 -1.3981235 5814217478368
9.707112 0.108654656 -1.389448 5814227425921
9.707758 0.102215655 -1.3854195 5814232468942
9.708577 0.09650968 -1.3800735 5814237383475
9.70971 0.08781307 -1.3726623 5814244631235
9.710075 0.08436911 -1.3702925 5814247515871
9.71067 0.07874791 -1.3664047 5814252338156
9.711445 0.07291188 -1.3612174 5814257308268
9.712195 0.066132076 -1.3561987 5814262535299
9.71279 0.05949081 -1.3522452 5814267526915
9.713431 0.053220745 -1.3478903 5814272285144
9.71414 0.04615186 -1.3430352 5814277295458
9.714766 0.038137447 -1.3387537 5814282470822
9.715408 0.03042789 -1.3342841 5814287323629
9.716227 0.022345662 -1.3284683 5814292198115
9.717067 0.013415814 -1.322427 5814297121814
9.717807 0.0036675746 -1.3170477 5814302239051
9.718532 -0.0055571888 -1.3116806 5814307076398
9.719391 -0.015152572 -1.3052248 5814312107856
9.720148 -0.024939692 -1.2994183 5814317064316
9.720777 -0.0348411 -1.2944857 5814322082545
9.721447 -0.044282462 -1.2891446 5814327057435
9.72223 -0.05397899 -1.2828568 5814332038691
9.722895 -0.0639906 -1.2773511 5814336945672
9.723439 -0.07418198 -1.2726468 5814342029786
9.724007 -0.08344332 -1.2677251 5814346899996
9.724565 -0.09323312 -1.2627541 5814351973225
9.724888 -0.10276847 -1.2595187 5814356902184
9.725124 -0.11195548 -1.256911 5814361923590
9.725625 -0.13084793 -1.2511911 5814371924998
9.725692 -0.139575 -1.2497281 5814376766926
9.725723 -0.14837007 -1.2484763 5814382030676
9.725843 -0.15618935 -1.2465806 5814387075937
9.7259035 -0.16308841 -1.2452351 5814391758854
9.72586 -0.16994214 -1.2446488 5814396692865
9.725922 -0.17601375 -1.243323 5814401711143
9.7260895 -0.18128599 -1.2412522 5814406639846
9.726174 -0.18631898 -1.239841 5814411693752
9.726227 -0.19046009 -1.2387989 5814416595940
9.726406 -0.19378777 -1.2368755 5814421577759
9.726618 -0.19665861 -1.234754 5814426543077
9.726714 -0.19907232 -1.2336059 5814431612087
9.726844 -0.20041063 -1.232368 5814436505994
9.727164 -0.20095712 -1.2297492 5814441544536
9.727485 -0.20118235 -1.2271726 5814446465214
9.727718 -0.20081723 -1.2253765 5814451513755
9.728009 -0.19934464 -1.2233074 5814456416673
9.72838 -0.19744386 -1.2206692 5814461474746
9.728567 -0.19567698 -1.2194597 5814466378549
9.728612 -0.19347374 -1.2194502 5814471408810
9.728757 -0.19069737 -1.2187274 5814476321571
9.728935 -0.18806478 -1.2177215 5814481371154
9.728918 -0.18588263 -1.2181891 5814486360218
9.728784 -0.18369196 -1.2195959 5814491354333
9.728747 -0.18132682 -1.2202387 5814496233240
9.728706 -0.17928521 -1.2208679 5814501276573
9.728473 -0.17744756 -1.2229966 5814506192928
9.728612 -0.17488287 -1.2222618 5814511256314
9.728143 -0.17317264 -1.2262336 5814516233242
9.72813 -0.17119543 -1.2266059 5814521333237
9.728032 -0.16869941 -1.2277291 5814526123243
9.727478 -0.16706498 -1.2323284 5814531140222
9.727291 -0.16555242 -1.2340186 5814536268556
9.727359 -0.16331093 -1.2337812 5814541151883
9.727141 -0.16090316 -1.2358111 5814546064391
9.726673 -0.15899573 -1.2397394 5814551065432
9.726264 -0.15740217 -1.2431456 5814555972048
9.7261305 -0.15549633 -1.244424 5814561011162
9.72634 -0.15329354 -1.2430557 5814565938664
9.726732 -0.15094563 -1.2402743 5814570962205
9.727052 -0.14859201 -1.2380525 5814575928456
9.72726 -0.14617248 -1.2367085 5814580919029
9.727445 -0.14364421 -1.2355444 5814585854134
9.727694 -0.1409431 -1.2339021 5814590877207
9.728016 -0.13808602 -1.2316791 5814595832521
9.728399 -0.13514696 -1.2289717 5814600828979
9.728741 -0.13201006 -1.2266076 5814605765542
9.728997 -0.128644 -1.2249259 5814610793303
9.729203 -0.124983475 -1.2236776 5814615950231
9.729385 -0.12143532 -1.2225845 5814620742314
9.729585 -0.11773049 -1.2213533 5814625678149
9.729833 -0.11371278 -1.219759 5814630783982
9.730084 -0.10971987 -1.218117 5814635743670
9.730327 -0.10575827 -1.2165343 5814640823827
9.730479 -0.102240905 -1.2156099 5814645589349
9.730587 -0.098822325 -1.2150322 5814650638202
9.730731 -0.095762916 -1.2141199 5814655572422
9.730919 -0.0930107 -1.2128323 5814660566328
9.731065 -0.090798005 -1.2118214 5814665503986
9.73115 -0.08916607 -1.2112631 5814670521277
9.731172 -0.08819905 -1.2111607 5814675775392
9.731105 -0.0875886 -1.2117432 5814680474716
9.730924 -0.08735926 -1.2132154 5814685400030
9.730327 -0.08984077 -1.2178167 5814695671854
9.730022 -0.09038774 -1.2201937 5814700400655
9.729759 -0.090804346 -1.2222633 5814705316490
9.72958 -0.09123148 -1.2236607 5814710371229
9.729425 -0.09147681 -1.2248676 5814715479824
9.729307 -0.09123665 -1.2258325 5814720329668
9.729239 -0.09066566 -1.226404 5814725229252
9.729201 -0.089817554 -1.2267725 5814730263731
9.729121 -0.088495985 -1.2274989 5814735280085
9.728937 -0.086735405 -1.2290833 5814740218420
9.728641 -0.08451827 -1.2315875 5814745171546
9.728284 -0.08169961 -1.234589 5814750280036
9.7279825 -0.078216895 -1.2371849 5814755085035
9.72769 -0.074011356 -1.2397479 5814760251182
9.727364 -0.06963366 -1.2425569 5814765156392
9.726883 -0.064974196 -1.2465587 5814770235923
9.726258 -0.059884496 -1.251685 5814775345039
9.725604 -0.054614432 -1.2569973 5814780040715
9.724987 -0.04835908 -1.2620127 5814785099414
9.724179 -0.036685985 -1.2686145 5814795195770
9.7240305 -0.030738965 -1.2699062 5814799952123
9.72413 -0.024526538 -1.2692863 5814805036187
9.724317 -0.018607555 -1.2679616 5814809905249
9.724512 -0.013020883 -1.2665246 5814814845511
9.724708 -0.007848953 -1.265065 5814819861553
9.724911 -0.0032411222 -1.2635267 5814824823168
9.725153 8.8590925E-4 -1.2616612 5814829830512
9.725284 0.0031975757 -1.2606499 5814832542336
9.725669 0.007008365 -1.2576528 5814839809107
9.725902 0.009275611 -1.2558364 5814844701712
9.726155 0.011072867 -1.2538574 5814849842181
9.72641 0.012315661 -1.2518736 5814854652648
9.7267275 0.013065082 -1.2493894 5814859749620
9.727087 0.013408815 -1.2465897 5814864602427
9.727514 0.0135087855 -1.2432518 5814869652599
9.727999 0.013342773 -1.2394528 5814874760882
9.7284355 0.013038512 -1.2360262 5814879596402
9.728851 0.01256385 -1.2327559 5814884565622
9.72925 0.012104093 -1.2296075 5814889590830
9.729649 0.011668888 -1.2264556 5814894480675
9.730498 0.0098956 -1.2197088 5814904432343
9.730886 0.009589878 -1.2166156 5814909473436
9.731186 0.00946683 -1.2142123 5814914389584
9.73144 0.00942007 -1.2121865 5814919590625
9.731625 0.009481748 -1.2106894 5814924382390
9.7317705 0.009599253 -1.2095187 5814929379011
9.731846 0.009939187 -1.2089123 5814934351044
9.7318325 0.010422342 -1.2090133 5814939348231
9.731739 0.0109911375 -1.2097635 5814944258076
9.731534 0.011626282 -1.2113991 5814949300420
9.731228 0.012447323 -1.2138594 5814954244789
9.730794 0.013402524 -1.217317 5814959250629
9.7302265 0.014449213 -1.2218325 5814964184120
9.729486 0.015656365 -1.2276953 5814969247036
9.728648 0.017235309 -1.2342995 5814974134746
9.727737 0.019217905 -1.2414298 5814979161568
9.726809 0.021616716 -1.2486451 5814984116830
9.725848 0.02434903 -1.2560544 5814989147976
9.724913 0.027516268 -1.2632115 5814994051050
9.723969 0.031277437 -1.2703657 5814999072820
9.723043 0.035420038 -1.2773278 5815004118551
9.722122 0.039680436 -1.284195 5815009032769
9.721193 0.044416104 -1.291051 5815013952146
9.720226 0.049446985 -1.298131 5815019003499
9.719309 0.054723963 -1.3047681 5815023930845
9.718481 0.0602532 -1.3106782 5815029030480
9.717899 0.06559449 -1.3147331 5815033867408
9.717465 0.070961796 -1.31766 5815038928137
9.717166 0.07602367 -1.3195812 5815043832461
9.716902 0.08085609 -1.3212417 5815048874284
9.716669 0.085384235 -1.3226573 5815053789806
9.716476 0.08974197 -1.3237919 5815058813399
9.7162695 0.09343328 -1.3250536 5815063729182
9.716037 0.096728824 -1.3265165 5815068808765
9.71568 0.101468876 -1.3287742 5815078912880
9.71553 0.10372212 -1.3297 5815083651944
9.715386 0.10576843 -1.3305885 5815088726111
9.71522 0.107665956 -1.3316454 5815093603612
9.714979 0.10948282 -1.3332566 5815098644080
9.714682 0.11113249 -1.3352872 5815103702780
9.714474 0.112556495 -1.3366828 5815108736686
9.71444 0.11367829 -1.3368318 5815113523353
9.714552 0.11454318 -1.335942 5815118612780
9.714707 0.115256354 -1.3347509 5815123481792
9.714878 0.11563954 -1.3334717 5815129191323
9.714964 0.11564069 -1.3328497 5815133425803
9.715182 0.11363913 -1.3314317 5815143375909
9.715369 0.11251996 -1.3301618 5815148520021
9.715628 0.11126691 -1.3283801 5815153371066
9.715921 0.109787345 -1.3263488 5815158369972
9.716227 0.10810698 -1.3242522 5815163314341
9.716547 0.106377505 -1.3220345 5815168319751
9.716868 0.1046644 -1.3198086 5815173253151
9.717207 0.10299338 -1.3174474 5815178280911
9.717538 0.10134255 -1.3151406 5815183216017
9.7178955 0.09959466 -1.3126189 5815188282577
9.718252 0.09787016 -1.3101074 5815193158570
9.718618 0.09611117 -1.3075196 5815198192997
9.7189665 0.09460151 -1.3050406 5815203131175
9.719282 0.09307108 -1.3027943 5815208347112
9.719513 0.091789395 -1.301165 5815213072686
9.719687 0.09035222 -1.2999637 5815218224978
9.719813 0.08913953 -1.2991024 5815223040239
9.71998 0.0880414 -1.2979316 5815228314979
9.720166 0.0874197 -1.2965782 5815232989042
9.720351 0.08708652 -1.2952121 5815238022896
9.720515 0.0870193 -1.2939855 5815243108575
9.720686 0.08734434 -1.29268 5815248110085
9.720898 0.08795085 -1.2910436 5815252900972
9.721195 0.08881692 -1.2887409 5815257949930
9.721563 0.089782655 -1.2858998 5815262866285
9.721961 0.09086327 -1.2828122 5815267934563
9.722382 0.09200028 -1.279543 5815272818682
9.722834 0.09319138 -1.2760098 5815277856963
9.7232685 0.09439649 -1.2726116 5815282785922
9.723661 0.09547182 -1.2695167 5815287790033
9.723969 0.09645772 -1.2670797 5815292719830
9.724218 0.09744013 -1.2650955 5815297765402
9.724415 0.09822726 -1.2635198 5815302682174
9.724604 0.09873118 -1.2620329 5815307770299
9.724712 0.09908779 -1.2611618 5815312637800
9.724748 0.09942772 -1.2608643 5815317774363
9.724722 0.09975218 -1.2610371 5815322592645
9.72471 0.100075446 -1.2611048 5815327602954
9.724748 0.10017923 -1.2608066 5815332643740
9.724882 0.10003339 -1.2597797 5815337683583
9.725075 0.09989777 -1.2583008 5815342520668
9.725314 0.0995108 -1.2564843 5815347853116
9.725498 0.09902443 -1.2550926 5815352560200
9.725649 0.09843374 -1.253974 5815357506554
9.725734 0.0977796 -1.25336 5815362413326
9.72577 0.09716465 -1.2531304 5815367421030
9.725736 0.09643336 -1.2534552 5815372375046
9.725601 0.09574559 -1.254552 5815377409473
9.725437 0.09508824 -1.2558692 5815382332339
9.725288 0.094477646 -1.2570652 5815387436192
9.725192 0.09401789 -1.2578468 5815392283642
9.725125 0.09355608 -1.2583951 5815397322704
9.72512 0.09316646 -1.2584733 5815402242393
9.725174 0.09286541 -1.258077 5815407289267
9.725264 0.092859276 -1.2573823 5815412195623
9.725376 0.09287625 -1.2565048 5815417240102
9.725434 0.09298558 -1.2560505 5815422153593
9.725405 0.09327232 -1.2562628 5815427320259
9.725273 0.09363916 -1.2572484 5815432107344
9.72507 0.09389726 -1.2587999 5815437140416
9.724846 0.094057426 -1.2605188 5815442070417
9.724621 0.094277225 -1.2622372 5815447149740
9.724479 0.09435265 -1.2633287 5815452023283
9.724419 0.09446343 -1.2637881 5815457095783
9.724391 0.09457245 -1.2639861 5815462070888
9.724351 0.09464934 -1.2642941 5815467155575
9.724285 0.094690554 -1.2647929 5815472003702
9.724218 0.09458532 -1.2653154 5815477064066
9.72414 0.09447279 -1.2659203 5815481889224
9.724053 0.094305895 -1.2666016 5815486936098
9.723909 0.09409866 -1.2677256 5815491858808
9.723672 0.093983516 -1.2695526 5815496921672
9.723381 0.09402005 -1.2717724 5815501825684
9.723064 0.09412353 -1.2741857 5815506832871
9.722754 0.094116785 -1.2765555 5815511762716
9.72243 0.09399636 -1.2790265 5815516803549
9.722166 0.094063595 -1.2810246 5815521720790
9.721746 0.09377627 -1.2842339 5815531712874
9.7214775 0.093893185 -1.2862568 5815537014020
9.721193 0.094011866 -1.2883918 5815541639334
9.720867 0.09397415 -1.2908543 5815546656312
9.720538 0.094067395 -1.2933201 5815551593918
9.720168 0.094313785 -1.2960788 5815556803084
9.71984 0.09448154 -1.2985253 5815561537825
9.719525 0.09460751 -1.3008695 5815566578398
9.719254 0.09476183 -1.3028885 5815571585222
9.719037 0.09488341 -1.3044894 5815576748034
9.718919 0.09494477 -1.3053671 5815581484546
9.718927 0.09479774 -1.3053162 5815586521889
9.719052 0.094472714 -1.3044124 5815591420797
9.719221 0.09406701 -1.3031805 5815596436370
9.719395 0.09360285 -1.3019174 5815601618713
9.71955 0.09300394 -1.3008015 5815606404652
9.719656 0.09228082 -1.3000638 5815611320226
9.719661 0.09137208 -1.3000908 5815616348455
9.7195835 0.09000708 -1.3007579 5815621527831
9.719485 0.088371985 -1.3016056 5815626507623
9.7193985 0.08678046 -1.302362 5815631245957
9.719327 0.08500567 -1.3030113 5815636261634
9.71922 0.081403196 -1.3040365 5815646260333
9.719234 0.08001306 -1.3040186 5815651143251
9.7192955 0.07871411 -1.3036425 5815656177938
9.719374 0.077610426 -1.3031275 5815661105594
9.719472 0.07673589 -1.3024466 5815666164658
9.719567 0.07579237 -1.3017955 5815671055857
9.719689 0.07451594 -1.3009578 5815676206013
9.719827 0.07316408 -1.2999996 5815681196429
9.719962 0.071615815 -1.2990736 5815686059035
9.720057 0.069530904 -1.2984817 5815691109401
9.72017 0.06721802 -1.2977604 5815696000077
9.720307 0.06471104 -1.2968508 5815701100860
9.720554 0.059065476 -1.2952665 5815710992892
9.720727 0.056357995 -1.2940996 5815715944611
9.720996 0.0536853 -1.292187 5815721007372
9.721337 0.051492542 -1.2897056 5815725884247
9.721804 0.049536824 -1.2862605 5815730788936
9.7223 0.0476612 -1.2825782 5815735824977
9.722723 0.04613954 -1.2794179 5815740799866
9.723042 0.044948455 -1.2770361 5815745779614
9.723228 0.043895923 -1.2756529 5815750716854
9.723302 0.042974334 -1.2751237 5815755753677
9.723298 0.04245026 -1.2751685 5815760713053
9.723259 0.04244032 -1.2754661 5815765702584
9.7232 0.042636145 -1.27591 5815770629565
9.723132 0.043044467 -1.2764103 5815775647637
9.723085 0.04362085 -1.2767518 5815780611285
9.723091 0.04464445 -1.2766727 5815785811805
9.723125 0.045865923 -1.2763718 5815790552067
9.723178 0.047460943 -1.2759092 5815795812900
9.723229 0.049086653 -1.2754594 5815800542484
9.723292 0.05093975 -1.2749037 5815805661807
9.723336 0.052877042 -1.2744913 5815810451131
9.72335 0.05498239 -1.2743057 5815815490662
9.723368 0.057170745 -1.2740673 5815820519726
9.723424 0.059602287 -1.2735295 5815825459101
9.723575 0.062366165 -1.2722454 5815830523164
9.72376 0.06533434 -1.2706752 5815835521654
9.723942 0.06846183 -1.2691184 5815840351603
9.724168 0.071850024 -1.2671984 5815845347748
9.724421 0.07535455 -1.2650493 5815850294364
9.724696 0.07907011 -1.2627059 5815855346760
9.724917 0.08282162 -1.2607594 5815860226809
9.725067 0.086925045 -1.2593265 5815865267230
9.725196 0.09103462 -1.2580413 5815870201085
9.72541 0.09529208 -1.2560655 5815875222960
9.725737 0.09963693 -1.2531973 5815880199367
9.726168 0.104021825 -1.2494918 5815885210044
9.726652 0.10844208 -1.2453381 5815890104889
9.727205 0.11298628 -1.240608 5815895136816
9.727726 0.117537774 -1.2360885 5815900075932
9.728146 0.122205034 -1.2323352 5815905085515
9.72849 0.12673871 -1.2291558 5815910100204
9.728821 0.13136388 -1.226044 5815915184474
9.729152 0.13575546 -1.2229377 5815919976767
9.729518 0.14013015 -1.2195243 5815925001298
9.729898 0.14410788 -1.2160197 5815929954216
9.730321 0.14781114 -1.2121849 5815935008434
9.730789 0.15110816 -1.2080115 5815939989113
9.731298 0.1539936 -1.2035341 5815944916977
9.731795 0.15659879 -1.1991735 5815949837708
9.732219 0.15924075 -1.1953909 5815954859999
9.73256 0.16166326 -1.192278 5815959815209
9.73289 0.16384697 -1.1892784 5815964830573
9.733258 0.1658307 -1.1859877 5815969742918
9.733656 0.16761921 -1.1824661 5815974820886
9.734011 0.16920286 -1.1793263 5815979718909
9.734287 0.17067833 -1.176823 5815984725835
9.734495 0.17202313 -1.1749101 5815989662243
9.734642 0.1735921 -1.1734623 5815994684690
9.73472 0.17543495 -1.1725342 5815999617140
9.734756 0.17746983 -1.1719265 5816004672400
9.73475 0.17944393 -1.1716812 5816009562401
9.734731 0.18159954 -1.1715041 5816014613651
9.734754 0.18363646 -1.1710004 5816019636152
9.734832 0.1855781 -1.1700457 5816024554329
9.734948 0.18752058 -1.1687661 5816029498698
9.735074 0.18956189 -1.1673856 5816034725111
9.7351055 0.19153391 -1.1668019 5816039621362
9.735061 0.19345452 -1.1668643 5816044520841
9.734956 0.19539027 -1.1674117 5816049386468
9.734795 0.19727755 -1.1684408 5816054479592
9.734663 0.19884622 -1.169269 5816059345687
9.734554 0.20044208 -1.1699032 5816064376260
9.734474 0.2018795 -1.1703162 5816069312876
9.734443 0.20314185 -1.1703639 5816074792042
9.734456 0.20392689 -1.1701093 5816079259543
9.734521 0.20471044 -1.1694387 5816084288814
9.734633 0.20569074 -1.1683266 5816089230274
9.734822 0.20667568 -1.1665772 5816094257199
9.73505 0.2078433 -1.164472 5816099171047
9.735256 0.20925237 -1.162488 5816104176457
9.735393 0.21068573 -1.1610955 5816109133296
9.735478 0.21211089 -1.1601095 5816114344859
9.735514 0.21342173 -1.1595715 5816119092152
9.735517 0.2147358 -1.159307 5816124172881
9.735485 0.21607621 -1.1593162 5816129062673
9.735437 0.21737216 -1.1594775 5816134310798
9.735424 0.21838874 -1.1594012 5816139005591
9.735485 0.21918634 -1.1587332 5816144054914
9.73565 0.21981382 -1.1572341 5816148962311
9.73589 0.22070906 -1.1550349 5816154179550
9.73612 0.2216762 -1.1529169 5816158910020
9.736392 0.22275147 -1.1504041 5816163941166
9.73668 0.22410473 -1.1477084 5816168861636
9.7370205 0.22573537 -1.1444961 5816173877883
9.737362 0.227679 -1.1411939 5816178819241
9.737703 0.22995356 -1.1378291 5816183861845
9.738011 0.23224889 -1.134718 5816188774190
9.73831 0.23472743 -1.1316444 5816193867572
9.738568 0.23733166 -1.1288706 5816198740441
9.738809 0.24012528 -1.1262063 5816203773618
9.7389765 0.24283823 -1.1241701 5816208697838
9.739062 0.24543017 -1.1228652 5816213736848
9.739087 0.2478722 -1.1221106 5816218640495
9.739113 0.2501707 -1.1213757 5816223705130
9.739184 0.25213107 -1.1203129 5816228601954
9.739228 0.2529977 -1.1197398 5816231194141
9.739601 0.25749534 -1.1154609 5816248554612
9.739728 0.25848585 -1.1141278 5816253985237
9.740128 0.26014015 -1.110235 5816263654092
9.740333 0.2608258 -1.1082802 5816268423521
9.740539 0.26163456 -1.1062797 5816273749666
9.740678 0.26252306 -1.1048434 5816278392376
9.740771 0.26370588 -1.1037288 5816283422167
9.740805 0.2649498 -1.1031445 5816288356231
9.740822 0.26616743 -1.102697 5816293339508
9.740839 0.2674444 -1.1022395 5816298289826
9.740868 0.2687623 -1.1016569 5816303326180
9.740946 0.26985013 -1.1007047 5816308561962
9.7410555 0.27072546 -1.0995159 5816313278628
9.741188 0.2714778 -1.0981529 5816318203317
9.741313 0.27225637 -1.0968547 5816323248786
9.741418 0.27297938 -1.0957386 5816328163579
9.741507 0.2736285 -1.0947937 5816333191495
9.741606 0.2742487 -1.0937537 5816338117278
9.7417 0.2747949 -1.092777 5816343171236
9.741749 0.27522162 -1.0922309 5816348072956
9.741707 0.27565268 -1.0924948 5816353107382
9.741583 0.27598175 -1.0935163 5816358030092
9.741403 0.27618983 -1.0950692 5816363035502
9.741229 0.27624705 -1.0966047 5816368010392
9.741125 0.27602488 -1.0975832 5816373031759
9.741123 0.27570856 -1.097674 5816378030511
9.741238 0.2751596 -1.0967959 5816383003844
9.741443 0.27476642 -1.0950704 5816388052074
9.741685 0.27444372 -1.0930008 5816392943220
9.741963 0.27389708 -1.0906532 5816398013638
9.74224 0.27328733 -1.0883292 5816403170825
9.742499 0.27280852 -1.0861254 5816407808378
9.74284 0.27232093 -1.0831932 5816412882545
9.743198 0.27185497 -1.0800793 5816417768744
9.743512 0.27135193 -1.0773776 5816422810775
9.743684 0.2710029 -1.0759101 5816427717547
9.743693 0.27093595 -1.0758387 5816432750359
9.743548 0.27101627 -1.0771322 5816437681610
9.743235 0.27129596 -1.0798959 5816442709423
9.742813 0.2716472 -1.083603 5816447623070
9.742384 0.27185762 -1.0874029 5816452662028
9.742037 0.27188888 -1.0904967 5816457583227
9.741765 0.2719195 -1.0929171 5816462616768
9.741569 0.2720349 -1.0946289 5816467767395
9.741415 0.27219096 -1.0959636 5816472742284
9.741248 0.27237064 -1.0973961 5816477717174
9.741081 0.2725585 -1.0988299 5816482526874
9.740947 0.27262303 -1.1000137 5816487554897
9.740857 0.2725511 -1.1008236 5816492519167
9.7408 0.2725399 -1.1013325 5816497626668
9.740735 0.27233413 -1.1019506 5816502451512
9.7406225 0.27199098 -1.1030279 5816507386201
9.740472 0.27151683 -1.1044763 5816512407763
9.740319 0.27105996 -1.1059352 5816517324379
9.74018 0.27085152 -1.1072108 5816522356358
9.740057 0.2707913 -1.1083068 5816527316723
9.739926 0.27078098 -1.1094596 5816532347192
9.739795 0.27092177 -1.1105733 5816537250110
9.739671 0.27133885 -1.1115626 5816542267453
9.739552 0.2719605 -1.1124623 5816547624017
9.73948 0.2725257 -1.1129516 5816552224433
9.73943 0.2733116 -1.1131874 5816557155841
9.739405 0.2742483 -1.1131815 5816562186309
9.73942 0.27538 -1.1127684 5816567307457
9.739476 0.27652654 -1.1119992 5816572134331
9.739567 0.2775343 -1.1109473 5816577181624
9.739696 0.27839524 -1.1096003 5816582235009
9.739863 0.27915314 -1.1079345 5816587342459
9.739994 0.27969489 -1.1066478 5816592050740
9.740077 0.28000736 -1.1058466 5816597026574
9.74009 0.2800143 -1.1057191 5816602001105
9.740042 0.27990815 -1.1061785 5816607172929
9.73998 0.27958283 -1.1068027 5816611960169
9.739963 0.27905315 -1.1070886 5816616880170
9.739995 0.27839464 -1.10697 5816621917670
9.740074 0.27759403 -1.106483 5816627080171
9.740162 0.2766756 -1.1059326 5816631920744
9.740255 0.27557364 -1.105386 5816636798609
9.740396 0.2743472 -1.1044526 5816641878088
9.74059 0.2731672 -1.103027 5816646824131
9.740806 0.27208686 -1.1013947 5816651780329
9.740997 0.27095327 -1.0999712 5816656736580
9.741159 0.2699101 -1.0987916 5816661744601
9.7413025 0.2686693 -1.0978329 5816666683193
9.741461 0.26715237 -1.096794 5816671732050
9.741626 0.2657187 -1.095676 5816676621947
9.741819 0.26398686 -1.0943689 5816681656373
9.74203 0.26217732 -1.0929309 5816686747521
9.742242 0.26051798 -1.0914425 5816691608354
9.742452 0.25883907 -1.0899689 5816696546220
9.742639 0.25708443 -1.0887117 5816701564813
9.7427845 0.25534797 -1.0878149 5816706515335
9.742886 0.25368077 -1.0873046 5816711522470
9.742923 0.2522968 -1.0872917 5816716440024
9.742867 0.25116825 -1.0880426 5816721474034
9.742731 0.2502189 -1.0894865 5816726444868
9.742564 0.24937443 -1.0911746 5816731419757
9.742357 0.24882844 -1.093145 5816736356901
9.742111 0.24850777 -1.0954087 5816741389817
9.741827 0.2483505 -1.0979687 5816746602943
9.741563 0.24822478 -1.1003364 5816751344922
9.741275 0.24811453 -1.1029055 5816756289291
9.7409725 0.24814112 -1.1055689 5816761318933
9.74065 0.248194 -1.1083829 5816766260237
9.740331 0.24816358 -1.1111938 5816771291122
9.740038 0.24802762 -1.1137863 5816776229561
9.739802 0.24755381 -1.1159481 5816781227790
9.739628 0.24691282 -1.1176178 5816786148624
9.739483 0.24602516 -1.1190739 5816791181020
9.739346 0.24489455 -1.1205139 5816796125657
9.739218 0.24370232 -1.1218852 5816801133573
9.739114 0.24254546 -1.1230408 5816806063574
9.739018 0.24133712 -1.12413 5816811094876
9.738858 0.23925145 -1.1259559 5816821070398
9.738831 0.2384228 -1.1263717 5816825961649
9.738851 0.23747227 -1.126404 5816831081753
9.738915 0.23651649 -1.1260381 5816835930140
9.739008 0.2354406 -1.1254655 5816840965243
9.739085 0.23419224 -1.125058 5816845897901
9.739139 0.23272 -1.1249056 5816850965609
9.739154 0.23132697 -1.1250594 5816855855298
9.739139 0.22993451 -1.125477 5816860877120
9.739109 0.2284795 -1.126026 5816865785611
9.739062 0.22692075 -1.1267515 5816870840246
9.739044 0.22544995 -1.1271987 5816875760873
9.73906 0.2237559 -1.1273973 5816880875612
9.739109 0.22222257 -1.1272776 5816885697228
9.739197 0.22061765 -1.1268411 5816890734051
9.739295 0.21898319 -1.1263121 5816895655771
9.739376 0.21755655 -1.1258837 5816900661181
9.739449 0.2164862 -1.1254625 5816905610303
9.739519 0.21552311 -1.1250399 5816910646761
9.739574 0.21484852 -1.124685 5816915566866
9.739617 0.21425928 -1.1244231 5816920755408
9.739659 0.21390502 -1.1241331 5816925546294
9.739741 0.21361068 -1.1234759 5816930553742
9.73988 0.21337508 -1.1223242 5816935736868
9.740017 0.21325083 -1.1211549 5816940775826
9.740124 0.21329725 -1.1202171 5816945445463
9.740212 0.21346265 -1.1194173 5816950467442
9.740294 0.21353862 -1.118687 5816955393277
9.740374 0.21358246 -1.1179885 5816960462912
9.740437 0.21344769 -1.1174651 5816965372653
9.740466 0.21325035 -1.1172415 5816970494631
9.740443 0.21306473 -1.1174784 5816975318174
9.74035 0.21284722 -1.1183298 5816980556195
9.74022 0.21260405 -1.1195142 5816985405780
9.740085 0.21232636 -1.1207366 5816990400831
9.73998 0.21201974 -1.1217141 5816995230051
9.739914 0.21138021 -1.1224054 5817000940780
9.739922 0.21086518 -1.1224277 5817005192761
9.739955 0.21028997 -1.1222504 5817010200990
9.7399845 0.20982286 -1.1220777 5817015137866
9.739989 0.20941718 -1.1221172 5817020310885
9.739967 0.20914565 -1.1223557 5817025090471
9.739984 0.20896965 -1.1222475 5817030118491
9.740053 0.20870952 -1.1216908 5817035039378
9.740197 0.20838389 -1.1205009 5817040319326
9.740346 0.20810331 -1.1192641 5817044994379
9.740516 0.2077534 -1.1178442 5817050029379
9.740682 0.20739298 -1.1164633 5817054966880
9.740853 0.20709012 -1.1150242 5817060157974
9.741002 0.20685075 -1.1137735 5817065080110
9.741125 0.20660433 -1.1127342 5817070000527
9.741201 0.20634535 -1.1121123 5817074895424
9.741211 0.20602262 -1.1120983 5817080104330
9.741202 0.20567656 -1.1122326 5817084846206
9.741209 0.20519632 -1.1122643 5817089857456
9.741235 0.20461316 -1.1121398 5817094785738
9.741304 0.20389065 -1.1116651 5817100067248
9.741418 0.20313512 -1.1108108 5817104740271
9.741558 0.2023392 -1.1097262 5817109776052
9.741676 0.20164125 -1.1088192 5817114689647
9.741762 0.20088246 -1.1081958 5817119721990
9.741811 0.2002473 -1.1078879 5817124647825
9.741772 0.19964692 -1.108343 5817129653235
9.741594 0.19925027 -1.1099722 5817134641628
9.741291 0.19904447 -1.1126674 5817139719075
9.7409 0.19843444 -1.1161824 5817144556837
9.74044 0.19769612 -1.1203241 5817149598503
9.739962 0.19678393 -1.1246327 5817154525380
9.739402 0.19556572 -1.1296891 5817159594754
9.738857 0.19456497 -1.1345468 5817164478037
9.738449 0.19353877 -1.1382215 5817169598245
9.738232 0.192519 -1.1402502 5817174425798
9.738099 0.19137534 -1.1415708 5817179515642
9.738064 0.19024217 -1.1420587 5817184384914
9.73824 0.18911631 -1.1407472 5817189415330
9.7387085 0.18785714 -1.1369481 5817194344134
9.739434 0.18628614 -1.1309768 5817199387779
9.740233 0.18471073 -1.1243309 5817204346114
9.741007 0.18312654 -1.1178765 5817209355749
9.741713 0.18151464 -1.1119764 5817214383823
9.742285 0.18009123 -1.1071782 5817219297625
9.742728 0.17863773 -1.1035105 5817224251949
9.743068 0.17725267 -1.1007301 5817229244084
9.743371 0.1761867 -1.0982131 5817234405492
9.743603 0.17552465 -1.0962633 5817239197256
9.7437725 0.17526805 -1.0947951 5817244132628
9.743877 0.17537475 -1.0938433 5817249184451
9.743928 0.17588156 -1.0933093 5817254087108
9.743953 0.17674816 -1.0929501 5817259135233
9.743971 0.1777027 -1.0926347 5817264040547
9.743961 0.17874669 -1.0925469 5817269073619
9.743935 0.17992482 -1.0925913 5817273992423
9.743848 0.18132336 -1.0931356 5817279024141
9.743683 0.18277621 -1.0943584 5817283941018
9.743442 0.18447669 -1.0962236 5817288975653
9.7431555 0.18633583 -1.0984471 5817293900706
9.74287 0.188406 -1.1006254 5817298932164
9.742695 0.19019382 -1.1018677 5817303907054
9.742738 0.19113526 -1.1013275 5817309287426
9.742959 0.19171947 -1.0992633 5817313870812
9.743312 0.19265476 -1.095968 5817319130552