
-0.014914157 0.04793836 0.0085223755 5808791438609
-0.028763017 0.03089361 0.0074570784 5808796524755
-0.039415985 0.02130594 0.005326485 5808801392673
-0.04900366 0.0085223755 0.005326485 5808806498870
-0.06178722 -0.0021305939 0.005326485 5808811351944
-0.07776668 -0.0074570784 0.0031958907 5808816385590
-0.09694202 -0.015979454 0.0031958907 5808821319445
-0.11824796 -0.023436533 0.0031958907 5808826339966
-0.13635801 -0.02450183 0.005326485 5808831274290
-0.14807628 -0.018110048 0.005326485 5808836336061
-0.15979454 -0.015979454 0.0063917814 5808841229083
-0.16512102 -0.020240642 0.0063917814 5808846278197
-0.16405573 -0.025567126 0.0063917814 5808851187000
-0.15979454 -0.029828314 0.005326485 5808856217417
-0.15766394 -0.034089502 0.0021305939 5808861267158
-0.15233746 -0.04261188 0.0 5808866253355
-0.14488038 -0.05113425 0.0 5808871135284
-0.1374233 -0.054330144 0.0010652969 5808876256325
-0.12996623 -0.057526033 0.0010652969 5808881046951
-0.122509144 -0.057526033 0.0010652969 5808886290805
-0.113986775 -0.057526033 0.0 5808891184140
-0.1043991 -0.058591332 0.0 5808896125285
-0.092680834 -0.05219955 0.0042611877 5808901040339
-0.08096257 -0.039415985 0.0074570784 5808906102005
-0.068179004 -0.025567126 0.01065297 5808910913673
-0.053264845 -0.015979454 0.012783563 5808915954610
-0.035154797 -0.0042611877 0.017044751 5808920874560
-0.020240642 0.0031958907 0.022371236 5808925918413
-0.0063917814 0.0085223755 0.028763017 5808930822581
0.0042611877 0.0010652969 0.034089502 5808935898987
0.011718267 -0.0074570784 0.039415985 5808940788103
0.018110048 -0.0085223755 0.045807768 5808945826905
0.020240642 -0.0085223755 0.050068956 5808950733677
0.020240642 -0.009587673 0.053264845 5808955787479
0.022371236 -0.0074570784 0.053264845 5808960693730
0.023436533 -0.005326485 0.050068956 5808965726021
0.02130594 0.0021305939 0.046873067 5808970652898
0.02130594 0.011718267 0.045807768 5808975696387
0.022371236 0.012783563 0.04261188 5808980636597
0.02130594 0.0042611877 0.036220096 5808985611486
0.020240642 -0.005326485 0.034089502 5808990569150
0.022371236 -0.020240642 0.029828314 5808995589827
0.023436533 -0.036220096 0.02130594 5809000761389
0.025567126 -0.045807768 0.018110048 5809005555140
0.023436533 -0.039415985 0.019175345 5809010469308
0.018110048 -0.02769772 0.019175345 5809015498631
0.011718267 -0.020240642 0.019175345 5809020754049
0.005326485 -0.023436533 0.019175345 5809025460975
-0.0010652969 -0.019175345 0.017044751 5809030384675
-0.0063917814 -0.0042611877 0.014914157 5809035418945
-0.0063917814 0.0085223755 0.0074570784 5809040469207
-0.0085223755 0.014914157 0.0021305939 5809045372488
-0.009587673 0.0074570784 0.0 5809050300718
-0.01065297 -0.0021305939 -0.0021305939 5809055330353
-0.01065297 -0.011718267 -0.005326485 5809060510719
-0.01065297 -0.015979454 -0.009587673 5809065283844
-0.011718267 -0.020240642 -0.011718267 5809070326293
-0.012783563 -0.020240642 -0.01384886 5809075374001
-0.01384886 -0.019175345 -0.014914157 5809080468430
-0.012783563 -0.012783563 -0.014914157 5809085328429
-0.01065297 -0.0042611877 -0.020240642 5809090304889
-0.012783563 0.0 -0.019175345 5809095281399
-0.01065297 0.0042611877 -0.019175345 5809100492025
-0.011718267 0.009587673 -0.020240642 5809105206296
-0.009587673 0.0074570784 -0.022371236 5809110206870
-0.005326485 -0.0010652969 -0.023436533 5809115270672
0.0021305939 -0.0074570784 -0.02130594 5809119991608
0.005326485 -0.0063917814 -0.019175345 5809125027539
0.0074570784 0.0042611877 -0.015979454 5809130092393
0.01384886 0.011718267 -0.012783563 5809135150778
0.015979454 0.012783563 -0.009587673 5809140155151
0.017044751 0.011718267 -0.0063917814 5809145123591
0.017044751 0.012783563 -0.0042611877 5809149875884
0.018110048 0.014914157 -0.0021305939 5809154926769
0.02130594 0.01065297 0.0 5809159840617
0.02130594 0.0031958907 -0.0010652969 5809164860468
0.023436533 -0.0063917814 0.0021305939 5809169843595
0.022371236 -0.005326485 0.005326485 5809174805157
0.02130594 0.0085223755 0.0074570784 5809179925627
0.017044751 0.026632423 0.012783563 5809184770731
0.011718267 0.040481284 0.017044751 5809189957868
0.005326485 0.046873067 0.022371236 5809194710940
0.0042611877 0.04900366 0.025567126 5809199698386
0.0 0.050068956 0.02450183 5809204678910
-0.0085223755 0.04793836 0.023436533 5809209590422
-0.01384886 0.043677174 0.023436533 5809214667401
-0.017044751 0.03728539 0.025567126 5809219604537
-0.02130594 0.029828314 0.026632423 5809224604120
-0.02450183 0.020240642 0.028763017 5809229501674
-0.028763017 0.018110048 0.03089361 5809234600267
-0.031958908 0.014914157 0.028763017 5809239496206
-0.040481284 0.0031958907 0.028763017 5809244641206
-0.044742472 -0.009587673 0.02769772 5809249449123
-0.05113425 -0.019175345 0.026632423 5809254454852
-0.054330144 -0.02130594 0.022371236 5809259491104
-0.05646074 -0.014914157 0.019175345 5809264476676
-0.05539544 0.0010652969 0.017044751 5809269336261
-0.057526033 0.020240642 0.012783563 5809274358917
-0.05646074 0.03089361 0.0074570784 5809279270007
-0.05113425 0.028763017 0.0042611877 5809284346001
-0.044742472 0.02450183 0.0010652969 5809289265638
-0.03835069 0.023436533 -0.0042611877 5809294269335
-0.03728539 0.018110048 -0.0085223755 5809299190847
-0.03728539 0.01065297 -0.011718267 5809304235222
-0.033024207 0.005326485 -0.01384886 5809309151109
-0.029828314 0.0021305939 -0.015979454 5809314183244
-0.028763017 -0.0031958907 -0.018110048 5809319109547
-0.02450183 -0.0021305939 -0.017044751 5809324139391
-0.02130594 -0.0021305939 -0.014914157 5809329062204
-0.020240642 0.0010652969 -0.012783563 5809334128350
-0.020240642 0.009587673 -0.012783563 5809339063820
-0.015979454 0.0074570784 -0.009587673 5809344063142
-0.017044751 0.0085223755 -0.005326485 5809348972154
-0.01384886 0.01065297 -0.005326485 5809354007623
-0.0085223755 0.017044751 -0.0031958907 5809358928509
-0.0042611877 0.017044751 -0.0021305939 5809363961217
0.0 0.014914157 -0.0042611877 5809368903823
0.0042611877 0.0042611877 -0.005326485 5809373961010
0.009587673 -0.005326485 -0.0074570784 5809378846272
0.011718267 -0.009587673 -0.0074570784 5809383877574
0.01384886 -0.0085223755 -0.0085223755 5809388805439
0.012783563 -0.0063917814 -0.0021305939 5809393859293
0.01384886 -0.0074570784 -0.0010652969 5809398902784
0.01065297 -0.0063917814 -0.0010652969 5809403885805
0.0074570784 -0.01065297 -0.0042611877 5809408713410
0.009587673 -0.009587673 -0.0031958907 5809413985233
0.0074570784 -0.0010652969 -0.0010652969 5809418786797
-0.0021305939 0.0031958907 -0.0010652969 5809423780598
-0.009587673 -0.0085223755 -0.0031958907 5809428624454
-0.01065297 -0.026632423 -0.005326485 5809433674714
-0.009587673 -0.036220096 -0.0074570784 5809438693309
-0.0031958907 -0.04261188 -0.015979454 5809443780340
0.0031958907 -0.050068956 -0.02130594 5809448652268
0.0074570784 -0.04793836 -0.025567126 5809453772789
0.012783563 -0.04154658 -0.02769772 5809458508467
0.012783563 -0.03728539 -0.03089361 5809463599977
0.01384886 -0.036220096 -0.034089502 5809468452843
0.015979454 -0.03835069 -0.035154797 5809474015551
0.02130594 -0.044742472 -0.035154797 5809478416855
0.02450183 -0.04900366 -0.03089361 5809483581750
0.022371236 -0.04154658 -0.03089361 5809488502168
0.02130594 -0.025567126 -0.03089361 5809493514250
0.019175345 -0.0010652969 -0.025567126 5809498344617
0.017044751 0.012783563 -0.022371236 5809503357794
0.009587673 0.014914157 -0.019175345 5809508393726
0.0031958907 0.014914157 -0.015979454 5809513688368
-0.005326485 0.02130594 -0.011718267 5809518226234
-0.014914157 0.025567126 -0.009587673 5809523302640
-0.028763017 0.017044751 -0.0063917814 5809528184255
-0.04154658 0.0063917814 -0.005326485 5809533433995
-0.054330144 0.0 0.0 5809538143111
-0.060721926 0.0010652969 0.0021305939 5809543350923
-0.06604841 0.0063917814 0.0031958907 5809548287799
-0.07137489 0.01065297 0.005326485 5809553340455
-0.07137489 0.009587673 0.0042611877 5809558058946
-0.068179004 0.0042611877 0.0063917814 5809563187696
-0.067113705 -0.0042611877 0.0031958907 5809568015197
-0.06285252 -0.0031958907 0.0021305939 5809573254103
-0.060721926 0.0063917814 -0.0010652969 5809578075198
-0.05539544 0.015979454 -0.0063917814 5809583125250
-0.046873067 0.025567126 -0.0074570784 5809587920876
-0.039415985 0.034089502 -0.011718267 5809592939935
-0.034089502 0.040481284 -0.01384886 5809597884304
-0.022371236 0.04261188 -0.014914157 5809602907856
-0.012783563 0.050068956 -0.01384886 5809607835722
-0.005326485 0.05219955 -0.011718267 5809612932646
0.0021305939 0.046873067 -0.01384886 5809617793275
0.0031958907 0.034089502 -0.015979454 5809622829681
0.0063917814 0.02130594 -0.014914157 5809627804571
0.009587673 0.0074570784 -0.015979454 5809632907234
0.009587673 0.0021305939 -0.015979454 5809637703641
0.009587673 -0.0031958907 -0.015979454 5809642709051
0.0063917814 -0.005326485 -0.01384886 5809647831819
0.0074570784 -0.0042611877 -0.015979454 5809652722909
0.0074570784 0.0031958907 -0.017044751 5809657756664
0.0074570784 0.017044751 -0.015979454 5809662891143
0.0042611877 0.025567126 -0.020240642 5809667569634
0.0 0.026632423 -0.02130594 5809672745259
0.0 0.02769772 -0.023436533 5809677572343
0.0010652969 0.034089502 -0.025567126 5809682582030
0.0 0.036220096 -0.025567126 5809687500573
0.0 0.033024207 -0.029828314 5809692528594
0.0 0.023436533 -0.02769772 5809697436408
-0.0010652969 0.015979454 -0.03089361 5809702475105
-0.0010652969 0.01065297 -0.031958908 5809707410002
-0.0021305939 0.0031958907 -0.033024207 5809712491148
0.0021305939 -0.0010652969 -0.035154797 5809717361722
0.0074570784 0.0010652969 -0.034089502 5809722413337
0.012783563 0.0074570784 -0.03089361 5809727319015
0.019175345 0.012783563 -0.02769772 5809732608806
0.02450183 0.01384886 -0.02769772 5809737271151
0.028763017 0.012783563 -0.022371236 5809742578963
0.033024207 0.0074570784 -0.02130594 5809747215423
0.03728539 0.0042611877 -0.017044751 5809752351100
0.04154658 0.0010652969 -0.014914157 5809757325945
0.046873067 -0.0021305939 -0.015979454 5809762226882
0.050068956 -0.0042611877 -0.015979454 5809767130842
0.04793836 -0.009587673 -0.017044751 5809772220893
0.050068956 -0.0063917814 -0.018110048 5809777089280
0.05219955 -0.0021305939 -0.018110048 5809782306415
0.05219955 -0.0031958907 -0.020240642 5809787054333
0.05646074 -0.0074570784 -0.023436533 5809792242927
0.064983115 -0.012783563 -0.028763017 5809797027824
0.070309594 -0.019175345 -0.033024207 5809802028136
0.07563608 -0.018110048 -0.031958908 5809806965585
0.07457078 -0.012783563 -0.034089502 5809811985220
0.07670138 -0.01065297 -0.03835069 5809816920274
0.07350549 -0.0063917814 -0.04154658 5809821971992
0.07244019 -0.0010652969 -0.039415985 5809826877566
0.07137489 -0.005326485 -0.034089502 5809831895952
0.064983115 -0.009587673 -0.034089502 5809836839703
0.060721926 -0.01065297 -0.033024207 5809841862463
0.057526033 -0.01065297 -0.034089502 5809846820693
0.05113425 -0.005326485 -0.03089361 5809851811422
0.045807768 -0.0010652969 -0.029828314 5809856759601
0.04154658 0.0 -0.028763017 5809861765382
0.03728539 -0.0031958907 -0.026632423 5809866719550
0.040481284 -0.009587673 -0.023436533 5809871721216
0.03835069 -0.019175345 -0.02450183 5809876645071
0.03089361 -0.02450183 -0.02769772 5809881688925
0.03089361 -0.028763017 -0.025567126 5809886726427
0.02769772 -0.029828314 -0.026632423 5809891644864
0.022371236 -0.03089361 -0.03089361 5809896553615
0.022371236 -0.035154797 -0.031958908 5809901583406
0.026632423 -0.03728539 -0.036220096 5809906545647
0.025567126 -0.03835069 -0.036220096 5809911545751
0.028763017 -0.035154797 -0.034089502 5809916469659
0.028763017 -0.034089502 -0.031958908 5809921488617
0.026632423 -0.03089361 -0.028763017 5809926428462
0.026632423 -0.035154797 -0.023436533 5809931458253
0.026632423 -0.04900366 -0.022371236 5809936393411
0.025567126 -0.057526033 -0.020240642 5809941415181
0.026632423 -0.058591332 -0.020240642 5809947053828
0.03089361 -0.059656627 -0.019175345 5809951419193
0.03835069 -0.06178722 -0.02130594 5809956348464
0.045807768 -0.070309594 -0.02130594 5809961279611
0.05219955 -0.067113705 -0.023436533 5809966810028
0.058591332 -0.05219955 -0.02450183 5809971243466
0.063917816 -0.03728539 -0.026632423 5809976307060
0.0692443 -0.026632423 -0.025567126 5809981327894
0.07137489 -0.02450183 -0.022371236 5809986499300
0.07244019 -0.023436533 -0.02130594 5809991158208
0.0692443 -0.02450183 -0.018110048 5809996172530
0.067113705 -0.031958908 -0.018110048 5810001148313
0.06285252 -0.043677174 -0.022371236 5810006100915
0.05539544 -0.05539544 -0.026632423 5810011317689
0.050068956 -0.05539544 -0.028763017 5810016111178
0.044742472 -0.04900366 -0.034089502 5810021008523
0.04261188 -0.045807768 -0.03835069 5810026268419
0.040481284 -0.045807768 -0.040481284 5810030960660
0.04154658 -0.04261188 -0.04154658 5810036005555
0.04154658 -0.036220096 -0.04261188 5810040923004
0.043677174 -0.028763017 -0.04261188 5810046234775
0.043677174 -0.020240642 -0.045807768 5810050873422
0.044742472 -0.017044751 -0.045807768 5810056003890
0.04793836 -0.023436533 -0.04261188 5810060841288
0.045807768 -0.03089361 -0.04154658 5810065870089
0.043677174 -0.04154658 -0.039415985 5810070785924
0.040481284 -0.04900366 -0.03728539 5810075929934
0.03728539 -0.05539544 -0.03835069 5810080977644
0.03728539 -0.05646074 -0.036220096 5810085891491
0.040481284 -0.05219955 -0.036220096 5810090723374
0.043677174 -0.04261188 -0.035154797 5810095733947
0.04793836 -0.033024207 -0.03089361 5810100664625
0.053264845 -0.02130594 -0.025567126 5810103405822
0.054330144 -0.011718267 -0.019175345 5810110657022
0.060721926 -0.0063917814 -0.015979454 5810115645511
0.067113705 -0.005326485 -0.01065297 5810120578637
0.07244019 -0.0010652969 0.0010652969 5810125599315
0.07350549 -0.0021305939 0.0074570784 5810135558326
0.07244019 -0.005326485 0.012783563 5810140709473
0.07350549 -0.0074570784 0.017044751 5810145504885
0.07670138 -0.0042611877 0.020240642 5810150489369
0.08309316 -0.0042611877 0.02130594 5810155466661
0.08309316 -0.01065297 0.020240642 5810160393902
0.08628905 -0.019175345 0.019175345 5810165468012
0.089484945 -0.026632423 0.017044751 5810170346299
0.089484945 -0.031958908 0.011718267 5810175427809
0.089484945 -0.03089361 0.0085223755 5810180308435
0.08735435 -0.02450183 0.005326485 5810185473331
0.08309316 -0.019175345 0.0031958907 5810190259061
0.07989727 -0.012783563 -0.0010652969 5810195308800
0.07670138 -0.01065297 -0.0021305939 5810200214895
0.07350549 -0.017044751 -0.0042611877 5810205254166
0.07137489 -0.023436533 -0.0063917814 5810210184896
0.068179004 -0.020240642 -0.0063917814 5810215217083
0.07137489 -0.01384886 -0.0074570784 5810220126929
0.07670138 -0.012783563 -0.0074570784 5810225219532
0.07563608 -0.014914157 -0.0085223755 5810230132242
0.07350549 -0.012783563 -0.0074570784 5810235125575
0.07350549 -0.012783563 -0.0063917814 5810240039587
0.07563608 -0.01384886 -0.0063917814 5810245166670
0.07776668 -0.01384886 -0.0042611877 5810250009015
0.07776668 -0.01384886 -0.0021305939 5810255043598
0.07776668 -0.014914157 -0.0021305939 5810259964016
0.07883197 -0.01065297 -0.0063917814 5810265010109
0.08202787 -0.0063917814 -0.011718267 5810270015520
0.08735435 -0.0042611877 -0.01384886 5810274996673
0.094811425 -0.0021305939 -0.01065297 5810279864487
0.1033338 0.0 -0.0074570784 5810284894851
0.116117366 -0.0021305939 -0.0074570784 5810289852613
0.12783563 -0.0021305939 -0.0074570784 5810294869175
0.13635801 0.005326485 -0.005326485 5810299775582
0.14381509 0.018110048 -0.0021305939 5810304900842
0.14701098 0.017044751 -0.0021305939 5810309860115
0.15553336 0.012783563 0.0010652969 5810314914541
0.15766394 0.005326485 0.005326485 5810319721574
0.16192514 0.0 0.0031958907 5810324720896
0.16725162 -0.0074570784 -0.0010652969 5810329657148
0.16512102 -0.022371236 -0.0085223755 5810334674543
0.16938221 -0.033024207 -0.009587673 5810339633086
0.16618632 -0.034089502 -0.009587673 5810344636263
0.16085984 -0.02450183 -0.009587673 5810349564598
0.15233746 -0.017044751 -0.01065297 5810354594024
0.14168449 -0.022371236 -0.009587673 5810359526109
0.13103153 -0.033024207 -0.0074570784 5810364549130
0.12463974 -0.03728539 -0.005326485 5810369465589
0.117182665 -0.03835069 -0.0042611877 5810374525276
0.116117366 -0.031958908 -0.0042611877 5810379475486
0.11185618 -0.02130594 -0.0010652969 5810384456475
0.1054644 -0.014914157 0.0042611877 5810389384393
0.1022685 -0.01384886 0.0042611877 5810394413872
0.1054644 -0.017044751 0.0042611877 5810399388762
0.1054644 -0.019175345 0.0074570784 5810404504550
0.10866029 -0.018110048 0.011718267 5810409418398
0.10972559 -0.01065297 0.012783563 5810414423808
0.10652969 -0.0021305939 0.014914157 5810419374344
0.1022685 0.0021305939 0.018110048 5810424426688
0.09907261 -0.0021305939 0.018110048 5810429202366
0.094811425 -0.009587673 0.019175345 5810434241949
0.09055024 -0.0063917814 0.019175345 5810439665909
0.08628905 -0.0074570784 0.017044751 5810444187783
0.08735435 -0.0063917814 0.011718267 5810449122212
0.08735435 0.0010652969 0.0031958907 5810454157316
0.08522376 0.005326485 -0.0010652969 5810459359400
0.09055024 0.0085223755 -0.0042611877 5810464108410
0.092680834 0.0074570784 -0.0085223755 5810469274297
0.092680834 0.0021305939 -0.01065297 5810474062943
0.092680834 0.0010652969 -0.01065297 5810479196329
0.088419646 0.0 -0.009587673 5810484030756
0.08202787 -0.0010652969 -0.0074570784 5810488933309
0.08096257 0.0021305939 -0.0042611877 5810493968882
0.08415846 0.005326485 0.0 5810503936487
0.08522376 0.0042611877 -0.0021305939 5810508859718
0.09055024 0.0074570784 -0.0031958907 5810513960134
0.094811425 0.017044751 -0.0010652969 5810519139875
0.10120321 0.020240642 0.0 5810523849614
0.10866029 0.022371236 -0.0010652969 5810528863470
0.113986775 0.02130594 0.0 5810533860501
0.120378554 0.022371236 0.0010652969 5810539045137
0.120378554 0.02130594 0.0 5810543915814
0.120378554 0.022371236 0.0031958907 5810548821232
0.120378554 0.025567126 0.0063917814 5810553899773
0.116117366 0.028763017 0.009587673 5810558775816
0.11185618 0.036220096 0.014914157 5810563666597
0.10759499 0.044742472 0.017044751 5810568582484
0.1033338 0.043677174 0.017044751 5810573646911
0.09374613 0.035154797 0.019175345 5810578585662
0.089484945 0.028763017 0.019175345 5810583572381
0.08628905 0.025567126 0.015979454 5810588495976
0.08309316 0.025567126 0.012783563 5810593527121
0.09055024 0.02769772 0.011718267 5810598443317
0.09055024 0.015979454 0.012783563 5810603473008
0.08735435 0.0010652969 0.0085223755 5810608428009
0.08735435 0.0 0.005326485 5810613452175
0.08415846 -0.0042611877 0.0063917814 5810618396544
0.07776668 -0.011718267 0.0063917814 5810623451031
0.07563608 -0.012783563 0.005326485 5810628424730
0.07563608 -0.009587673 0.0074570784 5810633430140
0.07350549 -0.005326485 0.0085223755 5810638489887
0.06604841 -0.0031958907 0.011718267 5810643281651
0.060721926 -0.0085223755 0.012783563 5810648256541
0.053264845 -0.020240642 0.017044751 5810653283533
0.05113425 -0.019175345 0.015979454 5810658223899
0.054330144 -0.014914157 0.014914157 5810663237701
0.05646074 -0.0074570784 0.015979454 5810668182070
0.05646074 -0.0074570784 0.01384886 5810673248522
0.060721926 -0.018110048 0.009587673 5810678134005
0.070309594 -0.028763017 0.0063917814 5810683130620
0.07883197 -0.03089361 0.0021305939 5810688065100
0.091615535 -0.02769772 -0.0042611877 5810693088798
0.10120321 -0.023436533 -0.0074570784 5810698010987
0.10866029 -0.019175345 -0.011718267 5810702985876
0.11292148 -0.015979454 -0.01384886 5810707981300
0.11079088 -0.012783563 -0.014914157 5810713008800
0.10972559 -0.018110048 -0.01384886 5810717922390
0.10652969 -0.02450183 -0.01065297 5810722956822
0.10866029 -0.029828314 -0.0085223755 5810727883333
0.10759499 -0.033024207 -0.0085223755 5810732909114
0.10120321 -0.034089502 -0.01065297 5810737836303
0.10013791 -0.04261188 -0.01065297 5810742866771
0.094811425 -0.040481284 -0.01065297 5810747792814
0.09374613 -0.033024207 -0.014914157 5810752821720
0.091615535 -0.034089502 -0.018110048 5810757757347
0.08735435 -0.03728539 -0.017044751 5810762778857
0.08628905 -0.04261188 -0.019175345 5810767719275
0.08735435 -0.05113425 -0.023436533 5810772739066
0.092680834 -0.057526033 -0.026632423 5810777661047
0.091615535 -0.054330144 -0.02450183 5810782734484
0.08628905 -0.040481284 -0.02450183 5810787627506
0.08309316 -0.031958908 -0.020240642 5810792649849
0.07457078 -0.02769772 -0.01384886 5810797589121
0.07350549 -0.025567126 -0.0085223755 5810802635475
0.07776668 -0.023436533 -0.0042611877 5810807527768
0.08415846 -0.02130594 -0.0021305939 5810812573758
0.092680834 -0.02130594 0.0 5810817493863
0.10013791 -0.025567126 0.0 5810822518550
0.10972559 -0.026632423 0.0021305939 5810827441677
0.12570503 -0.029828314 0.0 5810832498655
0.13635801 -0.03835069 -0.0021305939 5810837398136
0.13529271 -0.04900366 -0.0010652969 5810842438552
0.14061919 -0.058591332 -0.0010652969 5810847365949
0.14594568 -0.05646074 0.0021305939 5810852498866
0.14488038 -0.050068956 0.0010652969 5810857432148
0.1395539 -0.03835069 0.005326485 5810862360012
0.13316211 -0.033024207 0.014914157 5810867271108
0.12677033 -0.040481284 0.015979454 5810872327878
0.119313255 -0.045807768 0.012783563 5810877248765
0.10972559 -0.043677174 0.011718267 5810882252879
0.1022685 -0.044742472 0.009587673 5810887183141
0.09587672 -0.04261188 0.0085223755 5810892267255
0.09587672 -0.031958908 0.0074570784 5810897144079
0.10013791 -0.02130594 0.0085223755 5810902265590
0.10120321 -0.017044751 0.0074570784 5810907087101
0.1022685 -0.01065297 0.0042611877 5810912607049
0.1033338 -0.009587673 0.0021305939 5810917056269
0.10120321 -0.0085223755 0.005326485 5810922229550
0.10120321 -0.005326485 0.009587673 5810927021315
0.10120321 0.0 0.0085223755 5810932054341
0.10120321 0.0085223755 0.009587673 5810937002417
0.10013791 0.019175345 0.01065297 5810941991323
0.09907261 0.023436533 0.01384886 5810946907626
0.10120321 0.022371236 0.014914157 5810952286896
0.1043991 0.02130594 0.019175345 5810956878564
0.11292148 0.011718267 0.022371236 5810962002366
0.122509144 0.0042611877 0.023436533 5810966828565
0.12783563 -0.009587673 0.022371236 5810972106586
0.13422741 -0.02130594 0.022371236 5810976782108
0.14061919 -0.02130594 0.026632423 5810981958983
0.14274979 -0.017044751 0.03089361 5810986837161
0.14488038 -0.0042611877 0.033024207 5810992038515
0.14168449 0.0031958907 0.035154797 5810996734714
0.14061919 0.0031958907 0.036220096 5811001726120
0.14168449 0.0063917814 0.03835069 5811011930288
0.14061919 0.0085223755 0.03728539 5811016606695
0.14274979 0.0042611877 0.033024207 5811021640862
0.1395539 0.0074570784 0.025567126 5811031617790
0.1374233 0.012783563 0.02450183 5811036526749
0.13209683 0.020240642 0.020240642 5811041586958
0.119313255 0.026632423 0.017044751 5811046486646
0.10759499 0.026632423 0.01065297 5811051560761
0.10013791 0.020240642 0.005326485 5811056426908
0.089484945 0.017044751 0.0031958907 5811061464251
0.07776668 0.014914157 -0.0031958907 5811066395607
0.06285252 0.019175345 -0.0074570784 5811071468367
0.050068956 0.02450183 -0.014914157 5811076337691
0.040481284 0.022371236 -0.020240642 5811081498680
0.033024207 0.018110048 -0.025567126 5811086308942
0.02769772 0.017044751 -0.03089361 5811091323681
0.02450183 0.02130594 -0.035154797 5811096403526
0.02769772 0.033024207 -0.03835069 5811101286234
0.02769772 0.040481284 -0.04154658 5811106223423
0.028763017 0.044742472 -0.04261188 5811111442381
0.029828314 0.045807768 -0.043677174 5811116331393
0.033024207 0.046873067 -0.044742472 5811121217122
0.03835069 0.046873067 -0.044742472 5811126261394
0.03835069 0.039415985 -0.04261188 5811131181029
0.04154658 0.02769772 -0.043677174 5811136124728
0.045807768 0.022371236 -0.040481284 5811141116186
0.04793836 0.020240642 -0.036220096 5811146043375
0.046873067 0.025567126 -0.033024207 5811151330198
0.045807768 0.028763017 -0.02769772 5811155987855
0.04154658 0.028763017 -0.02450183 5811161020876
0.03835069 0.022371236 -0.020240642 5811165954314
0.03728539 0.0063917814 -0.018110048 5811170944153
0.04154658 -0.0074570784 -0.014914157 5811175946242
0.045807768 -0.01384886 -0.0085223755 5811180938169
0.04793836 -0.012783563 -0.0063917814 5811185858796
0.045807768 -0.0063917814 -0.005326485 5811190927754
0.04261188 -0.0010652969 -0.0042611877 5811195824630
0.044742472 0.0074570784 -0.005326485 5811200850046
0.04793836 0.0021305939 -0.0042611877 5811206005829
0.057526033 -0.0010652969 0.0021305939 5811210801558
0.06178722 -0.0042611877 0.0031958907 5811215745927
0.06604841 -0.01065297 0.0021305939 5811220751337
0.06604841 -0.01384886 0.0010652969 5811225772810
0.068179004 -0.0085223755 0.0010652969 5811230888799
0.07137489 0.0010652969 0.0021305939 5811235652759
0.07244019 -0.0021305939 0.0021305939 5811240668852
0.070309594 -0.009587673 0.0021305939 5811245757239
0.07137489 -0.014914157 -0.0031958907 5811250775937
0.07137489 -0.017044751 -0.0085223755 5811255653594
0.0692443 -0.02130594 -0.009587673 5811260768646
0.06285252 -0.02450183 -0.01065297 5811265503022
0.058591332 -0.025567126 -0.01384886 5811270543751
0.059656627 -0.025567126 -0.019175345 5811275472919
0.059656627 -0.026632423 -0.02130594 5811280491773
0.063917816 -0.026632423 -0.026632423 5811285440160
0.06604841 -0.029828314 -0.02769772 5811290464951
0.067113705 -0.026632423 -0.02769772 5811295372817
0.067113705 -0.022371236 -0.023436533 5811300406462
0.070309594 -0.017044751 -0.022371236 5811305335943
0.068179004 -0.014914157 -0.020240642 5811310361880
0.06285252 -0.017044751 -0.015979454 5811315305006
0.06604841 -0.020240642 -0.011718267 5811320360110
0.063917816 -0.017044751 -0.0085223755 5811325251205
0.05539544 -0.014914157 -0.0031958907 5811330316465
0.050068956 -0.017044751 -0.0010652969 5811335195894
0.044742472 -0.015979454 0.0031958907 5811340231623
0.035154797 -0.015979454 0.0031958907 5811345186936
0.02769772 -0.02130594 0.0063917814 5811350197301
0.02450183 -0.02769772 0.0085223755 5811355105219
0.02450183 -0.026632423 0.0063917814 5811360288708
0.025567126 -0.020240642 0.0085223755 5811365101678
0.022371236 -0.02130594 0.01065297 5811370099751
0.022371236 -0.018110048 0.01384886 5811375034023
0.029828314 -0.020240642 0.014914157 5811380134752
0.036220096 -0.023436533 0.014914157 5811385688763
0.050068956 -0.022371236 0.015979454 5811390008242
0.058591332 -0.01065297 0.018110048 5811394935900
0.057526033 0.0031958907 0.019175345 5811399983295
0.05539544 0.018110048 0.019175345 5811404946316
0.060721926 0.031958908 0.022371236 5811409922880
0.067113705 0.035154797 0.023436533 5811414849652
0.07457078 0.026632423 0.020240642 5811419919339
0.07883197 0.017044751 0.023436533 5811424768453
0.08202787 0.011718267 0.025567126 5811429832413
0.07883197 0.0074570784 0.025567126 5811434759706
0.07563608 0.0031958907 0.026632423 5811439815955
0.07350549 -0.0010652969 0.028763017 5811444955957
0.067113705 -0.0042611877 0.036220096 5811449755436
0.05539544 -0.012783563 0.04154658 5811454676114
0.05219955 -0.017044751 0.03835069 5811459701062
0.043677174 -0.0021305939 0.039415985 5811464939813
0.03728539 0.022371236 0.04261188 5811469655438
0.029828314 0.034089502 0.036220096 5811474710595
0.026632423 0.04261188 0.033024207 5811479615595
0.025567126 0.043677174 0.033024207 5811484542625
0.02450183 0.033024207 0.02769772 5811489548035
0.022371236 0.02130594 0.023436533 5811494666170
0.020240642 0.0021305939 0.02130594 5811499529972
0.018110048 -0.02130594 0.018110048 5811504537265
0.020240642 -0.040481284 0.012783563 5811509532265
0.022371236 -0.044742472 0.0063917814 5811514405651
0.02450183 -0.04261188 0.0042611877 5811519489453
0.026632423 -0.03835069 0.0 5811524358514
0.029828314 -0.034089502 -0.0074570784 5811529333403
0.033024207 -0.036220096 -0.014914157 5811534314091
0.03728539 -0.040481284 -0.019175345 5811539319501
0.03835069 -0.029828314 -0.023436533 5811544278883
0.03835069 -0.01065297 -0.02769772 5811549309300
0.035154797 0.005326485 -0.02769772 5811554222634
0.031958908 0.017044751 -0.028763017 5811559257374
0.026632423 0.023436533 -0.03089361 5811564252739
0.025567126 0.026632423 -0.035154797 5811569231645
0.022371236 0.02450183 -0.033024207 5811574141803
0.023436533 0.02130594 -0.034089502 5811579192167
0.023436533 0.019175345 -0.04154658 5811584125606
0.026632423 0.015979454 -0.046873067 5811589160293
0.036220096 0.0 -0.04900366 5811594139565
0.04793836 -0.011718267 -0.050068956 5811599086128
0.058591332 -0.009587673 -0.05539544 5811604003937
0.063917816 -0.005326485 -0.05646074 5811609165347
0.06285252 -0.0021305939 -0.05539544 5811613976547
0.064983115 0.0063917814 -0.05219955 5811619113161
0.067113705 0.01384886 -0.054330144 5811623909725
0.070309594 0.017044751 -0.05539544 5811628963995
0.07244019 0.014914157 -0.054330144 5811633877330
0.070309594 0.012783563 -0.05646074 5811638972329
0.07137489 0.005326485 -0.054330144 5811640683372
0.07457078 -0.0031958907 -0.054330144 5811648865195
0.07350549 -0.012783563 -0.053264845 5811653790821
0.07457078 -0.023436533 -0.05219955 5811658824206
0.07670138 -0.033024207 -0.050068956 5811663743426
0.07457078 -0.045807768 -0.050068956 5811668796239
0.07244019 -0.05539544 -0.04900366 5811673712750
0.06178722 -0.06178722 -0.04793836 5811678746188
0.046873067 -0.070309594 -0.04900366 5811683658376
0.04261188 -0.07137489 -0.04793836 5811688702491
0.031958908 -0.0692443 -0.044742472 5811693630096
0.020240642 -0.07563608 -0.03728539 5811698650044
0.009587673 -0.089484945 -0.03089361 5811703562957
0.0074570784 -0.09587672 -0.02450183 5811708604003
0.0063917814 -0.1043991 -0.015979454 5811713541661
0.009587673 -0.10013791 -0.011718267 5811718654004
0.015979454 -0.07563608 -0.0085223755 5811723533276
0.017044751 -0.06178722 -0.0042611877 5811728632651
0.017044751 -0.06285252 -0.0010652969 5811733453433
0.020240642 -0.067113705 0.0021305939 5811738483173
0.02450183 -0.068179004 0.0074570784 5811743395309
0.026632423 -0.06285252 0.0063917814 5811748439632
0.025567126 -0.050068956 0.0042611877 5811753362342
0.023436533 -0.040481284 0.005326485 5811758425466
0.022371236 -0.036220096 0.0063917814 5811763316249
0.02769772 -0.036220096 0.0031958907 5811768361144
0.033024207 -0.035154797 -0.0042611877 5811773265417
0.036220096 -0.03728539 -0.0074570784 5811778331041
0.043677174 -0.040481284 -0.01065297 5811783222657
0.044742472 -0.04261188 -0.015979454 5811788250313
0.044742472 -0.04793836 -0.019175345 5811793184273
0.04900366 -0.050068956 -0.02130594 5811798221304
0.05539544 -0.053264845 -0.020240642 5811803138024
0.05219955 -0.08415846 -0.019175345 5811808211565
0.044742472 -0.13422741 -0.020240642 5811813104327
0.04154658 -0.16085984 -0.023436533 5811818284326
0.043677174 -0.16192514 -0.023436533 5811823056203
0.04261188 -0.14594568 -0.025567126 5811828081515
0.043677174 -0.12677033 -0.020240642 5811833118704
0.043677174 -0.12144385 -0.020240642 5811838082714
0.046873067 -0.11824796 -0.022371236 5811842958444
0.05646074 -0.11824796 -0.020240642 5811848115579
0.064983115 -0.1033338 -0.019175345 5811852914747
0.07350549 -0.08202787 -0.017044751 5811858356100
0.07989727 -0.059656627 -0.015979454 5811862978238
0.089484945 -0.043677174 -0.011718267 5811867926050
0.09907261 -0.026632423 -0.0074570784 5811872861729
0.1033338 -0.0085223755 -0.005326485 5811878209695
0.11079088 -0.0010652969 -0.005326485 5811882784438
0.119313255 -0.0021305939 -0.0031958907 5811887812927
0.12463974 0.0 -0.0010652969 5811892749803
0.12890093 0.0010652969 0.0 5811898056157
0.13209683 -0.0042611877 -0.0010652969 5811902709596
0.13422741 -0.019175345 -0.0042611877 5811907726367
0.1395539 -0.029828314 -0.0085223755 5811912662462
0.14274979 -0.036220096 -0.0085223755 5811917928607
0.14807628 -0.040481284 -0.009587673 5811922614963
0.14914156 -0.04154658 -0.009587673 5811927637098
0.15020686 -0.036220096 -0.009587673 5811932558505
0.14914156 -0.031958908 -0.0085223755 5811937749130
0.14914156 -0.02769772 -0.01065297 5811942601937
0.14488038 -0.022371236 -0.011718267 5811947755798
0.14381509 -0.02130594 -0.009587673 5811952473664
0.1395539 -0.034089502 -0.005326485 5811957739288
0.13209683 -0.044742472 -0.0085223755 5811962429550
0.12890093 -0.04793836 -0.011718267 5811967496060
0.12570503 -0.046873067 -0.012783563 5811972430697
0.119313255 -0.040481284 -0.012783563 5811977559811
0.11292148 -0.031958908 -0.01384886 5811982353771
0.10972559 -0.031958908 -0.018110048 5811987371895
0.10972559 -0.034089502 -0.020240642 5811992310334
0.1043991 -0.02450183 -0.02450183 5811997431480
0.09800732 -0.005326485 -0.02769772 5812002254189
0.09374613 0.011718267 -0.028763017 5812007293460
0.08628905 0.015979454 -0.02769772 5812012219555
0.07989727 0.0021305939 -0.018110048 5812017313825
0.07776668 -0.0063917814 -0.019175345 5812022163566
0.07563608 -0.0085223755 -0.029828314 5812027254920
0.07137489 -0.011718267 -0.03089361 5812032131744
0.07244019 -0.011718267 -0.029828314 5812037182317
0.07350549 -0.011718267 -0.031958908 5812042299089
0.07457078 -0.01065297 -0.031958908 5812047112318
0.07883197 -0.0074570784 -0.033024207 5812052034611
0.08202787 0.0031958907 -0.034089502 5812057096486
0.08415846 0.018110048 -0.034089502 5812062000289
0.08415846 0.02769772 -0.03089361 5812067022112
0.08202787 0.029828314 -0.03089361 5812071947634
0.08096257 0.029828314 -0.028763017 5812077190550
0.08096257 0.02450183 -0.02130594 5812081913729
0.08628905 0.014914157 -0.02130594 5812086931593
0.08735435 0.011718267 -0.022371236 5812091857532
0.08202787 0.0085223755 -0.019175345 5812097026177
0.07883197 0.0031958907 -0.015979454 5812101825085
0.07457078 -0.0021305939 -0.015979454 5812106848209
0.07350549 0.0031958907 -0.012783563 5812111823099
0.07137489 0.015979454 -0.011718267 5812117174773
0.068179004 0.029828314 -0.011718267 5812121856389
0.07137489 0.036220096 -0.01384886 5812126788784
0.070309594 0.036220096 -0.01384886 5812131719046
0.070309594 0.035154797 -0.014914157 5812136768889
0.0692443 0.03835069 -0.014914157 5812141905193
0.06285252 0.04261188 -0.012783563 5812146673109
0.060721926 0.039415985 -0.014914157 5812151617478
0.05539544 0.033024207 -0.015979454 5812156644985
0.05113425 0.02769772 -0.015979454 5812161560872
0.045807768 0.023436533 -0.014914157 5812166893736
0.043677174 0.012783563 -0.012783563 5812171515560
0.04261188 0.0010652969 -0.009587673 5812176538216
0.03728539 -0.0031958907 -0.01065297 5812181474207
0.031958908 -0.0074570784 -0.011718267 5812186495092
0.031958908 -0.01065297 -0.0074570784 5812191428323
0.029828314 -0.01065297 -0.0063917814 5812196459885
0.033024207 -0.011718267 -0.0063917814 5812201387230
0.03835069 -0.012783563 -0.005326485 5812206408480
0.04261188 -0.0021305939 -0.005326485 5812211329158
0.039415985 0.02130594 -0.0063917814 5812216390981
0.040481284 0.035154797 -0.0074570784 5812221299888
0.050068956 0.043677174 -0.009587673 5812226334888
0.05646074 0.045807768 -0.012783563 5812231291921
0.05646074 0.039415985 -0.018110048 5812236336087
0.054330144 0.022371236 -0.020240642 5812241210411
0.053264845 0.01065297 -0.020240642 5812246246342
0.05113425 0.0074570784 -0.015979454 5812251195516
0.050068956 0.01065297 -0.011718267 5812256195464
0.04900366 0.0074570784 -0.009587673 5812261109684
0.045807768 0.0021305939 -0.005326485 5812266147965
0.04154658 -0.0031958907 -0.0021305939 5812271092393
0.043677174 -0.0085223755 0.0 5812276153018
0.050068956 -0.015979454 0.005326485 5812281022603
0.05219955 -0.022371236 0.009587673 5812286110259
0.05646074 -0.020240642 0.01384886 5812291037656
0.06178722 -0.01384886 0.018110048 5812296011666
0.06178722 -0.01384886 0.025567126 5812300934219
0.060721926 -0.02450183 0.03089361 5812305974740
0.060721926 -0.040481284 0.035154797 5812310939272
0.060721926 -0.050068956 0.03728539 5812315925626
0.06604841 -0.05646074 0.039415985 5812320848648
0.064983115 -0.05646074 0.04154658 5812325877346
0.060721926 -0.059656627 0.044742472 5812331522139
0.059656627 -0.05646074 0.044742472 5812335874900
0.05646074 -0.053264845 0.043677174 5812340816201
0.054330144 -0.050068956 0.044742472 5812345753911
0.05219955 -0.050068956 0.044742472 5812350869378
0.05113425 -0.05219955 0.043677174 5812355787506
0.04261188 -0.05113425 0.040481284 5812360847349
0.039415985 -0.044742472 0.034089502 5812365650840
0.033024207 -0.03835069 0.03089361 5812370944538
0.02769772 -0.04154658 0.026632423 5812375605320
0.02769772 -0.05113425 0.022371236 5812380932976
0.034089502 -0.05646074 0.015979454 5812385575217
0.036220096 -0.05219955 0.011718267 5812390907769
0.03089361 -0.036220096 0.005326485 5812395515062
0.020240642 -0.019175345 0.0010652969 5812400549124
0.011718267 -0.0031958907 -0.0010652969 5812405499802
0.0021305939 0.01384886 -0.0031958907 5812410480112
-0.009587673 0.026632423 -0.0042611877 5812415632251
-0.015979454 0.028763017 -0.005326485 5812420467720
-0.02130594 0.02450183 -0.005326485 5812425392304
-0.022371236 0.020240642 -0.0074570784 5812430675637
-0.031958908 0.015979454 -0.01065297 5812435350326
-0.03728539 0.017044751 -0.011718267 5812440370847
-0.036220096 0.025567126 -0.009587673 5812445283140
-0.028763017 0.03728539 -0.005326485 5812450368660
-0.02130594 0.04261188 -0.0021305939 5812455282508
-0.01384886 0.036220096 -0.0010652969 5812460398818
-0.0063917814 0.022371236 0.0 5812465206006
-0.0021305939 0.0085223755 0.0021305939 5812470340850
-0.0010652969 0.0 0.0031958907 5812475167049
0.0031958907 -0.0074570784 0.0042611877 5812480240278
0.0042611877 -0.014914157 0.005326485 5812485121477
0.0031958907 -0.015979454 0.0074570784 5812487918247
0.0021305939 -0.01065297 0.0063917814 5812495111374
0.0063917814 -0.005326485 0.0063917814 5812500115488
0.0 0.0 0.0085223755 5812505055905
0.0010652969 -0.0074570784 0.01384886 5812515178511
0.0021305939 -0.026632423 0.019175345 5812520031167
0.005326485 -0.045807768 0.020240642 5812524960804
0.005326485 -0.059656627 0.020240642 5812530025491
0.0031958907 -0.058591332 0.02130594 5812534894867
0.0010652969 -0.053264845 0.025567126 5812539941117
0.0021305939 -0.03835069 0.022371236 5812544890546
0.0063917814 -0.02450183 0.02130594 5812549930649
0.009587673 -0.0085223755 0.022371236 5812554846692
0.014914157 0.0042611877 0.022371236 5812559963619
0.023436533 0.017044751 0.02130594 5812564780443
0.028763017 0.033024207 0.02130594 5812569805912
0.029828314 0.03835069 0.018110048 5812574733309
0.035154797 0.033024207 0.012783563 5812579767059
0.043677174 0.025567126 0.009587673 5812584688570
0.053264845 0.015979454 0.01065297 5812589713674
0.060721926 0.011718267 0.011718267 5812594635134
0.06604841 0.01384886 0.01065297 5812599667321
0.07137489 0.014914157 0.0085223755 5812604586281
0.07137489 0.01065297 0.0085223755 5812609624558
0.07137489 0.0042611877 0.009587673 5812614538406
0.07563608 0.0031958907 0.01065297 5812619543816
0.07989727 0.01065297 0.01384886 5812624507428
0.08415846 0.02130594 0.012783563 5812629543574
0.08522376 0.028763017 0.014914157 5812634463107
0.088419646 0.03089361 0.017044751 5812639494044
0.091615535 0.034089502 0.018110048 5812644416024
0.091615535 0.03835069 0.019175345 5812649492795
0.088419646 0.03728539 0.020240642 5812654372692
0.094811425 0.031958908 0.020240642 5812659412848
0.09907261 0.023436533 0.015979454 5812664325453
0.1022685 0.009587673 0.01384886 5812669358213
0.11292148 -0.009587673 0.009587673 5812674291340
0.116117366 -0.019175345 0.0074570784 5812679316704
0.116117366 -0.01384886 0.0031958907 5812684374674
0.10972559 -0.0010652969 0.0010652969 5812689271601
0.10120321 0.01384886 -0.0010652969 5812694198425
0.088419646 0.023436533 -0.0063917814 5812699329466
0.07244019 0.029828314 -0.009587673 5812704279311
0.057526033 0.046873067 -0.017044751 5812709185561
0.04793836 0.064983115 -0.023436533 5812714122229
0.03835069 0.07776668 -0.029828314 5812719152958
0.025567126 0.07989727 -0.031958908 5812724084990
0.019175345 0.07137489 -0.036220096 5812729107386
0.014914157 0.059656627 -0.043677174 5812734034002
0.01065297 0.046873067 -0.05219955 5812739049939
0.012783563 0.031958908 -0.057526033 5812743971659
0.009587673 0.019175345 -0.058591332 5812749004471
0.0085223755 0.009587673 -0.06178722 5812753932858
0.014914157 0.0010652969 -0.063917816 5812758974264
0.02130594 0.0010652969 -0.060721926 5812763929422
0.033024207 0.005326485 -0.05539544 5812768965352
0.043677174 0.0074570784 -0.050068956 5812773855516
0.04793836 0.018110048 -0.043677174 5812778877808
0.044742472 0.03089361 -0.03728539 5812783827080
0.046873067 0.034089502 -0.029828314 5812788844736
0.050068956 0.031958908 -0.022371236 5812793863747
0.05219955 0.028763017 -0.018110048 5812798800153
0.06178722 0.029828314 -0.012783563 5812804492914
0.07563608 0.028763017 -0.009587673 5812808703749
0.08522376 0.02450183 -0.005326485 5812813719269
0.10013791 0.02450183 -0.005326485 5812818645000
0.11824796 0.026632423 -0.0042611877 5812824078697
0.1374233 0.026632423 -0.0031958907 5812828606303
0.15872924 0.023436533 -0.0042611877 5812833635834
0.1747087 0.022371236 -0.0042611877 5812838567085
0.18855755 0.011718267 -0.0063917814 5812843553177
0.2056023 0.0 -0.0085223755 5812848581305
0.22158176 -0.0042611877 -0.009587673 5812853549638
0.24075711 -0.0042611877 -0.01065297 5812858473858
0.26312834 -0.0042611877 -0.01384886 5812863773701
0.2791078 -0.0074570784 -0.01065297 5812868423234
0.29402196 -0.015979454 -0.01065297 5812873464015
0.3057402 -0.028763017 -0.009587673 5812878655631
0.31745848 -0.033024207 -0.0074570784 5812883362503
0.32704616 -0.015979454 -0.0042611877 5812888339017
0.32704616 0.01065297 -0.0031958907 5812893366309
0.33663383 0.02450183 -0.0063917814 5812898420529
0.3483521 0.029828314 -0.01384886 5812903556674
0.36113566 0.04900366 -0.014914157 5812908248342
0.36433154 0.07883197 -0.018110048 5812913301102
0.35474387 0.10759499 -0.02130594 5812918206104
0.33876443 0.11824796 -0.025567126 5812923578447
0.3206544 0.119313255 -0.025567126 5812928200948
0.31106672 0.10652969 -0.02769772 5812933246104
0.29828313 0.08628905 -0.03089361 5812938229022
0.2865649 0.06604841 -0.033024207 5812943388709
0.2737813 0.044742472 -0.036220096 5812948081732
0.25567126 0.02450183 -0.040481284 5812953146679
0.23969181 0.011718267 -0.044742472 5812958059441
0.22477765 0.0074570784 -0.05113425 5812963082618
0.2077329 0.0021305939 -0.058591332 5812968011629
0.19068815 -0.0042611877 -0.06285252 5812973016629
0.16938221 -0.0074570784 -0.06604841 5812977949859
0.15340276 -0.0074570784 -0.070309594 5812982988922
0.13635801 -0.01065297 -0.07776668 5812987894704
0.11824796 -0.020240642 -0.08202787 5812992942152
0.09374613 -0.02450183 -0.08096257 5812997864445
0.060721926 -0.022371236 -0.07989727 5813003006580
0.028763017 -0.023436533 -0.07989727 5813007819915
0.0021305939 -0.026632423 -0.08096257 5813012857102
-0.026632423 -0.03835069 -0.08415846 5813017828197
-0.04793836 -0.053264845 -0.08522376 5813023031582
-0.06604841 -0.064983115 -0.08415846 5813027748198
-0.07989727 -0.06604841 -0.07883197 5813032749812
-0.12144385 -0.053264845 -0.07670138 5813042938407
-0.13103153 -0.054330144 -0.07776668 5813047985283
-0.12677033 -0.058591332 -0.07883197 5813052729241
-0.119313255 -0.057526033 -0.07989727 5813057600753
-0.11505207 -0.050068956 -0.07883197 5813062664607
-0.11505207 -0.046873067 -0.08202787 5813067555858
-0.11824796 -0.05646074 -0.08522376 5813072589556
-0.116117366 -0.07137489 -0.08522376 5813077517057
-0.117182665 -0.08309316 -0.08628905 5813082522466
-0.11824796 -0.094811425 -0.08628905 5813087460860
-0.12144385 -0.11079088 -0.08522376 5813092501120
-0.11824796 -0.12570503 -0.07989727 5813097413101
-0.09907261 -0.13103153 -0.07457078 5813102448204
-0.08415846 -0.12783563 -0.068179004 5813107381956
-0.068179004 -0.117182665 -0.058591332 5813112411070
-0.053264845 -0.1043991 -0.054330144 5813117337478
-0.035154797 -0.09587672 -0.046873067 5813122432634
-0.014914157 -0.09907261 -0.03728539 5813127278312
0.0042611877 -0.1033338 -0.026632423 5813132346280
0.017044751 -0.1033338 -0.014914157 5813137238209
0.02450183 -0.09907261 -0.005326485 5813142313417
0.025567126 -0.09800732 0.0063917814 5813147192533
0.023436533 -0.09587672 0.019175345 5813152237064
0.022371236 -0.09374613 0.026632423 5813157157586
0.019175345 -0.09587672 0.035154797 5813162192585
0.01065297 -0.094811425 0.045807768 5813167104618
0.0010652969 -0.09055024 0.05646074 5813172137482
0.0 -0.088419646 0.06604841 5813177096286
0.0010652969 -0.09055024 0.07457078 5813182101696
0.0021305939 -0.091615535 0.08309316 5813187112068
0.0010652969 -0.08735435 0.088419646 5813192061078
-0.0031958907 -0.08309316 0.09055024 5813197066489
-0.0010652969 -0.08522376 0.091615535 5813202005141
-0.0021305939 -0.08735435 0.08735435 5813206937799
-0.0063917814 -0.08415846 0.08522376 5813211965142
-0.009587673 -0.08522376 0.08415846 5813216887331
-0.015979454 -0.08735435 0.07883197 5813221929727
-0.014914157 -0.09055024 0.07457078 5813226862384
-0.01065297 -0.091615535 0.068179004 5813231873061
-0.0042611877 -0.088419646 0.060721926 5813236799052
-0.0021305939 -0.068179004 0.054330144 5813241824625
-0.0021305939 -0.043677174 0.04900366 5813246816084
-0.0031958907 -0.02450183 0.043677174 5813251790459
-0.0031958907 -0.015979454 0.040481284 5813256843794
0.0 -0.014914157 0.03835069 5813261742595
-0.0010652969 -0.012783563 0.034089502 5813267502960
-0.0074570784 -0.0074570784 0.020240642 5813276891919
-0.01384886 -0.0021305939 0.01384886 5813281613171
-0.015979454 0.0010652969 0.011718267 5813286826452
-0.019175345 0.0042611877 0.005326485 5813291618217
-0.018110048 0.0063917814 0.0010652969 5813296592493
-0.017044751 0.0074570784 -0.0031958907 5813301510569
-0.014914157 0.0063917814 -0.009587673 5813306543850
-0.012783563 0.0063917814 -0.018110048 5813311474216
-0.019175345 0.0042611877 -0.02450183 5813316501089
-0.02130594 -0.0074570784 -0.029828314 5813321423175
-0.023436533 -0.020240642 -0.033024207 5813326471195
-0.029828314 -0.029828314 -0.033024207 5813331394478
-0.036220096 -0.02769772 -0.03728539 5813336726196
-0.05219955 -0.02130594 -0.039415985 5813341335000
-0.07244019 -0.02130594 -0.03835069 5813346371041
-0.08735435 -0.020240642 -0.039415985 5813351298282
-0.10013791 -0.019175345 -0.036220096 5813356589948
-0.10972559 -0.012783563 -0.033024207 5813361264898
-0.11292148 0.0031958907 -0.028763017 5813366280314
-0.116117366 0.017044751 -0.023436533 5813371207138
-0.12677033 0.020240642 -0.017044751 5813376509274
-0.13209683 0.019175345 -0.0063917814 5813381239998
-0.12890093 0.01065297 0.0010652969 5813386245408
-0.113986775 0.0085223755 0.005326485 5813391114640
-0.09800732 0.009587673 0.01065297 5813396121252
-0.08202787 0.0042611877 0.020240642 5813401256620
-0.0692443 -0.0010652969 0.025567126 5813406103391
-0.054330144 -0.005326485 0.02769772 5813411041101
-0.040481284 -0.0063917814 0.031958908 5813416101986
-0.031958908 -0.0074570784 0.036220096 5813420994591
-0.023436533 -0.011718267 0.039415985 5813426015060
-0.022371236 -0.011718267 0.04261188 5813430937978
-0.028763017 -0.012783563 0.045807768 5813436274644
-0.033024207 -0.017044751 0.045807768 5813440896729
-0.03089361 -0.023436533 0.043677174 5813445929957
-0.02769772 -0.035154797 0.03835069 5813450867407
-0.026632423 -0.046873067 0.033024207 5813455911417
-0.025567126 -0.054330144 0.02769772 5813460823866
-0.022371236 -0.060721926 0.020240642 5813465842511
-0.025567126 -0.06178722 0.015979454 5813470763346
-0.023436533 -0.05113425 0.009587673 5813475900742
-0.023436533 -0.04261188 0.0 5813480721472
-0.025567126 -0.035154797 -0.01065297 5813485886368
-0.02769772 -0.025567126 -0.018110048 5813490800216
-0.029828314 -0.018110048 -0.02130594 5813495804702
-0.03089361 -0.015979454 -0.026632423 5813500749071
-0.031958908 -0.012783563 -0.031958908 5813505754481
-0.034089502 -0.005326485 -0.03835069 5813510607933
-0.03728539 0.0021305939 -0.04261188 5813515763714
-0.036220096 0.0085223755 -0.045807768 5813520554445
-0.035154797 0.015979454 -0.050068956 5813525576944
-0.03089361 0.025567126 -0.054330144 5813530517831
-0.026632423 0.029828314 -0.05646074 5813535579445
-0.015979454 0.033024207 -0.059656627 5813540466999
-0.005326485 0.040481284 -0.060721926 5813545498613
-0.0010652969 0.04900366 -0.057526033 5813550414396
-0.0085223755 0.067113705 -0.059656627 5813555440020
0.012783563 0.034089502 -0.06285252 5813560363563
0.060721926 -0.05539544 -0.046873067 5813565412782
0.0021305939 0.022371236 -0.03835069 5813570325752
0.063917816 -0.050068956 -0.05539544 5813575396689
0.04900366 -0.011718267 -0.036220096 5813580280909
0.08202787 -0.067113705 -0.031958908 5813585522107
0.07137489 -0.043677174 -0.025567126 5813590238827
0.12570503 -0.10759499 -0.018110048 5813595329451
0.11505207 -0.05539544 -0.020240642 5813600194557
0.1374233 -0.06178722 -0.0074570784 5813605340754
0.16405573 -0.09374613 -0.0074570784 5813610146329
0.14168449 -0.05646074 -0.01065297 5813615151739
0.14594568 -0.04900366 0.0 5813620146955
0.16192514 -0.05646074 0.0 5813625144871
0.14168449 -0.020240642 -0.0042611877 5813630062737
0.12144385 -0.012783563 0.0042611877 5813635112216
0.12570503 -0.059656627 0.009587673 5813640016228
0.10120321 -0.08202787 0.0085223755 5813645113050
0.05219955 -0.07137489 0.015979454 5813649973833
0.023436533 -0.07883197 0.02769772 5813655007009
0.0031958907 -0.10013791 0.03089361 5813659984094
-0.03835069 -0.091615535 0.023436533 5813664965500
-0.08202787 -0.07670138 0.023436533 5813669894251
-0.11292148 -0.092680834 0.020240642 5813674944876
-0.15446806 -0.10013791 0.0085223755 5813679853784
-0.21732058 -0.07989727 -0.0074570784 5813684872846
-0.26419365 -0.07776668 -0.017044751 5813689814930
-0.28123838 -0.10652969 -0.022371236 5813694843576
-0.31319728 -0.10013791 -0.036220096 5813699755817
-0.3526133 -0.059656627 -0.046873067 5813704791025
-0.36646214 -0.046873067 -0.05113425 5813709712745
-0.35474387 -0.057526033 -0.058591332 5813714755870
-0.351548 -0.040481284 -0.07457078 5813719682173
-0.33876443 -0.0063917814 -0.08628905 5813724698839
-0.29189137 -0.0031958907 -0.09374613 5813729678632
-0.23223473 -0.009587673 -0.11185618 5813734658736
-0.18216577 0.017044751 -0.13316211 5813739579258
-0.12783563 0.050068956 -0.14488038 5813744624518
-0.05646074 0.04900366 -0.15340276 5813750068426
0.0042611877 0.05219955 -0.16512102 5813754615249
0.035154797 0.07457078 -0.17151281 5813759491187
0.070309594 0.06604841 -0.16299044 5813764538270
0.11185618 0.020240642 -0.15020686 5813769513159
0.13209683 -0.0085223755 -0.14701098 5813774511501
0.13316211 -0.018110048 -0.1374233 5813779403221
0.15020686 -0.05219955 -0.12144385 5813784438377
0.17790459 -0.1022685 -0.11079088 5813789548430
0.17896989 -0.11185618 -0.1022685 5813794402232
0.1747087 -0.10120321 -0.08628905 5813799321608
0.19601464 -0.11292148 -0.064983115 5813804374160
0.22477765 -0.12677033 -0.054330144 5813809527651
0.23116943 -0.1054644 -0.044742472 5813814319890
0.23010413 -0.08628905 -0.031958908 5813819257808
0.25141007 -0.10120321 -0.019175345 5813824291506
0.27271602 -0.1033338 -0.018110048 5813829482288
0.27058542 -0.08309316 -0.014914157 5813834340934
0.2801731 -0.07776668 -0.0085223755 5813839186924
0.29615256 -0.09694202 -0.0031958907 5813844178018
0.2844343 -0.088419646 -0.0085223755 5813849267915
0.25354066 -0.05219955 -0.01065297 5813854169686
0.23436533 -0.045807768 -0.0021305939 5813859056822
0.22264706 -0.06604841 -0.0021305939 5813864031711
0.18749227 -0.06178722 -0.0063917814 5813869030311
0.14381509 -0.05113425 -0.0021305939 5813874155156
0.12463974 -0.0692443 0.0042611877 5813878969324
0.1054644 -0.09055024 0.0010652969 5813884116043
0.067113705 -0.07989727 -0.0074570784 5813889053075
0.046873067 -0.07137489 -0.009587673 5813894099325
0.057526033 -0.08415846 -0.009587673 5813899064899
0.04154658 -0.034089502 -0.023436533 5813903917705
0.059656627 -0.029828314 -0.009587673 5813908862074
0.0074570784 0.06285252 -0.026632423 5813913917035
0.07244019 -0.023436533 -0.026632423 5813918796099
0.05219955 0.01065297 -0.01065297 5813923822713
0.022371236 0.06604841 -0.020240642 5813928759485
0.064983115 0.018110048 -0.023436533 5813933999277
0.07989727 -0.020240642 -0.0063917814 5813938715164
0.0692443 -0.01384886 0.0085223755 5813943733809
0.067113705 0.0010652969 0.005326485 5813948708699
0.08096257 0.0010652969 0.005326485 5813953690737
0.1054644 -0.0063917814 0.012783563 5813958612145
0.1395539 -0.0063917814 0.02130594 5813963644488
0.17683929 0.022371236 0.022371236 5813968567771
0.22051647 0.070309594 0.015979454 5813973613968
0.26845482 0.1054644 0.014914157 5813978524178
0.3206544 0.113986775 0.012783563 5813983588240
0.36752746 0.11505207 0.0085223755 5813988515950
0.4154658 0.120378554 0.0 5813993490839
0.46020827 0.122509144 -0.0074570784 5813998451680
0.4932325 0.12677033 -0.01384886 5814003471002
0.5145384 0.13422741 -0.014914157 5814008655014
0.5305179 0.14274979 -0.019175345 5814013471941
0.5401055 0.13635801 -0.019175345 5814018361265
0.5443667 0.11079088 -0.018110048 5814023383296
0.54330146 0.07670138 -0.017044751 5814028300277
0.5443667 0.06178722 -0.018110048 5814033305687
0.5443667 0.053264845 -0.014914157 5814038272153
0.54649734 0.044742472 -0.011718267 5814043291631
0.5401055 0.033024207 -0.01065297 5814048230174
0.52519137 0.026632423 -0.0042611877 5814053357667
0.5102772 0.025567126 -0.0010652969 5814058174030
0.49855897 0.029828314 0.0010652969 5814063232779
0.4889713 0.03089361 0.005326485 5814068242937
0.47831833 0.028763017 0.009587673 5814073172155
0.4548818 0.023436533 0.017044751 5814078095594
0.42718408 0.014914157 0.029828314 5814083146271
0.39629045 0.005326485 0.040481284 5814088043824
0.3494174 -0.0063917814 0.05219955 5814093078563
0.29615256 -0.012783563 0.0692443 5814098062263
0.24608359 -0.009587673 0.08735435 5814103076221
0.19921052 -0.0031958907 0.10972559 5814108055962
0.14914156 0.0031958907 0.13103153 5814112988409
0.09800732 0.012783563 0.15233746 5814117916171
0.05646074 0.02450183 0.1725781 5814122944296
0.01384886 0.044742472 0.19068815 5814127880755
-0.028763017 0.064983115 0.20027582 5814132919140
-0.05539544 0.07883197 0.2056023 5814137822683
-0.07244019 0.07776668 0.2109288 5814142917996
-0.088419646 0.07989727 0.21625528 5814147803674
-0.11292148 0.10972559 0.22264706 5814152935965
-0.14061919 0.15979454 0.22264706 5814157778675
-0.10652969 0.12144385 0.21732058 5814162769664
-0.07350549 0.088419646 0.23436533 5814167694093
-0.13529271 0.19707993 0.22158176 5814172723832
-0.044742472 0.07776668 0.21518998 5814177645292
-0.091615535 0.16618632 0.2087982 5814182700656
-0.031958908 0.07776668 0.2087982 5814187615865
-0.053264845 0.13422741 0.18962285 5814192640969
-0.015979454 0.094811425 0.19175345 5814197608366
-0.0010652969 0.10120321 0.16831692 5814202630970
-0.0021305939 0.14914156 0.15659864 5814207527326
0.039415985 0.12144385 0.15127216 5814212578523
0.054330144 0.113986775 0.13529271 5814217478368
0.10013791 0.08735435 0.12783563 5814227425921
0.1395539 0.07670138 0.113986775 5814232468942
0.14701098 0.10652969 0.1033338 5814237383475
0.16938221 0.10120321 0.1022685 5814244631235
0.2119941 0.0692443 0.09800732 5814247515871
0.23330003 0.07670138 0.091615535 5814252338156
0.2418224 0.1033338 0.092680834 5814257308268
0.27058542 0.092680834 0.10120321 5814262535299
0.29828313 0.07244019 0.10120321 5814267526915
0.29402196 0.08735435 0.10120321 5814272285144
0.28763017 0.09587672 0.11185618 5814277295458
0.30360964 0.07883197 0.12463974 5814282470822
0.3142626 0.08522376 0.12890093 5814287323629
0.3100014 0.116117366 0.13635801 5814292198115
0.3163932 0.122509144 0.15127216 5814297121814
0.34302562 0.1022685 0.15872924 5814302239051
0.35580918 0.1054644 0.15979454 5814307076398
0.3472868 0.12570503 0.15979454 5814312107856
0.35580918 0.116117366 0.16512102 5814317064316
0.37178862 0.094811425 0.16512102 5814322082545
0.36433154 0.1022685 0.16085984 5814327057435
0.35367858 0.122509144 0.16618632 5814332038691
0.36326626 0.10866029 0.1736434 5814336945672
0.37604982 0.08735435 0.17044751 5814342029786
0.36859274 0.094811425 0.16405573 5814346899996
0.36007038 0.091615535 0.16618632 5814351973225
0.37391922 0.057526033 0.16405573 5814356902184
0.37285393 0.043677174 0.15553336 5814361923590
0.351548 0.05113425 0.15659864 5814371924998
0.35687447 0.018110048 0.15446806 5814376766926
0.3398297 0.01384886 0.14381509 5814382030676
0.31319728 0.029828314 0.1374233 5814387075937
0.3100014 0.018110048 0.13103153 5814391758854
0.3078708 -0.0010652969 0.12144385 5814396692865
0.2791078 0.017044751 0.10759499 5814401711143
0.24501829 0.036220096 0.09907261 5814406639846
0.23649593 0.019175345 0.092680834 5814411693752
0.22477765 0.009587673 0.07989727 5814416595940
0.19814523 0.03089361 0.064983115 5814421577759
0.17790459 0.03835069 0.058591332 5814426543077
0.17790459 0.014914157 0.04900366 5814431612087
0.16512102 0.014914157 0.031958908 5814436505994
0.1384886 0.045807768 0.017044751 5814441544536
0.12890093 0.04900366 0.011718267 5814446465214
0.13635801 0.029828314 0.0 5814451513755
0.11505207 0.035154797 -0.018110048 5814456416673
0.08522376 0.04793836 -0.02450183 5814461474746
0.08309316 0.02130594 -0.023436533 5814466378549
0.08096257 -0.0042611877 -0.029828314 5814471408810
0.05646074 0.01065297 -0.03728539 5814476321571
0.03835069 0.017044751 -0.033024207 5814481371154
0.044742472 -0.012783563 -0.026632423 5814486360218
0.040481284 -0.03089361 -0.02450183 5814491354333
0.012783563 -0.01384886 -0.023436533 5814496233240
0.0031958907 -0.01384886 -0.015979454 5814501276573
0.017044751 -0.046873067 -0.014914157 5814506192928
-0.033024207 0.01384886 -0.023436533 5814511256314
0.02450183 -0.08415846 -0.01384886 5814516233242
-0.046873067 -0.0085223755 -0.009587673 5814521333237
-0.046873067 -0.025567126 -0.02130594 5814526123243
-0.009587673 -0.09587672 -0.0074570784 5814531140222
-0.058591332 -0.034089502 0.0010652969 5814536268556
-0.08202787 0.005326485 -0.011718267 5814541151883
-0.050068956 -0.04261188 -0.019175345 5814546064391
-0.035154797 -0.08096257 -0.01065297 5814551065432
-0.03835069 -0.07137489 -0.0042611877 5814555972048
-0.03728539 -0.025567126 -0.01065297 5814561011162
-0.039415985 0.029828314 -0.017044751 5814565938664
-0.035154797 0.058591332 -0.020240642 5814570962205
-0.022371236 0.04793836 -0.022371236 5814575928456
-0.0074570784 0.029828314 -0.025567126 5814580919029
0.005326485 0.026632423 -0.029828314 5814585854134
0.015979454 0.036220096 -0.034089502 5814590877207
0.029828314 0.04900366 -0.039415985 5814595832521
0.053264845 0.058591332 -0.043677174 5814600828979
0.07670138 0.05219955 -0.05113425 5814605765542
0.09694202 0.03728539 -0.057526033 5814610793303
0.119313255 0.02769772 -0.064983115 5814615950231
0.14274979 0.026632423 -0.0692443 5814620742314
0.16299044 0.028763017 -0.07350549 5814625678149
0.17896989 0.035154797 -0.07989727 5814630783982
0.19601464 0.03728539 -0.08309316 5814635743670
0.21305938 0.035154797 -0.08309316 5814640823827
0.22690825 0.023436533 -0.07883197 5814645589349
0.23223473 0.014914157 -0.07457078 5814650638202
0.23330003 0.022371236 -0.068179004 5814655572422
0.23649593 0.029828314 -0.06178722 5814660566328
0.23862651 0.02450183 -0.05113425 5814665503986
0.23436533 0.014914157 -0.03835069 5814670521277
0.22264706 0.005326485 -0.023436533 5814675775392
0.20347172 -0.0085223755 -0.012783563 5814680474716
0.18536167 -0.026632423 -0.0031958907 5814685400030
0.14914156 -0.044742472 0.018110048 5814695671854
0.13103153 -0.046873067 0.02130594 5814700400655
0.113986775 -0.03835069 0.019175345 5814705316490
0.091615535 -0.023436533 0.02130594 5814710371229
0.07670138 -0.019175345 0.019175345 5814715479824
0.06604841 -0.014914157 0.011718267 5814720329668
0.059656627 -0.0063917814 0.005326485 5814725229252
0.054330144 -0.0021305939 0.0 5814730263731
0.053264845 -0.009587673 -0.009587673 5814735280085
0.05539544 -0.02769772 -0.019175345 5814740218420
0.05539544 -0.046873067 -0.028763017 5814745171546
0.05539544 -0.05539544 -0.040481284 5814750280036
0.050068956 -0.050068956 -0.05646074 5814755085035
0.045807768 -0.045807768 -0.067113705 5814760251182
0.039415985 -0.053264845 -0.07350549 5814765156392
0.035154797 -0.07563608 -0.07670138 5814770235923
0.034089502 -0.09800732 -0.08522376 5814775345039
0.036220096 -0.11079088 -0.09694202 5814780040715
0.070309594 -0.09694202 -0.11505207 5814785099414
0.09055024 -0.064983115 -0.120378554 5814795195770
0.10972559 -0.022371236 -0.12144385 5814799952123
0.11824796 0.018110048 -0.12144385 5814805036187
0.12677033 0.034089502 -0.12144385 5814809905249
0.1395539 0.036220096 -0.11505207 5814814845511
0.15553336 0.036220096 -0.10759499 5814819861553
0.16938221 0.03835069 -0.09907261 5814824823168
0.18216577 0.044742472 -0.09055024 5814829830512
0.19814523 0.050068956 -0.08096257 5814832542336
0.2098635 0.046873067 -0.0692443 5814839809107
0.21945117 0.044742472 -0.058591332 5814844701712
0.22903883 0.045807768 -0.04900366 5814849842181
0.23649593 0.04900366 -0.039415985 5814854652648
0.243953 0.05646074 -0.029828314 5814859749620
0.24608359 0.06604841 -0.02130594 5814864602427
0.24927948 0.07457078 -0.017044751 5814869652599
0.24927948 0.08309316 -0.011718267 5814874760882
0.24927948 0.07989727 -0.0074570784 5814879596402
0.24821419 0.07457078 -0.0042611877 5814884565622
0.24501829 0.07137489 -0.0042611877 5814889590830
0.23969181 0.07350549 -0.0031958907 5814894480675
0.22477765 0.07350549 -0.0010652969 5814904432343
0.21625528 0.070309594 -0.0031958907 5814909473436
0.2087982 0.057526033 -0.005326485 5814914389584
0.19707993 0.046873067 -0.0063917814 5814919590625
0.18323107 0.039415985 -0.005326485 5814924382390
0.16831692 0.03089361 -0.005326485 5814929379011
0.14914156 0.019175345 -0.0074570784 5814934351044
0.13316211 0.0042611877 -0.0085223755 5814939348231
0.119313255 -0.009587673 -0.0085223755 5814944258076
0.1054644 -0.02769772 -0.0085223755 5814949300420
0.09055024 -0.045807768 -0.01065297 5814954244789
0.07563608 -0.06604841 -0.011718267 5814959250629
0.058591332 -0.089484945 -0.011718267 5814964184120
0.040481284 -0.11505207 -0.012783563 5814969247036
0.025567126 -0.13529271 -0.019175345 5814974134746
0.012783563 -0.14274979 -0.025567126 5814979161568
0.0074570784 -0.14701098 -0.034089502 5814984116830
-0.0021305939 -0.14914156 -0.039415985 5814989147976
-0.0085223755 -0.14807628 -0.04900366 5814994051050
-0.012783563 -0.14488038 -0.059656627 5814999072820
-0.014914157 -0.14061919 -0.067113705 5815004118551
-0.017044751 -0.14274979 -0.07137489 5815009032769
-0.02130594 -0.14274979 -0.08096257 5815013952146
-0.02769772 -0.14381509 -0.08415846 5815019003499
-0.03728539 -0.1384886 -0.09055024 5815023930845
-0.053264845 -0.119313255 -0.09055024 5815029030480
-0.064983115 -0.08628905 -0.09055024 5815033867408
-0.07137489 -0.059656627 -0.08628905 5815038928137
-0.07350549 -0.040481284 -0.08309316 5815043832461
-0.070309594 -0.034089502 -0.07670138 5815048874284
-0.06604841 -0.029828314 -0.07350549 5815053789806
-0.06178722 -0.023436533 -0.0692443 5815058813399
-0.060721926 -0.026632423 -0.057526033 5815063729182
-0.059656627 -0.029828314 -0.04793836 5815068808765
-0.06604841 -0.023436533 -0.034089502 5815078912880
-0.0692443 -0.020240642 -0.028763017 5815083651944
-0.068179004 -0.018110048 -0.022371236 5815088726111
-0.07137489 -0.022371236 -0.020240642 5815093603612
-0.07670138 -0.033024207 -0.017044751 5815098644080
-0.08309316 -0.04154658 -0.012783563 5815103702780
-0.089484945 -0.028763017 -0.0074570784 5815108736686
-0.088419646 -0.0031958907 -0.0021305939 5815113523353
-0.08309316 0.018110048 0.0031958907 5815118612780
-0.07776668 0.025567126 0.005326485 5815123481792
-0.067113705 0.023436533 0.01065297 5815129191323
-0.057526033 0.015979454 0.019175345 5815133425803
-0.03835069 0.014914157 0.03089361 5815143375909
-0.029828314 0.026632423 0.036220096 5815148520021
-0.02450183 0.039415985 0.040481284 5815153371066
-0.020240642 0.043677174 0.043677174 5815158369972
-0.015979454 0.045807768 0.04793836 5815163314341
-0.011718267 0.04793836 0.04793836 5815168319751
-0.0085223755 0.04900366 0.04793836 5815173253151
0.0042611877 0.05113425 0.044742472 5815178280911
0.009587673 0.05113425 0.044742472 5815183216017
0.017044751 0.054330144 0.044742472 5815188282577
0.028763017 0.05646074 0.044742472 5815193158570
0.040481284 0.05646074 0.04261188 5815198192997
0.050068956 0.05539544 0.03728539 5815203131175
0.053264845 0.04793836 0.035154797 5815208347112
0.05539544 0.039415985 0.034089502 5815213072686
0.054330144 0.02769772 0.034089502 5815218224978
0.057526033 0.022371236 0.031958908 5815223040239
0.063917816 0.026632423 0.025567126 5815228314979
0.067113705 0.034089502 0.019175345 5815232989042
0.064983115 0.031958908 0.011718267 5815238022896
0.063917816 0.028763017 0.0063917814 5815243108575
0.06178722 0.03089361 -0.0010652969 5815248110085
0.059656627 0.039415985 -0.0063917814 5815252900972
0.059656627 0.05113425 -0.011718267 5815257949930
0.059656627 0.063917816 -0.01384886 5815262866285
0.059656627 0.067113705 -0.015979454 5815267934563
0.05646074 0.07350549 -0.017044751 5815272818682
0.050068956 0.07670138 -0.017044751 5815277856963
0.045807768 0.07563608 -0.017044751 5815282785922
0.04261188 0.068179004 -0.01384886 5815287790033
0.039415985 0.05539544 -0.011718267 5815292719830
0.031958908 0.044742472 -0.01065297 5815297765402
0.028763017 0.03728539 -0.0063917814 5815302682174
0.023436533 0.034089502 0.0 5815307770299
0.014914157 0.022371236 0.0042611877 5815312637800
0.0063917814 0.009587673 0.005326485 5815317774363
0.0031958907 0.0 0.0063917814 5815322592645
0.0010652969 0.0021305939 0.0063917814 5815327602954
0.0021305939 0.009587673 0.01065297 5815332643740
0.0 0.02450183 0.015979454 5815337683583
-0.005326485 0.035154797 0.017044751 5815342520668
-0.0042611877 0.03835069 0.020240642 5815347853116
0.0 0.034089502 0.02450183 5815352560200
0.0074570784 0.026632423 0.02450183 5815357506554
0.01065297 0.015979454 0.025567126 5815362413326
0.0085223755 0.0074570784 0.02450183 5815367421030
0.012783563 -0.0042611877 0.026632423 5815372375046
0.01065297 -0.020240642 0.025567126 5815377409473
0.01065297 -0.025567126 0.025567126 5815382332339
0.012783563 -0.022371236 0.023436533 5815387436192
0.014914157 -0.014914157 0.02130594 5815392283642
0.017044751 -0.009587673 0.020240642 5815397322704
0.018110048 0.0 0.019175345 5815402242393
0.017044751 0.009587673 0.017044751 5815407289267
0.014914157 0.015979454 0.011718267 5815412195623
0.017044751 0.019175345 0.01065297 5815417240102
0.02130594 0.01065297 0.0085223755 5815422153593
0.03089361 -0.0031958907 0.0031958907 5815427320259
0.03835069 -0.020240642 0.0010652969 5815432107344
0.044742472 -0.03089361 0.0021305939 5815437140416
0.053264845 -0.035154797 0.0031958907 5815442070417
0.057526033 -0.034089502 0.0010652969 5815447149740
0.058591332 -0.022371236 0.0042611877 5815452023283
0.064983115 -0.0085223755 0.0021305939 5815457095783
0.06604841 -0.0031958907 0.0021305939 5815462070888
0.068179004 -0.005326485 0.0021305939 5815467155575
0.0692443 -0.009587673 0.0031958907 5815472003702
0.06285252 -0.009587673 0.0063917814 5815477064066
0.060721926 -0.011718267 0.0074570784 5815481889224
0.05539544 -0.012783563 0.0085223755 5815486936098
0.05646074 -0.022371236 0.009587673 5815491858808
0.045807768 -0.036220096 0.0085223755 5815496921672
0.040481284 -0.045807768 0.0063917814 5815501825684
0.035154797 -0.04900366 0.005326485 5815506832871
0.028763017 -0.04900366 0.0085223755 5815511762716
0.018110048 -0.050068956 0.011718267 5815516803549
0.005326485 -0.04154658 0.009587673 5815521720790
-0.0074570784 -0.033024207 0.009587673 5815531712874
-0.018110048 -0.039415985 0.01065297 5815537014020
-0.026632423 -0.04793836 0.012783563 5815541639334
-0.033024207 -0.05113425 0.015979454 5815546656312
-0.03728539 -0.05219955 0.01384886 5815551593918
-0.040481284 -0.05539544 0.01065297 5815556803084
-0.04900366 -0.054330144 0.01384886 5815561537825
-0.046873067 -0.04900366 0.01384886 5815566578398
-0.043677174 -0.04261188 0.012783563 5815571585222
-0.04154658 -0.033024207 0.012783563 5815576748034
-0.036220096 -0.020240642 0.01384886 5815581484546
-0.033024207 0.0 0.017044751 5815586521889
-0.026632423 0.018110048 0.020240642 5815591420797
-0.018110048 0.02450183 0.020240642 5815596436370
-0.0063917814 0.02450183 0.019175345 5815601618713
0.0021305939 0.023436533 0.022371236 5815606404652
0.0085223755 0.014914157 0.023436533 5815611320226
0.015979454 -0.0010652969 0.025567126 5815616348455
0.02130594 -0.01384886 0.033024207 5815621527831
0.025567126 -0.018110048 0.039415985 5815626507623
0.026632423 -0.017044751 0.040481284 5815631245957
0.02769772 -0.01384886 0.04154658 5815636261634
0.031958908 -0.01065297 0.03728539 5815646260333
0.033024207 0.0 0.034089502 5815651143251
0.034089502 0.0074570784 0.03089361 5815656177938
0.033024207 0.01065297 0.02769772 5815661105594
0.03089361 0.01384886 0.022371236 5815666164658
0.031958908 0.01384886 0.02450183 5815671055857
0.03835069 0.017044751 0.028763017 5815676206013
0.04154658 0.020240642 0.03089361 5815681196429
0.046873067 0.020240642 0.035154797 5815686059035
0.044742472 0.012783563 0.044742472 5815691109401
0.03728539 0.015979454 0.05219955 5815696000077
0.033024207 0.019175345 0.054330144 5815701100860
0.025567126 0.017044751 0.059656627 5815710992892
0.015979454 0.025567126 0.06285252 5815715944611
0.0 0.040481284 0.06285252 5815721007372
-0.009587673 0.054330144 0.05646074 5815725884247
-0.017044751 0.07457078 0.05219955 5815730788936
-0.023436533 0.07776668 0.050068956 5815735824977
-0.026632423 0.068179004 0.043677174 5815740799866
-0.03089361 0.05219955 0.03728539 5815745779614
-0.035154797 0.031958908 0.035154797 5815750716854
-0.044742472 0.01384886 0.033024207 5815755753677
-0.05646074 0.0021305939 0.026632423 5815760713053
-0.06604841 -0.0031958907 0.017044751 5815765702584
-0.07457078 -0.0063917814 0.01384886 5815770629565
-0.08522376 -0.0074570784 0.01065297 5815775647637
-0.09694202 -0.0042611877 0.0085223755 5815780611285
-0.10759499 0.0042611877 0.0010652969 5815785811805
-0.119313255 0.009587673 -0.0031958907 5815790552067
-0.122509144 0.011718267 -0.0085223755 5815795812900
-0.12677033 0.012783563 -0.011718267 5815800542484
-0.13103153 0.01384886 -0.01384886 5815805661807
-0.13103153 0.011718267 -0.018110048 5815810451131
-0.12996623 0.0063917814 -0.020240642 5815815490662
-0.12144385 0.0074570784 -0.023436533 5815820519726
-0.11079088 0.01384886 -0.03089361 5815825459101
-0.09907261 0.028763017 -0.03835069 5815830523164
-0.09055024 0.035154797 -0.044742472 5815835521654
-0.08628905 0.036220096 -0.05113425 5815840351603
-0.08202787 0.04261188 -0.05539544 5815845347748
-0.07670138 0.04793836 -0.059656627 5815850294364
-0.0692443 0.05113425 -0.063917816 5815855346760
-0.06604841 0.044742472 -0.068179004 5815860226809
-0.064983115 0.033024207 -0.07350549 5815865267230
-0.058591332 0.03089361 -0.07670138 5815870201085
-0.04900366 0.044742472 -0.07989727 5815875222960
-0.039415985 0.063917816 -0.08415846 5815880199367
-0.02769772 0.08096257 -0.08628905 5815885210044
-0.011718267 0.092680834 -0.091615535 5815890104889
0.0021305939 0.1022685 -0.09374613 5815895136816
0.009587673 0.10013791 -0.09694202 5815900075932
0.014914157 0.08309316 -0.09907261 5815905085515
0.025567126 0.07137489 -0.09800732 5815910100204
0.035154797 0.0692443 -0.10013791 5815915184474
0.04261188 0.07350549 -0.1022685 5815919976767
0.053264845 0.07670138 -0.09907261 5815925001298
0.05539544 0.07989727 -0.092680834 5815929954216
0.060721926 0.08522376 -0.08628905 5815935008434
0.06604841 0.09374613 -0.07989727 5815939989113
0.067113705 0.10120321 -0.07244019 5815944916977
0.0692443 0.09907261 -0.067113705 5815949837708
0.07137489 0.08522376 -0.067113705 5815954859999
0.07457078 0.07244019 -0.063917816 5815959815209
0.07563608 0.0692443 -0.058591332 5815964830573
0.07457078 0.07670138 -0.05539544 5815969742918
0.067113705 0.07883197 -0.04900366 5815974820886
0.05539544 0.07350549 -0.044742472 5815979718909
0.045807768 0.058591332 -0.040481284 5815984725835
0.03835069 0.046873067 -0.03728539 5815989662243
0.023436533 0.036220096 -0.039415985 5815994684690
0.0063917814 0.025567126 -0.043677174 5815999617140
0.0010652969 0.018110048 -0.045807768 5816004672400
-0.009587673 0.01065297 -0.044742472 5816009562401
-0.018110048 0.0085223755 -0.045807768 5816014613651
-0.025567126 0.014914157 -0.04261188 5816019636152
-0.02450183 0.02450183 -0.04154658 5816024554329
-0.029828314 0.03089361 -0.040481284 5816029498698
-0.034089502 0.03089361 -0.039415985 5816034725111
-0.036220096 0.015979454 -0.040481284 5816039621362
-0.035154797 0.0021305939 -0.039415985 5816044520841
-0.039415985 -0.0085223755 -0.039415985 5816049386468
-0.040481284 -0.018110048 -0.036220096 5816054479592
-0.043677174 -0.014914157 -0.03089361 5816059345687
-0.046873067 -0.01065297 -0.029828314 5816064376260
-0.05113425 -0.0063917814 -0.026632423 5816069312876
-0.04900366 0.0010652969 -0.020240642 5816074792042
-0.050068956 0.0085223755 -0.014914157 5816079259543
-0.05539544 0.015979454 -0.011718267 5816084288814
-0.05539544 0.025567126 -0.015979454 5816089230274
-0.05219955 0.03835069 -0.015979454 5816094257199
-0.05219955 0.046873067 -0.020240642 5816099171047
-0.044742472 0.043677174 -0.025567126 5816104176457
-0.04154658 0.031958908 -0.026632423 5816109133296
-0.036220096 0.022371236 -0.025567126 5816114344859
-0.03089361 0.014914157 -0.026632423 5816119092152
-0.02450183 0.0085223755 -0.025567126 5816124172881
-0.02130594 0.0031958907 -0.02769772 5816129062673
-0.023436533 0.0 -0.02450183 5816134310798
-0.025567126 0.005326485 -0.02130594 5816139005591
-0.02769772 0.017044751 -0.014914157 5816144054914
-0.028763017 0.035154797 -0.011718267 5816148962311
-0.03089361 0.046873067 -0.015979454 5816154179550
-0.035154797 0.050068956 -0.019175345 5816158910020
-0.034089502 0.05539544 -0.020240642 5816163941166
-0.035154797 0.060721926 -0.026632423 5816168861636
-0.034089502 0.070309594 -0.031958908 5816173877883
-0.031958908 0.07350549 -0.039415985 5816178819241
-0.028763017 0.07350549 -0.045807768 5816183861845
-0.026632423 0.070309594 -0.04793836 5816188774190
-0.025567126 0.067113705 -0.050068956 5816193867572
-0.02450183 0.063917816 -0.05539544 5816198740441
-0.02450183 0.059656627 -0.057526033 5816203773618
-0.022371236 0.04793836 -0.057526033 5816208697838
-0.018110048 0.031958908 -0.054330144 5816213736848
-0.014914157 0.02130594 -0.053264845 5816218640495
-0.012783563 0.020240642 -0.04900366 5816223705130
-0.01384886 0.02769772 -0.043677174 5816228601954
-0.014914157 0.033024207 -0.040481284 5816231194141
-0.01065297 0.026632423 -0.026632423 5816248554612
-0.012783563 0.029828314 -0.02130594 5816253985237
-0.014914157 0.043677174 -0.018110048 5816263654092
-0.019175345 0.046873067 -0.017044751 5816268423521
-0.02130594 0.04261188 -0.017044751 5816273749666
-0.023436533 0.036220096 -0.02130594 5816278392376
-0.022371236 0.026632423 -0.025567126 5816283422167
-0.019175345 0.015979454 -0.02769772 5816288356231
-0.02130594 0.012783563 -0.026632423 5816293339508
-0.02450183 0.012783563 -0.02769772 5816298289826
-0.02769772 0.014914157 -0.02769772 5816303326180
-0.034089502 0.02130594 -0.02130594 5816308561962
-0.035154797 0.028763017 -0.019175345 5816313278628
-0.040481284 0.03089361 -0.014914157 5816318203317
-0.040481284 0.028763017 -0.014914157 5816323248786
-0.043677174 0.025567126 -0.01384886 5816328163579
-0.044742472 0.02130594 -0.011718267 5816333191495
-0.05113425 0.023436533 -0.01065297 5816338117278
-0.05219955 0.02130594 -0.0085223755 5816343171236
-0.05219955 0.012783563 -0.0063917814 5816348072956
-0.04900366 -0.0042611877 -0.0063917814 5816353107382
-0.04154658 -0.020240642 -0.005326485 5816358030092
-0.036220096 -0.03089361 -0.0031958907 5816363035502
-0.036220096 -0.03089361 0.0 5816368010392
-0.031958908 -0.019175345 0.005326485 5816373031759
-0.033024207 -0.0010652969 0.0074570784 5816378030511
-0.026632423 0.019175345 0.011718267 5816383003844
-0.026632423 0.036220096 0.0085223755 5816388052074
-0.02769772 0.044742472 0.0074570784 5816392943220
-0.025567126 0.04900366 0.011718267 5816398013638
-0.023436533 0.04793836 0.012783563 5816403170825
-0.018110048 0.05113425 0.01065297 5816407808378
-0.011718267 0.06178722 0.009587673 5816412882545
-0.01065297 0.068179004 0.009587673 5816417768744
-0.014914157 0.057526033 0.01065297 5816422810775
-0.02130594 0.033024207 0.0085223755 5816427717547
-0.026632423 0.0031958907 0.0031958907 5816432750359
-0.025567126 -0.025567126 0.0 5816437681610
-0.023436533 -0.05539544 -0.0042611877 5816442709423
-0.019175345 -0.07670138 -0.0063917814 5816447623070
-0.01065297 -0.07670138 -0.0042611877 5816452662028
-0.0063917814 -0.063917816 -0.0010652969 5816457583227
-0.0063917814 -0.04900366 -0.0010652969 5816462616768
-0.011718267 -0.034089502 -0.0021305939 5816467767395
-0.01065297 -0.02769772 -0.0031958907 5816472742284
-0.005326485 -0.029828314 -0.0042611877 5816477717174
0.0010652969 -0.03089361 -0.005326485 5816482526874
0.0063917814 -0.02450183 -0.0031958907 5816487554897
0.012783563 -0.017044751 -0.0010652969 5816492519167
0.011718267 -0.01065297 -0.0021305939 5816497626668
0.01065297 -0.01384886 0.0021305939 5816502451512
0.0074570784 -0.023436533 0.005326485 5816507386201
0.0010652969 -0.03089361 0.0085223755 5816512407763
-0.0010652969 -0.031958908 0.0085223755 5816517324379
-0.009587673 -0.02769772 0.0042611877 5816522356358
-0.017044751 -0.02450183 0.0021305939 5816527316723
-0.025567126 -0.025567126 0.0021305939 5816532347192
-0.034089502 -0.025567126 0.0 5816537250110
-0.036220096 -0.022371236 -0.005326485 5816542267453
-0.03728539 -0.019175345 -0.0085223755 5816547624017
-0.035154797 -0.012783563 -0.009587673 5816552224433
-0.029828314 -0.0063917814 -0.01384886 5816557155841
-0.025567126 -0.0010652969 -0.017044751 5816562186309
-0.019175345 0.0074570784 -0.02130594 5816567307457
-0.0063917814 0.015979454 -0.02450183 5816572134331
0.0 0.02130594 -0.02130594 5816577181624
0.0074570784 0.02769772 -0.019175345 5816582235009
0.0085223755 0.034089502 -0.017044751 5816587342459
0.009587673 0.028763017 -0.01384886 5816592050740
0.0010652969 0.017044751 -0.0074570784 5816597026574
0.0 0.0031958907 -0.0010652969 5816602001105
0.0010652969 -0.0085223755 0.0010652969 5816607172929
-0.0031958907 -0.012783563 0.0063917814 5816611960169
-0.0042611877 -0.005326485 0.01065297 5816616880170
-0.0010652969 0.0031958907 0.012783563 5816621917670
0.0031958907 0.01065297 0.014914157 5816627080171
0.0074570784 0.012783563 0.018110048 5816631920744
0.01384886 0.012783563 0.02130594 5816636798609
0.020240642 0.020240642 0.022371236 5816641878088
0.019175345 0.03089361 0.022371236 5816646824131
0.02130594 0.035154797 0.020240642 5816651780329
0.023436533 0.03089361 0.02130594 5816656736580
0.025567126 0.025567126 0.019175345 5816661744601
0.028763017 0.02130594 0.023436533 5816666683193
0.02769772 0.022371236 0.028763017 5816671732050
0.022371236 0.02450183 0.028763017 5816676621947
0.022371236 0.02769772 0.034089502 5816681656373
0.014914157 0.029828314 0.036220096 5816686747521
0.0042611877 0.031958908 0.036220096 5816691608354
-0.005326485 0.03089361 0.03728539 5816696546220
-0.014914157 0.025567126 0.039415985 5816701564813
-0.022371236 0.018110048 0.040481284 5816706515335
-0.028763017 0.009587673 0.039415985 5816711522470
-0.03728539 -0.0010652969 0.035154797 5816716440024
-0.04154658 -0.017044751 0.029828314 5816721474034
-0.04261188 -0.031958908 0.026632423 5816726444868
-0.04154658 -0.03728539 0.02450183 5816731419757
-0.03728539 -0.043677174 0.018110048 5816736356901
-0.031958908 -0.04900366 0.012783563 5816741389817
-0.02450183 -0.053264845 0.0085223755 5816746602943
-0.014914157 -0.054330144 0.0074570784 5816751344922
-0.009587673 -0.05646074 0.0063917814 5816756289291
-0.0063917814 -0.057526033 0.0031958907 5816761318933
-0.0010652969 -0.06178722 0.0021305939 5816766260237
0.0042611877 -0.060721926 0.0031958907 5816771291122
0.005326485 -0.057526033 0.005326485 5816776229561
0.009587673 -0.04793836 0.011718267 5816781227790
0.01384886 -0.03835069 0.014914157 5816786148624
0.018110048 -0.033024207 0.019175345 5816791181020
0.028763017 -0.033024207 0.023436533 5816796125657
0.03728539 -0.03089361 0.023436533 5816801133573
0.044742472 -0.026632423 0.022371236 5816806063574
0.050068956 -0.02450183 0.022371236 5816811094876
0.054330144 -0.019175345 0.017044751 5816821070398
0.05539544 -0.01065297 0.014914157 5816825961649
0.059656627 -0.0021305939 0.015979454 5816831081753
0.06285252 0.0063917814 0.017044751 5816835930140
0.067113705 0.01065297 0.018110048 5816840965243
0.06604841 0.0074570784 0.022371236 5816845897901
0.06178722 0.0021305939 0.026632423 5816850965609
0.058591332 -0.0042611877 0.026632423 5816855855298
0.05113425 -0.009587673 0.026632423 5816860877120
0.04154658 -0.012783563 0.029828314 5816865785611
0.033024207 -0.015979454 0.031958908 5816870840246
0.025567126 -0.01065297 0.031958908 5816875760873
0.015979454 -0.005326485 0.036220096 5816880875612
0.0063917814 0.0010652969 0.036220096 5816885697228
-0.0031958907 0.0074570784 0.03728539 5816890734051
-0.0085223755 0.009587673 0.039415985 5816895655771
-0.012783563 0.0074570784 0.035154797 5816900661181
-0.017044751 0.0074570784 0.028763017 5816905610303
-0.020240642 0.0074570784 0.026632423 5816910646761
-0.020240642 0.0063917814 0.02130594 5816915566866
-0.02450183 0.0042611877 0.019175345 5816920755408
-0.028763017 0.005326485 0.015979454 5816925546294
-0.025567126 0.012783563 0.01384886 5816930553742
-0.020240642 0.022371236 0.011718267 5816935736868
-0.019175345 0.023436533 0.009587673 5816940775826
-0.019175345 0.020240642 0.0063917814 5816945445463
-0.014914157 0.015979454 0.0031958907 5816950467442
-0.0074570784 0.014914157 0.0042611877 5816955393277
-0.0031958907 0.01384886 0.0042611877 5816960462912
0.0021305939 0.01065297 0.0074570784 5816965372653
0.009587673 0.0042611877 0.0074570784 5816970494631
0.011718267 -0.005326485 0.0074570784 5816975318174
0.01065297 -0.017044751 0.0074570784 5816980556195
0.011718267 -0.025567126 0.0085223755 5816985405780
0.01384886 -0.025567126 0.0085223755 5816990400831
0.011718267 -0.02130594 0.009587673 5816995230051
0.011718267 -0.012783563 0.01384886 5817000940780
0.011718267 -0.0010652969 0.015979454 5817005192761
0.0085223755 0.0031958907 0.014914157 5817010200990
0.009587673 0.0031958907 0.012783563 5817015137866
0.011718267 -0.0010652969 0.01065297 5817020310885
0.01384886 -0.005326485 0.0085223755 5817025090471
0.020240642 0.0021305939 0.005326485 5817030118491
0.02769772 0.011718267 0.0063917814 5817035039378
0.033024207 0.023436533 0.0063917814 5817040319326
0.044742472 0.02769772 0.005326485 5817044994379
0.05113425 0.029828314 0.005326485 5817050029379
0.05539544 0.029828314 0.005326485 5817054966880
0.059656627 0.029828314 0.0031958907 5817060157974
0.06285252 0.02769772 0.0021305939 5817065080110
0.063917816 0.023436533 0.0021305939 5817070000527
0.06604841 0.014914157 0.0021305939 5817074895424
0.06285252 0.0021305939 0.0031958907 5817080104330
0.057526033 -0.0010652969 0.005326485 5817084846206
0.04793836 0.0010652969 0.0085223755 5817089857456
0.040481284 0.0042611877 0.011718267 5817094785738
0.026632423 0.01065297 0.014914157 5817100067248
0.015979454 0.020240642 0.019175345 5817104740271
0.009587673 0.023436533 0.019175345 5817109776052
0.005326485 0.020240642 0.018110048 5817114689647
0.0031958907 0.01384886 0.019175345 5817119721990
0.0031958907 0.0074570784 0.017044751 5817124647825
0.0042611877 -0.0085223755 0.015979454 5817129653235
0.005326485 -0.033024207 0.011718267 5817134641628
0.0063917814 -0.054330144 0.0074570784 5817139719075
0.019175345 -0.07457078 0.014914157 5817144556837
0.036220096 -0.08415846 0.014914157 5817149598503
0.053264845 -0.089484945 0.017044751 5817154525380
0.05646074 -0.1022685 0.022371236 5817159594754
0.05539544 -0.1022685 0.019175345 5817164478037
0.068179004 -0.07350549 0.017044751 5817169598245
0.08096257 -0.04261188 0.017044751 5817174425798
0.10013791 -0.025567126 0.015979454 5817179515642
0.12783563 -0.0085223755 0.01384886 5817184384914
0.16512102 0.029828314 0.0085223755 5817189415330
0.17683929 0.08309316 0.01065297 5817194344134
0.17151281 0.12570503 0.017044751 5817199387779
0.15127216 0.14168449 0.020240642 5817204346114
0.14061919 0.13635801 0.02130594 5817209355749
0.13529271 0.12463974 0.022371236 5817214383823
0.12783563 0.1043991 0.020240642 5817219297625
0.11292148 0.07989727 0.022371236 5817224251949
0.089484945 0.060721926 0.023436533 5817229244084
0.07137489 0.053264845 0.018110048 5817234405492
0.050068956 0.044742472 0.01384886 5817239197256
0.026632423 0.033024207 0.0074570784 5817244132628
0.0063917814 0.02130594 0.0021305939 5817249184451
-0.01065297 0.012783563 -0.0042611877 5817254087108
-0.018110048 0.0085223755 -0.01065297 5817259135233
-0.028763017 0.0074570784 -0.011718267 5817264040547
-0.04154658 0.0021305939 -0.011718267 5817269073619
-0.05113425 -0.0010652969 -0.01384886 5817273992423
-0.059656627 -0.011718267 -0.017044751 5817279024141
-0.06604841 -0.026632423 -0.018110048 5817283941018
-0.0692443 -0.039415985 -0.022371236 5817288975653
-0.068179004 -0.04793836 -0.026632423 5817293900706
-0.06285252 -0.045807768 -0.03089361 5817298932164
-0.053264845 -0.026632423 -0.026632423 5817303907054
-0.050068956 0.009587673 -0.0085223755 5817309287426
-0.058591332 0.045807768 -0.0021305939 5817313870812
-0.063917816 0.063917816 -0.0074570784 5817319130552