
-0.10311985 0.043402508 0.08351153 5808791438609
0.011693001 0.057872355 0.082249284 5808796524755
0.011630058 0.05782325 0.08149779 5808801392673
-0.08415127 0.09125528 0.04301691 5808806498870
-0.084121704 0.09111265 0.04335648 5808811351944
-0.050548553 0.08122108 -0.0039372444 5808816385590
-0.05046177 0.08083032 -0.0029578805 5808821319445
-0.14132214 0.051615596 0.041473806 5808826339966
-0.14120293 0.051166363 0.042823315 5808831274290
-0.11237812 0.08417722 0.015141964 5808836336061
-0.11229515 0.08368358 0.016047895 5808841229083
-0.06909752 0.059214294 0.14645666 5808846278197
-0.06897831 0.058701664 0.14779395 5808851187000
0.060448647 0.10602774 0.18766177 5808856217417
0.060606956 0.105316356 0.18941998 5808861267158
-0.08285236 0.11410636 0.19155914 5808866253355
-0.082629204 0.11336076 0.19404787 5808871135284
-0.010557175 -0.0022480339 0.1393367 5808876256325
-0.010313988 -0.0028667748 0.14205247 5808881046951
-0.0770874 0.025233775 0.09233433 5808886290805
-0.07683945 0.024622358 0.095086515 5808891184140
-0.1292572 0.028836146 0.026084423 5808896125285
-0.12903404 0.028518721 0.028584063 5808901040339
-0.10970688 0.10022672 -0.050875127 5808906102005
-0.10960102 0.10030887 -0.04967028 5808910913673
-0.08080292 0.15323648 0.013372242 5808915954610
-0.080789566 0.1537582 0.01359278 5808920874560
-0.0712347 0.0971572 0.066126585 5808925918413
-0.07128143 0.09834821 0.065743506 5808930822581
-0.042571068 0.11904384 0.036990285 5808935898987
-0.04255581 0.12080011 0.037376046 5808940788103
0.03407669 0.08464372 -0.0052675605 5808945826905
0.03409195 0.08693804 -0.004827976 5808950733677
-0.0520792 0.012845032 -0.07135987 5808955787479
-0.05206871 0.015291035 -0.07096815 5808960693730
-0.0376997 -0.011081338 -0.13770384 5808965726021
-0.037724495 -0.008941919 -0.13776046 5808970652898
0.06276512 0.036291674 -0.047308445 5808975696387
0.06269741 0.038227387 -0.047873735 5808980636597
0.06745815 0.020706989 0.10040629 5808985611486
0.06747055 0.022224165 0.1007033 5808990569150
-0.004275322 -0.009954877 0.087362826 5808995589827
-0.0041189194 -0.0089918375 0.08921558 5809000761389
-0.12842941 0.020475402 -0.13845974 5809005555140
-0.12826538 0.021277092 -0.13654357 5809010469308
-0.2095499 0.06996167 -0.17825127 5809015498631
-0.20946121 0.07077652 -0.17718107 5809020754049
-0.14711666 0.07624241 -0.2000112 5809025460975
-0.1470356 0.07682958 -0.19905007 5809030384675
-0.060824394 0.09645901 -0.19400674 5809035418945
-0.060858727 0.09656686 -0.19437218 5809040469207
-0.17104912 0.07245943 -0.10883349 5809045372488
-0.17107391 0.07218761 -0.109125674 5809050300718
-0.080075264 0.028714657 -0.08501017 5809055330353
-0.08001137 0.028174259 -0.084346235 5809060510719
-0.1565466 0.08013442 -0.07874149 5809065283844
-0.1564436 0.079286836 -0.07767266 5809070326293
-0.09408951 0.083119534 -0.119698584 5809075374001
-0.09398842 0.08210214 -0.1186707 5809080468430
-0.18489838 0.07155177 -0.113198936 5809085328429
-0.18486214 0.070312835 -0.112909794 5809090304889
-0.14653683 0.06433168 -0.036214173 5809095281399
-0.14653873 0.063105896 -0.036349535 5809100492025
-0.07952309 0.028411835 -0.012763798 5809105206296
-0.07953739 0.027087264 -0.013043761 5809110206870
-0.13697243 0.011355698 0.030188382 5809115270672
-0.13692379 0.010205023 0.030615449 5809119991608
-0.21827984 -0.029192373 -0.059963226 5809125027539
-0.2182827 -0.03011214 -0.06008351 5809130092393
-0.20395374 -0.035626244 -0.012682676 5809135150778
-0.2039957 -0.0361757 -0.013209999 5809140155151
-0.13220978 0.030477017 0.034202337 5809145123591
-0.13225174 0.030203164 0.033705354 5809149875884
-0.04132843 0.05876261 0.047430217 5809154926769
-0.04136467 0.058706515 0.04701239 5809159840617
-0.003063202 0.034660436 0.061311126 5809164860468
-0.0030269623 0.03472095 0.061707854 5809169843595
-0.14186192 0.05408238 -0.09117544 5809174805157
-0.1418953 0.054403313 -0.09150934 5809179925627
-0.21861935 0.064505905 -0.011272967 5809184770731
-0.21880245 0.06526931 -0.013224423 5809189957868
-0.14717102 0.027867258 0.023005605 5809194710940
-0.14738655 0.02897352 0.02072084 5809199698386
-0.09971905 0.092251256 -0.02949053 5809204678910
-0.099923134 0.09317192 -0.03167945 5809209590422
-0.1719389 0.07494772 -0.05288303 5809214667401
-0.17209625 0.07593327 -0.054558933 5809219604537
-0.10997486 0.08174987 -0.03673929 5809224604120
-0.110058784 0.0828383 -0.037582517 5809229501674
-0.07183075 0.05533219 0.033464074 5809234600267
-0.071891785 0.056382313 0.032869637 5809239496206
-0.08148193 0.038302496 0.004092574 5809244641206
-0.08143997 0.039223164 0.0046527386 5809249449123
-0.081355095 0.107143745 -0.12358892 5809254454852
-0.081258774 0.10780545 -0.122433364 5809259491104
-0.07639885 0.060408056 -0.24609101 5809264476676
-0.07639599 0.060779817 -0.24601555 5809269336261
-0.081261635 0.094469026 -0.08886242 5809274358917
-0.081380844 0.09437959 -0.090209424 5809279270007
0.004699707 0.18992262 -0.08191657 5809284346001
0.0046110153 0.18956663 -0.08294493 5809289265638
0.11945152 0.14109105 -0.055205226 5809294269335
0.1193943 0.14030424 -0.055919528 5809299190847
0.042755127 0.0818874 0.077781856 5809304235222
0.04275322 0.08086767 0.07767141 5809309151109
-0.02905941 0.022283629 0.08249545 5809314183244
-0.029024124 0.021086492 0.08278245 5809319109547
-0.043358803 -0.04230028 -0.031900108 5809324139391
-0.04332924 -0.043294284 -0.03166312 5809329062204
-0.14387035 0.008476503 0.040240347 5809334128350
-0.14389229 0.0075976476 0.039906263 5809339063820
-0.1055994 0.05955959 0.07797462 5809344063142
-0.105620384 0.059059806 0.0776853 5809348972154
-0.1295929 0.03462588 0.0054557323 5809354007623
-0.12965107 0.034267567 0.004760027 5809358928509
-0.033943176 0.029190399 0.099811256 5809363961217
-0.033991814 0.028820686 0.09920907 5809368903823
-4.787445E-4 0.02362749 0.1565699 5809373961010
-4.4345856E-4 0.023152262 0.1569255 5809378846272
-0.005177498 0.1040799 0.109607875 5809383877574
-0.0051288605 0.103567265 0.11010522 5809388805439
0.0044851303 0.12729563 0.043465376 5809393859293
0.0045261383 0.12713693 0.043911874 5809398902784
0.028503418 0.09823261 -0.05146879 5809403885805
0.028557777 0.09789241 -0.05089158 5809408713410
-0.04800415 0.03535354 -0.07905173 5809413985233
-0.0479908 0.0351697 -0.07892287 5809418786797
-0.033631325 0.06367391 0.05985689 5809423780598
-0.033586502 0.06331823 0.060322642 5809428624454
0.02878666 0.09636239 0.1526646 5809433674714
0.028952599 0.09579044 0.15447605 5809438693309
-0.0761919 0.09960558 0.07521874 5809443780340
-0.07596779 0.098441765 0.07762122 5809448652268
-0.14756489 0.1927976 -0.073191226 5809453772789
-0.14737701 0.19139966 -0.0712499 5809458508467
-0.12803936 0.16101997 -0.064590454 5809463599977
-0.12786579 0.159295 -0.0628556 5809468452843
-0.21384716 0.080684334 -0.012874067 5809474015551
-0.21365547 0.07909408 -0.010940671 5809478416855
-0.2038374 0.015243202 -0.04676628 5809483581750
-0.20363903 0.01370763 -0.04476458 5809488502168
-0.20829487 -0.07403879 -0.09617716 5809493514250
-0.2082758 -0.075291164 -0.096116066 5809498344617
-0.15085602 0.009756446 -0.096725225 5809503357794
-0.15090847 0.00873673 -0.097436965 5809508393726
-0.16054249 -0.04486017 -0.21310067 5809513688368
-0.16061592 -0.04550781 -0.21400654 5809518226234
-0.21339035 -0.012633428 -0.24874365 5809523302640
-0.21345234 -0.013160981 -0.2495017 5809528184255
-0.20389366 6.4278394E-4 -0.19710153 5809533433995
-0.20388412 3.239289E-4 -0.19704169 5809538143111
-0.19909191 -0.043030933 -0.13478845 5809543350923
-0.19911098 -0.04324867 -0.1350323 5809548287799
-0.11295986 -0.05296106 -0.111549854 5809553340455
-0.11299133 -0.053137586 -0.11191934 5809558058946
-0.12736797 -0.010103025 -0.05459857 5809563187696
-0.12734127 -0.010310255 -0.054321706 5809568015197
-0.117738724 -0.039289676 -0.08759713 5809573254103
-0.11775398 -0.039662622 -0.087812245 5809578075198
-0.15132809 -0.021131843 0.016832113 5809583125250
-0.15141964 -0.021735676 0.015730321 5809587920876
-0.1467619 0.025344945 0.05246693 5809592939935
-0.14691639 0.024474867 0.05061567 5809597884304
-0.123140335 0.047535673 0.015122235 5809602907856
-0.12333393 0.046762913 0.012838483 5809607835722
-0.0852375 -0.03050594 0.15880865 5809612932646
-0.08541489 -0.031196862 0.15671343 5809617793275
-0.05681038 -0.036794826 0.10249281 5809622829681
-0.056881905 -0.037525803 0.1015836 5809627804571
-0.19575691 -0.06703775 0.08218342 5809632907234
-0.19574547 -0.06776869 0.08220202 5809637703641
-0.10473156 -0.049370877 0.005860567 5809642709051
-0.104688644 -0.05004894 0.0062390566 5809647831819
-0.061555862 -0.041213065 -0.06048286 5809652722909
-0.061548233 -0.04202147 -0.06052506 5809657756664
-0.14300632 3.0346215E-4 0.034501433 5809662891143
-0.14308643 -6.019771E-4 0.03344512 5809667569634
-0.06177807 -0.016038358 0.027421296 5809672745259
-0.061867714 -0.017134368 0.02622652 5809677572343
-0.061987877 -0.037520193 0.07255399 5809682582030
-0.062113762 -0.038729317 0.07092333 5809687500573
-0.09574413 -0.021015704 0.16038704 5809692528594
-0.09581566 -0.022314817 0.15936273 5809697436408
-0.03839302 -0.02859468 0.13472778 5809702475105
-0.038407326 -0.03010016 0.13430107 5809707410002
-0.11979389 -0.070007876 0.19646776 5809712491148
-0.11975956 -0.071618274 0.19658661 5809717361722
-0.06227398 -0.1354525 0.14392668 5809722413337
-0.062278748 -0.13680394 0.14363176 5809727319015
-0.18202114 -0.13806596 0.17176193 5809732608806
-0.18205452 -0.139138 0.1711896 5809737271151
-0.15815067 -0.12570366 0.07003099 5809742578963
-0.15816307 -0.12643316 0.0697518 5809747215423
-0.1150713 -0.11264838 0.10311633 5809752351100
-0.11506462 -0.11308241 0.10312188 5809757325945
-0.14377308 -0.05607339 0.08891523 5809762226882
-0.14374352 -0.056508876 0.08917445 5809767130842
-0.08143997 0.0052198768 0.01787752 5809772220893
-0.08140087 0.0046862066 0.018231928 5809777089280
-0.023916245 0.037631035 0.047123313 5809782306415
-0.023889542 0.037019312 0.047317445 5809787054333
-0.023838997 0.0026780665 0.16266215 5809792242927
-0.023767471 0.0017159283 0.16329843 5809797027824
0.024220467 -0.018631622 0.12596321 5809802028136
0.024318695 -0.019731417 0.12686807 5809806965585
0.06749153 -0.035323292 0.1035772 5809811985220
0.0675621 -0.03671944 0.10411084 5809816920274
-0.023361206 -0.05268278 0.10922837 5809821971992
-0.023331642 -0.054128923 0.10928649 5809826877566
-0.066381454 -0.079291984 -0.04845929 5809831895952
-0.066319466 -0.080513984 -0.04799044 5809836839703
0.077399254 -0.009896144 -0.0043690205 5809841862463
0.077466965 -0.011150256 -0.003854692 5809846820693
0.020048141 -0.026647434 0.0777995 5809851811422
0.02007103 -0.02773729 0.07783395 5809856759601
0.010511398 -0.08147563 0.11132848 5809861765382
0.010540009 -0.08244014 0.11145127 5809866719550
-0.013349533 -0.09281687 0.14061409 5809871721216
-0.013257027 -0.09365917 0.14148933 5809876645071
-0.03229046 -0.07076928 0.20009345 5809881688925
-0.032155037 -0.07171185 0.20143229 5809886726427
0.030231476 0.003921464 0.15010452 5809891644864
0.03037548 0.002717331 0.15148169 5809896553615
0.044908524 0.0014278591 0.25364757 5809901583406
0.045084953 -2.8774142E-5 0.25532413 5809906545647
-0.07923126 -0.07332321 0.19480586 5809911545751
-0.079068184 -0.07464694 0.19634575 5809916469659
-0.05017948 -0.0375845 0.22658455 5809921488617
-0.050040245 -0.03865975 0.22790009 5809926428462
-0.121712685 0.008386925 0.28689772 5809931458253
-0.12150288 0.0076194406 0.2890525 5809936393411
-0.12604427 -0.045736298 0.21982646 5809941415181
-0.12575817 0.04924175 0.20845675 5809947053828
-0.12553978 0.04873231 0.21075344 5809951419193
-0.09175968 0.06721254 0.15123206 5809956348464
-0.09146023 0.066566885 0.15436637 5809961279611
-0.076768875 0.09925188 -0.033788204 5809966810028
-0.07657051 0.09859282 -0.031775057 5809971243466
-0.1817503 0.03069584 -0.02058649 5809976307060
-0.1816349 0.029920742 -0.019504786 5809981327894
-0.21983528 0.010133207 0.08206874 5809986499300
-0.21974754 0.009630218 0.08290875 5809991158208
-0.09036064 0.014005631 0.007270992 5809996172530
-0.09022999 0.013586521 0.008599699 5810001148313
-0.1475029 -0.07324369 -0.013459325 5810006100915
-0.1472435 -0.074173376 -0.010872543 5810011317689
-0.18531036 -0.008099064 -0.15695965 5810016111178
-0.1850872 -0.009362534 -0.15485269 5810021008523
-0.29977703 0.008192927 -0.061753035 5810026268419
-0.29957008 0.006680429 -0.059890747 5810030960660
-0.15570545 0.10554874 -0.043657303 5810036005555
-0.15552711 0.103853896 -0.042146385 5810040923004
-0.1362133 0.06850137 -0.05045098 5810046234775
-0.13610935 0.06677492 -0.04975289 5810050873422
-0.131217 0.03612514 -0.044317663 5810056003890
-0.13109493 0.034490183 -0.043413937 5810060841288
-0.16445255 0.042403117 0.09675914 5810065870089
-0.16424847 0.040874332 0.098538816 5810070785924
-0.087387085 0.0058409423 0.08641124 5810075929934
-0.08711338 0.0042930692 0.08890867 5810080977644
-0.12515163 0.04119976 0.05306971 5810085891491
-0.12490749 0.039840147 0.055292368 5810090723374
-0.100756645 0.105525464 -0.009895861 5810095733947
-0.10059929 0.10441746 -0.008534372 5810100664625
-0.13886547 0.12317304 0.0013664365 5810103405822
-0.13878345 0.12232983 0.0020117164 5810110657022
-0.09566879 0.11239618 0.0021227598 5810115645511
-0.09566021 0.112323105 0.0021893978 5810120578637
-0.09568405 0.11283547 0.0020633936 5810125599315
-0.08613205 0.037744597 -0.0313347 5810135558326
-0.08614826 0.038841784 -0.031230927 5810140709473
-0.03348732 -0.01260227 0.11259717 5810145504885
-0.033516884 -0.011164874 0.11263746 5810150489369
-0.04791355 0.033440277 0.12704748 5810155466661
-0.04791355 0.034877107 0.12739253 5810160393902
0.081417084 0.09855674 0.046778083 5810165468012
0.081495285 0.09983808 0.0478822 5810170346299
-0.038101196 0.12483901 -0.008154452 5810175427809
-0.03799343 0.12569681 -0.006847143 5810180308435
-0.104943275 0.14557493 -0.13026524 5810185473331
-0.104883194 0.1461209 -0.1295268 5810190259061
-0.033018112 0.117733896 -0.06679779 5810195308800
-0.032989502 0.117994875 -0.06643599 5810200214895
-0.07123184 0.14686534 -0.027438581 5810205254166
-0.07113743 0.14688317 -0.02646017 5810210184896
-0.06626606 0.12772669 -0.07349622 5810215217083
-0.06621361 0.12768166 -0.07297212 5810220126929
-0.061375618 0.16596144 -0.05809611 5810225219532
-0.061315536 0.16587055 -0.057505727 5810230132242
-0.089995384 0.20411904 -0.057002425 5810235125575
-0.08994675 0.20410328 -0.056506515 5810240039587
-0.11383152 0.113114566 -0.008038938 5810245166670
-0.11378002 0.11320926 -0.007492721 5810250009015
-0.056266785 0.12777352 0.03617859 5810255043598
-0.05621147 0.12796088 0.036786437 5810259964016
-0.013074875 0.10400422 0.027629673 5810265010109
-0.013049126 0.103742346 0.027840197 5810270015520
-0.14231682 0.06509437 0.10935396 5810274996673
-0.142313 0.06494622 0.10936314 5810279864487
-0.06570816 0.079355836 0.13801074 5810284894851
-0.06570625 0.079456076 0.13803971 5810289852613
-0.07049465 -0.07361035 0.03274125 5810294869175
-0.07053089 -0.07330702 0.032436967 5810299775582
-0.12809563 -0.010541052 0.2373923 5810304900842
-0.1281929 -0.010029599 0.23652077 5810309860115
-0.10433102 0.07209019 0.13051015 5810314914541
-0.104379654 0.07297075 0.1302166 5810319721574
0.09671116 0.049863756 0.18763697 5810324720896
0.09672737 0.050502688 0.18795186 5810329657148
-0.07555866 0.065142885 0.12196034 5810334674543
-0.0754118 0.06537962 0.12350577 5810339633086
-0.14229679 0.07518056 -0.023324668 5810344636263
-0.14219093 0.07537258 -0.022206128 5810349564598
-0.06071472 0.032383025 0.021659672 5810354594024
-0.0606184 0.03248477 0.022656143 5810359526109
-0.11793232 0.051797062 0.028972983 5810364549130
-0.117770195 0.05202149 0.030658722 5810369465589
-0.18463707 0.009177178 -0.07289791 5810374525276
-0.18449974 0.009417385 -0.071458995 5810379475486
-0.15089607 -0.018934578 0.0012965798 5810384456475
-0.15084934 -0.018333986 0.001901567 5810389384393
-0.18911362 -0.04646209 0.08386773 5810394413872
-0.18905544 -0.04585126 0.08458042 5810399388762
-0.13152695 -0.09772906 0.008810818 5810404504550
-0.13147259 -0.096745595 0.009567499 5810409418398
-0.102724075 -0.13398606 0.03870976 5810414423808
-0.10274887 -0.13284129 0.038701355 5810419374344
-0.18898869 -0.045342714 0.04327327 5810424426688
-0.18901634 -0.04412803 0.043255568 5810429202366
-0.13154602 0.005071774 -0.07609457 5810434241949
-0.13155174 0.006469995 -0.075858474 5810439665909
-0.15549374 0.04102142 -0.07564455 5810444187783
-0.15548992 0.04190266 -0.07543743 5810449122212
-0.14114857 -0.019861698 -0.1234622 5810454157316
-0.14118958 -0.019583747 -0.123811126 5810459359400
-0.198699 -0.043401256 -0.1386407 5810464108410
-0.19874 -0.043457925 -0.13906461 5810469274297
-0.098195076 -0.06276557 -0.0817529 5810474062943
-0.09820175 -0.06291871 -0.08184123 5810479196329
-0.15566349 -0.10133931 -0.11060798 5810484030756
-0.15566158 -0.10137527 -0.110590935 5810488933309
-0.17004204 -0.08210092 -0.014955878 5810493968882
-0.14616108 -0.06698486 -0.06808382 5810503936487
-0.14618778 -0.066739365 -0.068300545 5810508859718
-0.060037613 -0.06650667 -0.0016366243 5810513960134
-0.06013012 -0.066138744 -0.0024903417 5810519139875
-0.14163303 -0.084880546 0.025318325 5810523849614
-0.14174747 -0.0844515 0.024249196 5810528863470
-0.11791515 -0.016909972 -0.019850075 5810533860501
-0.11803436 -0.01630032 -0.020930469 5810539045137
-0.089408875 0.041677848 -0.05062133 5810543915814
-0.08952141 0.042347148 -0.051634014 5810548821232
-0.07529163 0.028830975 -0.11028957 5810553899773
-0.075437546 0.029772058 -0.111584544 5810558775816
-0.042103767 0.040521994 -0.06535131 5810563666597
-0.042330742 0.041778505 -0.0674144 5810568582484
-0.052135468 0.12923437 0.011917889 5810573646911
-0.052316666 0.13051362 0.010303915 5810578585662
-0.0668354 0.17965853 0.066444755 5810583572381
-0.066967964 0.1807227 0.065291464 5810588495976
0.052609444 0.023620188 0.05932057 5810593527121
0.052472115 0.02449204 0.05807042 5810598443317
-0.014652252 0.08768329 0.17228103 5810603473008
-0.014663696 0.088382736 0.17229187 5810608428009
-0.02903366 0.0554163 0.11010009 5810613452175
-0.029019356 0.055992037 0.11035186 5810618396544
0.07637501 -0.1014588 -0.08534789 5810623451031
0.076431274 -0.100959614 -0.08468366 5810628424730
-0.03845215 -0.14343971 -0.036286354 5810633430140
-0.03843403 -0.14276716 -0.03597802 5810638489887
-0.100678444 -0.0845575 -0.0022747517 5810643281651
-0.10064983 -0.08374588 -0.0018284321 5810648256541
-0.019165993 0.032168373 -0.05826938 5810653283533
-0.019088745 0.03307852 -0.057320297 5810658223899
0.01448822 0.08184524 0.07271844 5810663237701
0.014508247 0.08277142 0.073096395 5810668182070
-0.0046224594 0.08361259 0.20754856 5810673248522
-0.0045490265 0.08423279 0.20840967 5810678134005
0.009943962 0.12785013 0.11883092 5810683130620
0.010083199 0.12819299 0.1203143 5810688065100
-0.008938789 0.018162593 0.07378858 5810693088798
-0.0088272095 0.018153206 0.07491493 5810698010987
-0.070981026 0.041917518 -0.010337412 5810702985876
-0.07089901 0.04165502 -0.009547174 5810707981300
-0.13307953 0.031756416 0.0389719 5810713008800
-0.13298893 0.031486645 0.039843142 5810717922390
-0.10892582 0.026568174 0.0123156905 5810722956822
-0.10878372 0.026550904 0.013747394 5810727883333
0.020663261 0.07920255 0.06324333 5810732909114
0.02082634 0.079047054 0.06485999 5810737836303
0.044977188 -0.0120904595 -0.043204963 5810742866771
0.045171738 -0.012267277 -0.041289866 5810747792814
-0.13662243 0.006495595 0.056063533 5810752821720
-0.13645363 0.005950749 0.057660937 5810757757347
-0.08838272 -0.008931786 0.07380074 5810762778857
-0.08817196 -0.009545803 0.07579416 5810767719275
-0.087911606 -0.029518947 0.078231215 5810772739066
-0.087623596 -0.030444905 0.08092016 5810777661047
-0.13522625 0.088415 -0.1558783 5810782734484
-0.13502216 0.08756682 -0.15401673 5810787627506
-0.2545681 0.08689082 -0.11420941 5810792649849
-0.25443172 0.08649042 -0.11294454 5810797589121
-0.22557735 0.13900822 0.0031673908 5810802635475
-0.2254715 0.13907371 0.0042176843 5810807527768
-0.14397144 0.15364118 0.019571245 5810812573758
-0.14387894 0.1539744 0.020538509 5810817493863
-0.13418579 0.09210189 0.060046434 5810822518550
-0.13406944 0.092611864 0.06127572 5810827441677
-0.14350891 0.05001922 0.18241435 5810832498655
-0.14333248 0.05045207 0.18419904 5810837398136
-0.16704178 0.07010166 0.0859974 5810842438552
-0.16676617 0.07060698 0.08875126 5810847365949
-0.33408546 0.07132599 -0.047338247 5810852498866
-0.33385372 0.07195228 -0.04499042 5810857432148
-0.27143192 0.12063596 -0.22995114 5810862360012
-0.27129364 0.12185471 -0.22842073 5810867271108
-0.13224888 0.26677263 -0.2456224 5810872327878
-0.13204193 0.26779646 -0.24347055 5810877248765
-0.06001377 0.2591517 -0.2557491 5810882252879
-0.059804916 0.2599168 -0.25364208 5810887183141
-0.11705971 0.18400496 -0.19889855 5810892267255
-0.116913795 0.18461257 -0.19741595 5810897144079
-0.08329773 0.103931904 -0.12454975 5810902265590
-0.083226204 0.10455091 -0.123772144 5810907087101
-0.102329254 0.12427764 -0.056168437 5810912607049
-0.102293015 0.124602646 -0.055774093 5810917056269
-0.2602749 0.08685948 -0.031410336 5810922229550
-0.26026154 0.08756094 -0.031170964 5810927021315
-0.25548363 0.073891014 -0.19397259 5810932054341
-0.255538 0.074619055 -0.194368 5810937002417
-0.27958775 0.12328111 -0.27667093 5810941991323
-0.27971554 0.12418595 -0.27774537 5810946907626
-0.3325224 0.1444154 0.0036605597 5810952286896
-0.33263493 0.14549415 0.0027641058 5810956878564
-0.16032982 0.036798224 0.06928682 5810962002366
-0.16036606 0.038230896 0.06915605 5810966828565
-0.13159943 0.078101754 0.05057609 5810972106586
-0.13151169 0.07948245 0.051614165 5810976782108
-0.24154949 0.023828983 -0.05257392 5810981958983
-0.24148464 0.025725499 -0.051686406 5810986837161
-0.26063824 0.061402157 -0.10884142 5810992038515
-0.26067448 0.063399225 -0.10890424 5810996734714
-0.23198223 0.05121608 -0.13290727 5811001726120
-0.1267538 0.07535787 -0.17643344 5811011930288
-0.12681198 0.07741368 -0.17671907 5811016606695
-0.08375263 0.09860177 -0.22947836 5811021640862
-0.031181335 0.09260848 -0.2970189 5811031617790
-0.031250954 0.09413557 -0.29748607 5811036526749
-0.0648756 0.090690725 -0.24565768 5811041586958
-0.06500721 0.09176012 -0.24677098 5811046486646
-0.1034441 0.087711744 -0.21440399 5811051560761
-0.10353279 0.08811711 -0.21519387 5811056426908
-0.07487488 0.07881357 -0.24937093 5811061464251
-0.07493019 0.07871011 -0.2499057 5811066395607
-0.12767696 0.08311446 -0.27460718 5811071468367
-0.12776852 0.08231802 -0.27557623 5811076337691
-0.060813904 0.09554513 -0.20467651 5811081498680
-0.060863495 0.094179034 -0.20532322 5811086308942
0.030072212 0.15473399 -0.20594764 5811091323681
0.030010223 0.1527971 -0.20678568 5811096403526
-0.017987251 0.026298627 -0.07884729 5811101286234
-0.018136978 0.0241355 -0.08056772 5811106223423
-0.061413765 0.040979892 0.027521014 5811111442381
-0.061585426 0.038762122 0.02557075 5811116331393
-0.0473938 0.07003659 -0.019517899 5811121217122
-0.047574043 0.06776331 -0.02157545 5811126261394
-0.052500725 0.022554561 0.08212453 5811131181029
-0.052580833 0.020406365 0.08103436 5811136124728
-0.02869606 0.018425658 0.032307506 5811141116186
-0.028744698 0.016690388 0.03158045 5811146043375
-0.057559967 0.09162253 0.102330625 5811151330198
-0.057649612 0.09035379 0.101257384 5811155987855
-0.03859806 0.017315686 0.18626183 5811161020876
-0.038671494 0.016318187 0.18539804 5811165954314
0.018793106 0.05850981 0.18049884 5811170944153
0.01886177 0.057783216 0.18105441 5811175946242
-0.038505554 0.04781653 0.16754496 5811180938169
-0.038419724 0.047543555 0.16832852 5811185858796
-0.11977005 0.099981606 0.0826177 5811190927754
-0.11974621 0.09978287 0.082822025 5811195824630
-0.14370537 0.06602499 0.10654849 5811200850046
-0.14369965 0.06585519 0.10658926 5811206005829
-0.0766449 0.08996728 0.17381907 5811210801558
-0.076613426 0.09022042 0.17416048 5811215745927
-0.110069275 0.12875211 0.06468183 5811220751337
-0.10998821 0.12892282 0.06548768 5811225772810
-0.100357056 0.15304959 -0.03930068 5811230888799
-0.10035229 0.15326765 -0.03922069 5811235652759
0.11993408 0.11520271 -0.06292522 5811240668852
0.11999321 0.11543915 -0.06231761 5811245757239
0.057832718 0.10104732 -0.027940035 5811250775937
0.05793476 0.10076237 -0.0270046 5811255653594
-0.066435814 0.16265681 -0.068912506 5811260768646
-0.06629944 0.16222894 -0.06766617 5811265503022
-0.008687973 0.19512613 0.02946806 5811270543751
-0.008535385 0.19425896 0.030798197 5811275472919
-0.02273941 0.17412157 -0.0013192892 5811280491773
-0.022574425 0.17291157 6.222725E-5 5811285440160
-0.06069851 0.2099518 -0.05584085 5811290464951
-0.060534477 0.20870996 -0.054471374 5811295372817
-0.08433437 0.14061663 -0.086794734 5811300406462
-0.084220886 0.13964398 -0.085874915 5811305335943
-0.112849236 0.13875107 -0.09461951 5811310361880
-0.11274052 0.1380473 -0.0936991 5811315305006
-0.11740494 0.18065162 -0.10217357 5811320360110
-0.11730385 0.18030673 -0.10125852 5811325251205
-0.10284805 0.20411429 -0.110000014 5811330316465
-0.10275078 0.20404533 -0.10909319 5811335195894
-0.07392979 0.18979381 -0.09384978 5811340231623
-0.073841095 0.18984757 -0.092992306 5811345186936
-0.016264915 0.15171103 -0.048777103 5811350197301
-0.016121864 0.15195651 -0.047379494 5811355105219
-0.17399216 0.17127295 -0.0268085 5811360288708
-0.1738882 0.17150442 -0.025790095 5811365101678
-0.33658314 0.19577932 0.03755927 5811370099751
-0.3364935 0.19625106 0.038488746 5811375034023
-0.31723595 0.18247154 0.10180396 5811380134752
-0.3171072 0.18316892 0.10313195 5811385688763
-0.31222057 0.1741626 -0.12570381 5811390008242
-0.31217194 0.17499964 -0.12510943 5811394935900
-0.31698322 0.15196511 0.004103422 5811399983295
-0.3170824 0.15283665 0.003311634 5811404946316
-0.27894783 0.19698124 0.04015851 5811409922880
-0.27913475 0.19809215 0.038568854 5811414849652
-0.20745373 0.17996733 0.022996902 5811419919339
-0.20754623 0.18109958 0.022301197 5811424768453
-0.10706043 0.07228501 0.036203146 5811429832413
-0.10710716 0.07354061 0.035954 5811434759706
-0.28909302 0.08444899 0.016749144 5811439815955
-0.28909874 0.08590186 0.016907692 5811444955957
-0.17417145 0.087547645 -0.08334887 5811449755436
-0.17412567 0.089436874 -0.08264184 5811454676114
-0.11659241 0.09119956 -0.26366472 5811459701062
-0.11659813 0.093056634 -0.26344752 5811464939813
-0.17418098 0.17619994 -0.2260567 5811469655438
-0.17436886 0.17773408 -0.22761226 5811474710595
-0.14107037 0.15509267 -0.16247952 5811479615595
-0.14129543 0.1563921 -0.16443431 5811484542625
0.0021867752 0.11435443 0.011271119 5811489548035
0.0020771027 0.11522129 0.010353327 5811494666170
-0.050601006 0.14942898 0.13009745 5811499529972
-0.050486565 0.14998107 0.1312595 5811504537265
-0.035904884 0.12155108 0.018424511 5811509532265
-0.035669327 0.12154257 0.02065754 5811514405651
0.022027016 0.14061086 -0.005858779 5811519489453
0.022233963 0.14032207 -0.0039429665 5811524358514
-0.03024292 0.13490471 -0.12190223 5811529333403
-0.030031204 0.13393348 -0.12004399 5811534314091
0.032455444 0.16629457 -0.10360396 5811539319501
0.032639503 0.16494633 -0.10206282 5811544278883
-0.09655762 0.18253161 -0.1636852 5811549309300
-0.09654999 0.18097615 -0.16382968 5811554222634
-0.077448845 0.19847868 -0.10230172 5811559257374
-0.077531815 0.19670783 -0.10332477 5811564252739
0.03250599 0.10854487 -0.013518095 5811569231645
0.03242302 0.1066878 -0.01457274 5811574141803
0.08023834 0.09517293 0.018017769 5811579192167
0.08018875 0.09292011 0.01721549 5811584125606
0.0035448074 0.090393126 0.10274035 5811589160293
0.0035991669 0.087843925 0.10285908 5811594139565
0.037233353 0.08532719 0.050874114 5811599086128
0.037341118 0.08263303 0.05145991 5811604003937
-0.020028114 0.15162873 -0.058272123 5811609165347
-0.019958496 0.14901958 -0.058041573 5811613976547
-0.03908539 0.21346717 -0.029492617 5811619113161
-0.039094925 0.2109408 -0.03000164 5811623909725
0.04707241 0.23220266 -0.045057774 5811628963995
0.047060013 0.22965205 -0.045620322 5811633877330
0.042271614 0.17423432 0.12627357 5811638972329
0.04229355 0.1731418 0.12628132 5811640683372
-0.04377556 0.13561857 0.17938519 5811648865195
-0.04364872 0.1331404 0.18011916 5811653790821
-0.005159378 0.16419451 0.24362499 5811658824206
-0.004934311 0.16189641 0.24530011 5811663743426
0.024093628 0.09729229 0.13271195 5811668796239
0.024430275 0.09504004 0.13542742 5811673712750
-0.09011364 0.12147464 0.052309036 5811678746188
-0.08969879 0.11910607 0.055688143 5811683658376
-0.15630531 0.13108051 -0.017414927 5811688702491
-0.15589905 0.12884288 -0.014106035 5811693630096
-0.1267271 0.1268736 0.08053303 5811698650044
-0.12623024 0.12519507 0.08475089 5811703562957
-0.14484501 0.061537683 -0.011176109 5811708604003
-0.14428043 0.060562953 -0.0062469244 5811713541661
-0.09583759 0.007124722 -0.11148965 5811718654004
-0.095436096 0.006573811 -0.10798907 5811723533276
-0.15734768 0.13072301 -0.018825293 5811728632651
-0.15702438 0.13052867 -0.015975833 5811733453433
-0.05132103 0.08741404 -0.19474387 5811738483173
-0.05097103 0.0876677 -0.19157267 5811743395309
-0.050637245 0.13577506 -0.28433323 5811748439632
-0.05037594 0.13587528 -0.28200722 5811753362342
-0.078891754 0.1791179 -0.17473805 5811758425466
-0.078707695 0.17929122 -0.17307961 5811763316249
-0.0018987656 0.16498159 -0.15220237 5811768361144
-0.001707077 0.16469866 -0.15057182 5811773265417
0.06075573 0.16906124 -0.120045066 5811778331041
0.06098461 0.16852552 -0.1181519 5811783222657
-0.04410839 0.18209134 -0.1352489 5811788250313
-0.04382515 0.18114819 -0.13297391 5811793184273
-0.03394699 0.14180431 -0.029989839 5811798221304
-0.03363514 0.14087343 -0.027466416 5811803138024
0.07220554 0.09207395 0.05326283 5811808211565
0.07296085 0.09109393 0.059584856 5811813104327
-0.05057335 0.15214281 -0.114349246 5811818284326
-0.04967594 0.1510304 -0.10693157 5811823056203
-0.18767834 0.19764598 -0.19088292 5811828081515
-0.1869297 0.19664168 -0.1847825 5811833118704
-0.16706562 0.15255377 -0.13594127 5811838082714
-0.16638184 0.1514931 -0.13045585 5811842958444
-0.25663662 0.06436452 -0.11027467 5811848115579
-0.25604725 0.06357682 -0.10556877 5811852914747
-0.28424454 0.082044154 -0.10132623 5811858356100
-0.28391743 0.081507266 -0.09874928 5811862978238
-0.22141457 0.10994272 -0.02012086 5811867926050
-0.22126675 0.1099091 -0.018919945 5811872861729
-0.1254549 0.12439442 0.048499227 5811878209695
-0.12546062 0.12449959 0.048475146 5811882784438
-0.15419102 0.16309759 0.029378295 5811887812927
-0.15420532 0.16350675 0.02933669 5811892749803
-0.13986397 0.087432355 0.17290378 5811898056157
-0.13985634 0.08784005 0.17304492 5811902709596
-0.12539005 0.14082812 0.15957117 5811907726367
-0.1252222 0.14095816 0.16095543 5811912662462
-0.14894485 0.07888894 0.0047581196 5811917928607
-0.14872646 0.07900116 0.0065532923 5811922614963
-0.20115662 0.15097131 -0.08243179 5811927637098
-0.20095062 0.15111156 -0.080732346 5811932558505
-0.21512318 0.122590095 -0.1413877 5811937749130
-0.21496582 0.12266551 -0.14010417 5811942601937
-0.13821507 0.15620041 -0.07195914 5811947755798
-0.13809872 0.15628015 -0.07100773 5811952473664
-0.09000778 0.13743836 -0.0070277452 5811957739288
-0.08975983 0.13749415 -0.00502944 5811962429550
-0.089468 0.20922427 -0.07452929 5811967496060
-0.08918762 0.20904744 -0.07232249 5811972430697
-0.112877846 0.23756391 -0.15653372 5811977559811
-0.11268902 0.23725145 -0.15509284 5811982353771
-0.040659904 0.22713155 -0.167938 5811987371895
-0.04044342 0.22648732 -0.16633654 5811992310334
-0.14082718 0.17291233 -0.318367 5811997431480
-0.14077282 0.17185661 -0.31813478 5812002254189
-0.22221947 0.16590112 -0.261248 5812007293460
-0.22228718 0.16476013 -0.26200628 5812012219555
-0.01638031 0.09220344 -0.1567533 5812017313825
-0.016321182 0.09143211 -0.15643883 5812022163566
-0.12157726 0.09967849 -0.1703577 5812027254920
-0.12147045 0.0983194 -0.16977751 5812032131744
-0.13572598 0.077834755 -0.111706495 5812037182317
-0.13561058 0.07639563 -0.11108029 5812042299089
-0.09720135 0.14685881 -0.13447797 5812047112318
-0.097112656 0.14544834 -0.13406062 5812052034611
-0.16891098 0.2014335 -0.21554244 5812057096486
-0.16897106 0.2000072 -0.21631265 5812062000289
-0.15472984 0.22743762 -0.12657964 5812067022112
-0.15486145 0.22613996 -0.12789583 5812071947634
-0.13584995 0.24881876 -0.090981245 5812077190550
-0.13595295 0.24798721 -0.09198165 5812081913729
-0.14558125 0.18011692 -0.09735191 5812086931593
-0.14560986 0.17924684 -0.09776187 5812091857532
-0.22223854 0.12580717 -0.074092984 5812097026177
-0.22222233 0.12520137 -0.074092984 5812101825085
-0.13598156 0.13413343 -0.14566123 5812106848209
-0.13596821 0.13364038 -0.14565814 5812111823099
-0.09773159 0.10923484 -0.08407283 5812117174773
-0.09786987 0.10877216 -0.08527279 5812121856389
-0.08368492 0.07470244 -0.03416419 5812126788784
-0.083865166 0.074147105 -0.035723567 5812131719046
-0.10319424 0.11662954 -0.03726542 5812136768889
-0.1033926 0.11600527 -0.03899038 5812141905193
-0.09402466 0.17771202 0.021462917 5812146673109
-0.09421921 0.17704391 0.019751072 5812151617478
-0.03212738 0.25768223 0.09492707 5812156644985
-0.03224945 0.2568972 0.09376943 5812161560872
-0.041934967 0.13638243 0.08314097 5812166893736
-0.0419693 0.1357277 0.08271313 5812171515560
0.01072979 0.10167667 0.030137062 5812176538216
0.010782242 0.1010676 0.030426264 5812181474207
-0.04181099 0.16740638 0.11710417 5812186495092
-0.04172039 0.16691655 0.11772871 5812191428323
0.025407791 0.075485945 0.12314069 5812196459885
0.025501251 0.07506043 0.12380028 5812201387230
0.011235237 0.0842959 0.019179702 5812206408480
0.011268616 0.083981365 0.019384861 5812211329158
-0.15164375 0.1362671 0.085472584 5812216390981
-0.15182686 0.1358378 0.083894014 5812221299888
-0.008413315 0.097052395 0.14890468 5812226334888
-0.008654594 0.09646231 0.14681244 5812231291921
0.024663925 0.11476189 0.17372489 5812236336087
0.024573326 0.11381379 0.17276895 5812241210411
-0.07121849 0.11762717 0.04785371 5812246246342
-0.07122898 0.116857916 0.047594547 5812251195516
-0.10478401 0.13065112 0.13814962 5812256195464
-0.104803085 0.13017967 0.13787806 5812261109684
-0.01860714 0.13946718 0.14263833 5812266147965
-0.018576622 0.13930523 0.14285338 5812271092393
-0.06640053 0.11053449 0.14811862 5812276153018
-0.06630707 0.1107721 0.14892888 5812281022603
-0.104486465 0.13998625 0.1644522 5812286110259
-0.10438061 0.14066902 0.16546631 5812291037656
-0.09953022 0.13201866 0.12787259 5812296011666
-0.099479675 0.13328421 0.1285727 5812300934219
-0.08979511 0.07259044 0.22077763 5812305974740
-0.08960056 0.07431951 0.22273993 5812310939272
-0.11808109 0.13361701 0.11024296 5812315925626
-0.11779976 0.13555396 0.11293793 5812320848648
-0.07441902 0.13763085 -0.07584965 5812325877346
-0.08844471 0.1114133 -0.101318 5812331522139
-0.08820057 0.11325958 -0.09896207 5812335874900
-0.12145805 0.20151603 -0.0054575205 5812340816201
-0.12121582 0.2036075 -0.0030955076 5812345753911
-0.034773827 0.1818245 -6.520748E-4 5812350869378
-0.034519196 0.18381983 0.0017850399 5812355787506
-0.010314941 0.20003134 -0.077171564 5812360847349
-0.01009655 0.20143919 -0.07515812 5812365650840
-0.038622856 0.17409 0.00813508 5812370944538
-0.038419724 0.1750273 0.009917736 5812375605320
-0.14346313 0.08017287 -0.025837421 5812380932976
-0.14316368 0.080662385 -0.023388147 5812385575217
-0.090167046 0.1289658 -0.15484548 5812390907769
-0.08997154 0.12895353 -0.15331781 5812395515062
-0.11379814 0.08082424 -0.24824047 5812400549124
-0.11378002 0.08042382 -0.24817574 5812405499802
-0.19526672 0.07986727 -0.19147289 5812410480112
-0.1954298 0.079181015 -0.19289327 5812415632251
-0.114191055 0.05448754 -0.13207507 5812420467720
-0.11433029 0.05370404 -0.13332331 5812425392304
-0.037834167 0.043205664 -0.10570288 5812430675637
-0.037909508 0.04215139 -0.1064986 5812435350326
-0.18643379 0.03139466 -0.15049386 5812440370847
-0.18656826 0.030346245 -0.15176821 5812445283140
-0.17242146 -0.032707363 0.033096433 5812450368660
-0.1726675 -0.033289254 0.03103745 5812455282508
-0.1297903 -0.07207695 0.08668232 5812460398818
-0.12991333 -0.072447 0.085633755 5812465206006
-0.07728863 0.037453383 0.0325377 5812470340850
-0.077282906 0.03727269 0.03253913 5812475167049
-0.09159851 0.07548872 0.008971572 5812480240278
-0.09150696 0.07544604 0.009684682 5812485121477
-0.06271744 0.032247216 -0.10958266 5812487918247
-0.062625885 0.032400906 -0.10882568 5812495111374
-0.13920593 0.0132882595 -0.07502675 5812500115488
-0.14878464 0.0038160682 0.11651564 5812505055905
-0.14871979 0.0048884153 0.11725247 5812515178511
-0.06238556 -0.008858621 0.15201962 5812520031167
-0.062127113 -0.008152753 0.15419793 5812524960804
-0.023468018 0.035676807 -0.063152194 5812530025491
-0.023137093 0.036409795 -0.06040883 5812534894867
-0.013256073 0.00864625 -0.033889532 5812539941117
-0.013044357 0.009444162 -0.03208196 5812544890546
-0.10389423 0.043755338 -0.107527494 5812549930649
-0.10386658 0.04459186 -0.10714269 5812554846692
-0.070399284 0.016778275 -0.06426978 5812559963619
-0.07052326 0.017626733 -0.06506312 5812564780443
-0.15215397 -0.010169283 0.038684845 5812569805912
-0.15240574 -0.009404421 0.03686905 5812574733309
-0.14304543 0.0151002705 0.16456807 5812579767059
-0.1432085 0.015544489 0.1633774 5812584688570
-0.12895203 0.011329517 0.10996747 5812589713674
-0.12903404 0.011983946 0.10945594 5812594635134
-0.13870525 -0.035240427 0.022645354 5812599667321
-0.13880253 -0.034668162 0.021996975 5812604586281
-0.10056782 0.042540744 0.011966586 5812609624558
-0.10060024 0.043163046 0.011830449 5812614538406
-0.095840454 0.024729028 0.016536951 5812619543816
-0.0959177 0.025621057 0.016101122 5812624507428
-0.14873314 0.069597855 0.015145302 5812629543574
-0.14892006 0.07055855 0.013860226 5812634463107
-0.11081791 0.066880524 -0.021067858 5812639494044
-0.11103916 0.0680265 -0.022590518 5812644416024
-0.106505394 0.088419005 -0.019576907 5812649492795
-0.10674286 0.08962667 -0.021229863 5812654372692
-0.1883564 0.07176548 -0.027451873 5812659412848
-0.18850613 0.07283725 -0.028431654 5812664325453
-0.0832243 0.016396686 -0.14366913 5812669358213
-0.08316517 0.017253011 -0.14304137 5812674291340
-0.16444588 0.008471414 -0.30951405 5812679316704
-0.16434765 0.009066179 -0.30863512 5812684374674
-0.19305515 0.023861602 -0.4376645 5812689271601
-0.1931181 0.024143338 -0.43810844 5812694198425
-0.10704422 0.115081504 -0.4151051 5812699329466
-0.10718918 0.114779875 -0.4163077 5812704279311
-0.01644516 0.12839721 -0.31296504 5812709185561
-0.0167799 0.12728277 -0.31584013 5812714122229
-0.03155613 0.1257837 -0.23799002 5812719152958
-0.03196335 0.12413183 -0.24156523 5812724084990
0.020352364 0.04081279 -0.13944387 5812729107386
0.020084381 0.038554102 -0.14203548 5812734034002
0.06778431 0.07892078 -0.13447428 5812739049939
0.06770134 0.07600479 -0.13572347 5812743971659
-0.028072357 0.015507519 -0.16032231 5812749004471
-0.02801609 0.012383953 -0.16049778 5812753932858
-0.06621075 -0.014802292 -0.10758448 5812758974264
-0.06610203 -0.017789021 -0.10733378 5812763929422
-0.051659584 -0.11145176 -0.20304 5812768965352
-0.05160141 -0.11373179 -0.20305395 5812773855516
-0.037249565 -0.106140405 -0.1892184 5812778877808
-0.03734398 -0.10779753 -0.19034743 5812783827080
-0.14760303 -0.051630586 -0.09108913 5812788844736
-0.1477251 -0.052533984 -0.09227359 5812793863747
-0.11909962 0.037772298 -0.102850676 5812798800153
-0.10487747 0.066103786 -0.065788865 5812804492914
-0.10496998 0.06597984 -0.06656754 5812808703749
-0.18647003 0.13793892 -0.009874463 5812813719269
-0.18656635 0.1381484 -0.010605812 5812818645000
-0.19147968 0.20080653 0.012408376 5812824078697
-0.19157791 0.2012665 0.011708975 5812828606303
-0.17251778 0.19228211 0.035018444 5812833635834
-0.17260265 0.19294411 0.03447342 5812838567085
-0.1391058 0.1696442 0.15893984 5812843553177
-0.1390562 0.17028397 0.15948617 5812848581305
-0.13898087 0.0895516 0.23685324 5812853549638
-0.13890743 0.09027317 0.23760891 5812858473858
-0.12446308 0.12934354 0.12828815 5812863773701
-0.1243763 0.13021773 0.12918103 5812868423234
-0.21521378 0.04029259 0.015636683 5812873464015
-0.21499157 0.04151079 0.017700553 5812878655631
-0.31532097 0.004454732 -0.26750183 5812883362503
-0.3151884 0.006001979 -0.26610076 5812888339017
-0.27211952 0.050711542 -0.29471004 5812893366309
-0.27222538 0.05223255 -0.2952478 5812898420529
-0.31544876 -0.075803146 -0.45883548 5812903556674
-0.3156681 -0.07465394 -0.46036458 5812908248342
-0.28256035 -0.07832818 -0.2910949 5812913301102
-0.28312016 -0.077463314 -0.29546964 5812918206104
-0.25027657 0.052453697 -0.17156518 5812923578447
-0.25085068 0.05286084 -0.17619824 5812928200948
-0.107748985 0.067517415 0.05875063 5812933246104
-0.10816765 0.06756647 0.055306554 5812938229022
-0.060591698 0.019560546 0.07666767 5812943388709
-0.060746193 0.01921533 0.075309634 5812948081732
-0.022485733 0.12867251 0.060417533 5812953146679
-0.0224514 0.12771416 0.060501218 5812958059441
-0.051115036 0.1790094 -0.006271839 5812963082618
-0.05100918 0.17719872 -0.0057770014 5812968011629
-0.070013046 0.21336156 -0.0145715475 5812973016629
-0.06984329 0.2109702 -0.013673067 5812977949859
0.03568077 0.21301818 -0.08461213 5812982988922
0.035883904 0.20989493 -0.08361149 5812987894704
0.031368256 0.24467996 -0.2784618 5812992942152
0.03166008 0.2411522 -0.2768401 5812997864445
0.09420109 0.20381534 -0.34713078 5813003006580
0.09448528 0.20005149 -0.3456552 5813007819915
0.027766228 0.17197612 -0.3535787 5813012857102
0.028157234 0.16757941 -0.35141063 5813017828197
0.009506226 0.10534957 -0.3244921 5813023031582
0.0100336075 0.10097009 -0.32124913 5813027748198
0.12072277 0.034275353 -0.2220403 5813032749812
0.12644005 0.13521314 -0.06357813 5813042938407
0.12693214 0.13050082 -0.060800195 5813047985283
0.26149845 0.17871875 0.0329926 5813052729241
0.26199818 0.17414522 0.035815597 5813057600753
0.25767994 0.23651206 0.100607276 5813062664607
0.25812244 0.2318503 0.10289848 5813067555858
0.19639206 0.35616332 0.06738651 5813072589556
0.19699001 0.35130224 0.07082462 5813077517057
0.19288349 0.33194038 0.0030362606 5813082522466
0.19363022 0.3270024 0.007561207 5813087460860
0.041262627 0.36029986 -0.0014333725 5813092501120
0.042185783 0.3556831 0.004499316 5813097413101
-0.11485863 0.31302273 -0.02745843 5813102448204
-0.113931656 0.3091493 -0.02138114 5813107381956
-0.15616512 0.34407172 -0.087521195 5813112411070
-0.15540504 0.3410426 -0.08254814 5813117337478
-0.2791834 0.36233136 -0.10174537 5813122432634
-0.27849293 0.360367 -0.09705222 5813127278312
-0.28255177 0.39247182 -0.13979208 5813132346280
-0.28186607 0.3917248 -0.13480926 5813137238209
-0.22373772 0.43455473 -0.16815042 5813142313417
-0.2231226 0.43483642 -0.16342914 5813147192533
-0.1746378 0.31123257 -0.17781603 5813152237064
-0.17407703 0.31243524 -0.17327571 5813157157586
-0.2453289 0.29010946 -0.24514663 5813162192585
-0.24479198 0.29211798 -0.24058712 5813167104618
-0.23949909 0.23237377 -0.21220171 5813172137482
-0.23902988 0.23527718 -0.20792997 5813177096286
-0.30559158 0.26734236 -0.251397 5813182101696
-0.30512047 0.27108282 -0.24692106 5813187112068
-0.23286057 0.31809524 -0.3671993 5813192061078
-0.23244953 0.32211223 -0.36313927 5813197066489
-0.14583492 0.33569106 -0.46436214 5813202005141
-0.14538479 0.33945492 -0.46013582 5813206937799
-0.08747864 0.30483854 -0.32670176 5813211965142
-0.08703041 0.30835277 -0.32259226 5813216887331
-0.11048508 0.26854694 -0.3182881 5813221929727
-0.109975815 0.27154413 -0.3139199 5813226862384
-0.16210938 0.2024774 -0.38124585 5813231873061
-0.16158485 0.20485792 -0.3769585 5813236799052
-0.17553997 0.1878367 -0.46932375 5813241824625
-0.17529011 0.18968761 -0.46711624 5813246816084
-0.1991005 0.13380155 -0.40357864 5813251790459
-0.19902039 0.1352497 -0.40267348 5813256843794
-0.15584755 0.12219149 -0.26296413 5813261742595
-0.1414051 0.04216987 -0.3674469 5813267502960
-0.07429123 3.1140447E-4 -0.33310986 5813276891919
-0.0742569 3.5312772E-4 -0.33285844 5813281613171
-0.07903004 -0.06669712 -0.29923463 5813286826452
-0.07902241 -0.06705552 -0.29926395 5813291618217
-0.17000294 -0.115476474 -0.28023815 5813296592493
-0.17000198 -0.11619495 -0.2803992 5813301510569
-0.08858204 -0.14114153 -0.19431627 5813306543850
-0.088549614 -0.14251003 -0.19440722 5813311474216
-0.098070145 -0.13944516 -0.21834743 5813316501089
-0.09792328 -0.14139259 -0.21777725 5813321423175
-0.24133205 -0.16268425 -0.27403104 5813326471195
-0.24102688 -0.16480325 -0.27239358 5813331394478
-0.09705639 -0.17689213 -0.30906487 5813336726196
-0.096811295 -0.17928445 -0.30791795 5813341335000
-0.06781769 -0.1963035 -0.27798784 5813346371041
-0.06756401 -0.19903739 -0.27688003 5813351298282
-0.22053623 -0.19228604 -0.37154603 5813356589948
-0.22034836 -0.19470727 -0.3708328 5813361264898
-0.18196201 -0.19229656 -0.327767 5813366280314
-0.18198395 -0.19438404 -0.32844496 5813371207138
-0.30654526 -0.17719717 -0.29585302 5813376509274
-0.30660343 -0.1784984 -0.29659116 5813381239998
-0.25873852 -0.13158885 -0.03840041 5813386245408
-0.25874996 -0.1322284 -0.038639307 5813391114640
-0.30187607 -0.1851724 -0.029343486 5813396121252
-0.30188847 -0.1848477 -0.029348612 5813401256620
-0.25398636 -0.25123802 -0.14876878 5813406103391
-0.25394344 -0.2503617 -0.14824677 5813411041101
-0.29699516 -0.25393283 -0.29607713 5813416101986
-0.29695034 -0.25248957 -0.29540074 5813420994591
-0.3447647 -0.22684446 -0.21787465 5813426015060
-0.34469986 -0.22500962 -0.21696806 5813430937978
-0.25365257 -0.18937707 -0.192029 5813436274644
-0.2535572 -0.18757546 -0.19092798 5813440896729
-0.07145214 -0.10908519 0.030808091 5813445929957
-0.07122135 -0.107476845 0.032809854 5813450867407
0.005719185 -7.454157E-4 0.035407424 5813455911417
0.0060987473 3.5443902E-4 0.038287044 5813460823866
0.049635887 -0.003653288 -0.035089612 5813465842511
0.050084114 -0.003113985 -0.031876087 5813470763346
0.20371151 -0.0794628 -0.12483978 5813475900742
0.2040453 -0.079658866 -0.12259495 5813480721472
0.2618246 -0.08519694 -0.17326486 5813485886368
0.26207352 -0.086274296 -0.17180896 5813490800216
0.23833656 -0.19766109 -0.09408748 5813495804702
0.23853397 -0.19914673 -0.09309971 5813500749071
0.21956253 -0.2487841 -0.020442605 5813505754481
0.21969986 -0.25078118 -0.019988298 5813510607933
0.25331306 -0.14299457 0.032763362 5813515763714
0.25336456 -0.14529856 0.03255236 5813520554445
0.21985054 -0.061716676 0.017587423 5813525576944
0.21979713 -0.06444597 0.016545534 5813530517831
0.11915684 -0.05294296 0.1397624 5813535579445
0.11906052 -0.055772156 0.13839209 5813540466999
0.061450005 -0.053865522 0.016920924 5813545498613
0.061239243 -0.056487203 0.0148079395 5813550414396
0.07047558 0.3859815 0.46662706 5813555440020
0.07037544 0.38317272 0.46520787 5813560363563
-0.03925228 -0.2650057 -0.39847386 5813565412782
-0.03931141 -0.26668215 -0.39932358 5813570325752
-0.22077656 -0.93435156 -1.3062743 5813575396689
-0.22059155 -0.9354975 -1.3053095 5813580280909
-0.12421799 -0.3568695 -1.5024754 5813585522107
-0.12382603 -0.35729998 -1.4999185 5813590238827
0.06378269 1.1225351 0.77091974 5813595329451
0.06424618 1.122526 0.77406174 5813600194557
-0.57691 -0.3802364 2.654647 5813605340754
-0.5762491 -0.37928328 2.659354 5813610146329
-0.3555441 -1.3170799 -2.1163309 5813615151739
-0.3551674 -1.3157448 -2.1134574 5813620146955
0.22944069 1.5969727 1.2416149 5813625144871
0.2296009 1.5978926 1.2429258 5813630062737
-0.9291048 -1.8436761 0.7123225 5813635112216
-0.9287052 -1.8420495 0.715405 5813640016228
0.25462437 1.1281451 -1.2962054 5813645113050
0.2551136 1.1294203 -1.2926368 5813649973833
-1.0132904 -0.93745863 2.2115767 5813655007009
-1.01264 -0.9357223 2.2163017 5813659984094
0.22339153 0.11878827 -2.7880049 5813664965500
0.22391987 0.1195125 -2.784357 5813669894251
-0.37877083 0.08154431 2.487217 5813674944876
-0.37808228 0.08100951 2.491578 5813679853784
0.07742214 -0.78266144 -3.3084552 5813684872846
0.07804108 -0.7851548 -3.3050394 5813689814930
0.1123991 0.81599057 2.302103 5813694843576
0.113181114 0.8121607 2.3062172 5813699755817
-0.09697342 -1.5196707 -2.6714368 5813704791025
-0.096520424 -1.524452 -2.6697235 5813709712745
0.6127081 1.4965687 2.0059345 5813714755870
0.61313343 1.4906466 2.0071397 5813719682173
-0.2246294 -1.723992 -1.2972051 5813724698839
-0.22442436 -1.7302613 -1.297557 5813729678632
0.82451916 1.8734229 1.4892833 5813734658736
0.8246393 1.8660212 1.4880251 5813739579258
-0.44438648 -1.8095465 -0.07098055 5813744624518
-0.44445705 -1.8175906 -0.07373631 5813750068426
0.977643 1.8483018 0.34050846 5813754615249
0.9774437 1.8408163 0.3369956 5813759491187
-0.6172619 -1.8340782 1.4303503 5813764538270
-0.6171236 -1.8399293 1.4294512 5813769513159
0.9059439 1.1759305 -0.5236591 5813774511501
0.9063473 1.1708522 -0.52263796 5813779403221
-0.4481554 -1.4861783 2.535002 5813784438377
-0.4471922 -1.4896889 2.540103 5813789548430
0.5785017 0.6094993 -1.6108878 5813794402232
0.5793886 0.60723436 -1.6059206 5813799321608
-0.60241985 -0.53830695 3.3269167 5813804374160
-0.6014137 -0.5386734 3.3332043 5813809527651
0.35703468 -0.06442931 -2.240356 5813814319890
0.3576727 -0.063649386 -2.2360811 5813819257808
-0.35987663 0.35927486 3.4000554 5813824291506
-0.35914612 0.36104804 3.4051957 5813829482288
-0.07130909 -0.99220216 -2.3321824 5813834340934
-0.07081604 -0.9899287 -2.328397 5813839186924
0.011216164 0.9951166 2.8047166 5813844178018
0.011790276 0.9973923 2.808971 5813849267915
-0.5290098 -1.653441 -2.173368 5813854169686
-0.5287733 -1.6511784 -2.1712265 5813859056822
0.20424461 1.5735312 1.734372 5813864031711
0.20460701 1.5750831 1.737068 5813869030311
-0.73363495 -1.9380788 -0.9853264 5813874155156
-0.7332468 -1.9363803 -0.98244023 5813878969324
0.48361206 1.852608 0.65929765 5813884116043
0.48412323 1.85313 0.66257733 5813889053075
-0.7843437 -1.7713506 0.11960554 5813894099325
-0.7837944 -1.7708488 0.123093605 5813899064899
-0.23773193 -0.90438265 -0.7952237 5813903917705
-0.23759937 -0.9037939 -0.7942519 5813908862074
-0.24295616 -0.4734866 0.4710331 5813913917035
-0.24284267 -0.47357485 0.47169793 5813918796099
-0.13768578 -0.161827 0.331833 5813923822713
-0.13828373 -0.16201657 0.32813323 5813928759485
-0.10498619 -0.72707033 0.30283237 5813933999277
-0.10494995 -0.7261168 0.30332518 5813938715164
-0.014012337 -0.27918506 0.5429579 5813943733809
-0.014166832 -0.2777552 0.54242504 5813948708699
0.13411713 -0.19481725 0.49881434 5813953690737
0.13400078 -0.19275579 0.49869287 5813958612145
0.15780544 -0.25223005 0.6231382 5813963644488
0.15743923 -0.24916969 0.62176764 5813968567771
0.08008385 -0.21729292 0.9102059 5813973613968
0.07909012 -0.21390913 0.9050451 5813978524178
0.14504719 -0.33942738 0.8132367 5813983588240
0.14399433 -0.33559886 0.80778193 5813988515950
0.114183426 -0.5089567 0.6776186 5813993490839
0.11310768 -0.5051731 0.67194784 5813998451680
-0.088959694 -0.5355382 0.50403047 5814003471002
-0.0899992 -0.53217727 0.498415 5814008655014
-0.057497025 -0.41901574 0.47845697 5814013471941
-0.058478355 -0.4158854 0.47309518 5814018361265
0.06520939 -0.40780938 0.45446372 5814023383296
0.06466961 -0.40455776 0.45189798 5814028300277
0.06423664 -0.46354687 0.5745012 5814033305687
0.06386471 -0.46016195 0.57302135 5814038272153
-0.037008286 -0.3943244 0.5575688 5814043291631
-0.03723526 -0.39079276 0.55703664 5814048230174
8.735657E-4 -0.4060798 0.44184005 5814053357667
6.8950653E-4 -0.40240845 0.441594 5814058174030
-0.12418938 -0.44102287 0.39719665 5814063232779
-0.12458229 -0.43644983 0.3958174 5814068242937
-0.17763329 -0.36478832 0.20777893 5814073172155
-0.17798424 -0.35999808 0.20669687 5814078095594
-0.2932167 -0.37863484 0.13414574 5814083146271
-0.29346848 -0.37320596 0.13381696 5814088043824
-0.31759167 -0.39137527 -0.07190609 5814093078563
-0.31774902 -0.3852414 -0.07151353 5814098062263
-0.23655319 -0.38337123 -0.056984425 5814103076221
-0.2368393 -0.3760398 -0.057203293 5814108055962
-0.16536903 -0.32983696 -0.23975301 5814112988409
-0.16581917 -0.32133046 -0.24085939 5814117916171
0.010787964 -0.240188 -0.36229253 5814122944296
0.010071754 -0.23050827 -0.36499298 5814127880755
0.07144165 -0.07208425 -0.26819897 5814132919140
0.07049179 -0.062330842 -0.27253377 5814137822683
0.23233509 0.02450183 -0.34877574 5814142917996
0.23140526 0.034416974 -0.35311198 5814147803674
0.34035206 0.09758158 -0.42136157 5814152935965
0.33889484 0.107267275 -0.4293754 5814157778675
0.27545357 -0.7877621 -0.15796566 5814162769664
0.2745161 -0.7768555 -0.16256273 5814167694093
0.35898304 -0.44598144 0.9047678 5814172723832
0.3581648 -0.43580848 0.9006781 5814177645292
0.2944498 -0.81865954 1.0022228 5814182700656
0.2936573 -0.8086951 0.99810165 5814187615865
0.29726982 -1.5561216 -0.8379768 5814192640969
0.29640484 -1.5466714 -0.84282136 5814197608366
1.0520983 0.38194752 -1.9061519 5814202630970
1.0509462 0.38960245 -1.9132936 5814207527326
0.62378883 0.98642594 2.5338368 5814212578523
0.6228838 0.99331737 2.5281868 5814217478368
0.62147427 1.0070434 2.5195112 5814227425921
1.0230541 1.9232789 0.06860852 5814232468942
1.0222349 1.9289849 0.06326258 5814237383475
-0.6213207 -1.1939342 2.0765576 5814244631235
-0.621686 -1.1904902 2.0741878 5814247515871
0.6131277 1.1279298 -1.6742314 5814252338156
0.6123533 1.1337658 -1.6794187 5814257308268
-0.575922 -0.28161022 3.0512934 5814262535299
-0.57651615 -0.27496895 3.04734 5814267526915
0.07885361 0.02339371 -2.4732556 5814272285144
0.07814503 0.030462593 -2.4781108 5814277295458
-0.4492054 0.560413 3.038637 5814282470822
-0.44984818 0.56812257 3.0341673 5814287323629
-0.3165903 -0.7358178 -2.5788689 5814292198115
-0.3174305 -0.72688794 -2.5849102 5814297121814
-0.107481 1.380181 2.5380907 5814302239051
-0.108205795 1.3894057 2.5327234 5814307076398
-0.6022711 -1.320812 -1.8311795 5814312107856
-0.6030283 -1.3110249 -1.836986 5814317064316
0.32529354 1.8161272 1.8834593 5814322082545
0.3246231 1.8255686 1.8781183 5814327057435
-0.7966461 -1.6985766 -0.5606785 5814332038691
-0.7973108 -1.688565 -0.56618416 5814336945672
0.5572624 2.0182738 1.0906875 5814342029786
0.556695 2.0275352 1.0857658 5814346899996
-0.8947487 -1.7455138 0.53012836 5814351973225
-0.895072 -1.7359785 0.526893 5814356902184
0.4789629 1.921972 -0.275378 5814361923590
-1.0394611 -1.1907514 1.5384953 5814371924998
-1.0395279 -1.1820244 1.5370322 5814376766926
0.4879408 1.680659 -1.7777946 5814382030676
0.48782063 1.6884784 -1.7796903 5814387075937
-0.81468487 -0.44025043 2.2507997 5814391758854
-0.814641 -0.4333967 2.2502136 5814396692865
0.14776611 1.1001756 -2.5778232 5814401711143
0.14759827 1.1054479 -2.5798938 5814406639846
-0.60905457 0.6220637 2.9109938 5814411693752
-0.609107 0.6262048 2.9099517 5814416595940
-0.20227146 0.32786307 -2.6608849 5814421577759
-0.20248318 0.3307339 -2.6630063 5814426543077
-0.29834747 1.5685557 2.9717963 5814431612087
-0.29847717 1.569894 2.9705584 5814436505994
-0.70102406 -0.31140202 -2.3950722 5814441544536
-0.7013445 -0.31117678 -2.3976488 5814446465214
-0.016836166 2.331657 2.015463 5814451513755
-0.017127037 2.3301842 2.0133939 5814456416673
-1.0326395 -1.0666946 -1.4129528 5814461474746
-1.0328264 -1.0684614 -1.4141623 5814466378549
0.116345406 2.4679654 0.52992016 5814471408810
0.11620045 2.465189 0.5291973 5814476321571
-1.3157101 -1.2005721 -0.28104877 5814481371154
-1.3156929 -1.2027543 -0.28058112 5814486360218
0.2741909 2.2522821 -1.1841826 5814491354333
0.27422714 2.249917 -1.1835399 5814496233240
-1.0138121 -0.51982164 1.0245433 5814501276573
-1.0135784 -0.5216593 1.026672 5814506192928
-0.31939888 0.14136405 -0.19510567 5814511256314
-0.31892967 0.13965382 -0.19113386 5814516233242
-0.07470894 0.91818637 0.25456 5814521333237
-0.07461071 0.9156903 0.25568318 5814526123243
-0.1458826 0.18621859 -0.6207837 5814531140222
-0.14569569 0.18470603 -0.61909354 5814536268556
0.040984154 0.4506151 -0.18837464 5814541151883
0.04120159 0.44820735 -0.18634474 5814546064391
0.2188406 0.20209137 -0.4218366 5814551065432
0.21924973 0.2004978 -0.41843045 5814555972048
0.16671085 0.37576288 -0.6278417 5814561011162
0.16650105 0.37356007 -0.62921 5814565938664
0.30497265 0.44782665 -0.3829944 5814570962205
0.30465317 0.44547302 -0.38521624 5814575928456
0.35232925 0.47178394 -0.4344443 5814580919029
0.35214424 0.46925566 -0.4356084 5814585854134
0.26091576 0.6676675 -0.39415503 5814590877207
0.2605934 0.6648104 -0.39637804 5814595832521
0.4421692 0.6379293 -0.2937405 5814600828979
0.44182777 0.6347924 -0.29610467 5814605765542
0.27397728 0.6793104 -0.27863276 5814610793303
0.2737713 0.6756499 -0.279881 5814615950231
0.12993717 0.67210174 -0.31928146 5814620742314
0.12973785 0.6683969 -0.32051265 5814625678149
-0.047680855 0.7170516 -0.16887796 5814630783982
-0.047932625 0.7130587 -0.17051995 5814635743670
-0.04338646 0.7090971 -0.10027671 5814640823827
-0.043539047 0.70557976 -0.10120106 5814645589349
-0.067588806 0.6686423 -0.039529443 5814650638202
-0.06773281 0.6655829 -0.04044175 5814655572422
-0.12538147 0.5526974 -0.00821054 5814660566328
-0.12552738 0.5504847 -0.009221435 5814665503986
-0.25011063 0.47702676 -0.038510203 5814670521277
-0.25013256 0.47605973 -0.038612604 5814675775392
-0.2931614 0.38925803 -0.12900972 5814680474716
-0.2929802 0.38902867 -0.12753761 5814685400030
-0.2923832 0.3915102 -0.12293625 5814695671854
-0.29207897 0.2915007 -0.40307498 5814700400655
-0.29181576 0.2919173 -0.4010054 5814705316490
-0.37303925 0.3881125 -0.16018784 5814710371229
-0.37288475 0.38835782 -0.15898097 5814715479824
-0.3775549 0.37375244 -0.14365089 5814720329668
-0.37748718 0.37318146 -0.1430794 5814725229252
-0.25773907 0.4297942 0.015306473 5814730263731
-0.25765896 0.42847264 0.016032815 5814735280085
-0.20001411 0.3644628 -0.044631958 5814740218420
-0.19971752 0.36224568 -0.04212773 5814745171546
-0.21372604 0.30196616 -0.30727696 5814750280036
-0.21342468 0.29848343 -0.30468106 5814755085035
-0.34720707 0.3086431 -0.27817595 5814760251182
-0.3468809 0.30426544 -0.2753669 5814765156392
-0.2027483 0.27087554 -0.19953918 5814770235923
-0.20212364 0.26578584 -0.19441283 5814775345039
-0.34033298 0.34670705 -0.2944454 5814780040715
-0.33013916 0.43143135 -0.3899864 5814785099414
-0.3293314 0.41975823 -0.3833846 5814795195770
-0.17116547 0.29410118 -0.41561186 5814799952123
-0.17126465 0.28788874 -0.41623175 5814805036187
-0.066106796 0.27239293 -0.23080862 5814809905249
-0.0663023 0.26680624 -0.23224568 5814814845511
-0.11917019 0.16107786 -0.027804017 5814819861553
-0.11937332 0.15647003 -0.029342294 5814824823168
-0.05736637 0.109247364 0.08850229 5814829830512
-0.057497025 0.1069357 0.087491035 5814832542336
0.0043668747 0.2084698 0.07491708 5814839809107
0.004134178 0.20620254 0.073100686 5814844701712
-0.02963829 0.31932697 0.1237942 5814849842181
-0.029892921 0.31808418 0.121810436 5814854652648
-0.034998894 0.3412768 -0.0051722527 5814859749620
-0.03535843 0.34093305 -0.007972002 5814864602427
0.0599823 0.32646784 0.003055334 5814869652599
0.059497833 0.32663387 -7.4362755E-4 5814874760882
0.09736824 0.36524534 0.010194898 5814879596402
0.09695244 0.36572 0.006924629 5814884565622
0.07740021 0.34702617 -0.034530997 5814889590830
0.07700157 0.34746137 -0.03768289 5814894480675
0.07615185 0.34923467 -0.04442966 5814904432343
0.14280128 0.3878476 0.10091758 5814909473436
0.14250183 0.38797066 0.09851432 5814914389584
0.15182495 0.3497102 0.08212328 5814919590625
0.15163994 0.3496485 0.08062625 5814924382390
0.18980122 0.30643538 0.09860909 5814929379011
0.18972588 0.30609542 0.09800267 5814934351044
0.14664364 0.27209345 0.12683415 5814939348231
0.1467371 0.27152467 0.12758434 5814944258076
0.10384655 0.14639102 0.13879669 5814949300420
0.10415268 0.14556998 0.14125705 5814954244789
0.0040302277 0.18292202 0.0441581 5814959250629
0.004597664 0.18187533 0.04867363 5814964184120
0.034068108 0.19982179 0.02580607 5814969247036
0.034906387 0.19824284 0.032410264 5814974134746
0.031028748 0.22020227 -0.08016956 5814979161568
0.031957626 0.21780346 -0.0729543 5814984116830
-0.0580616 0.19112912 -0.16131306 5814989147976
-0.057126045 0.18796188 -0.15415597 5814994051050
-0.123220444 0.25123835 -0.13742483 5814999072820
-0.122294426 0.24709576 -0.13046277 5815004118551
-0.049547195 0.2715658 -0.0996536 5815009032769
-0.048618317 0.26683012 -0.09279752 5815013952146
0.014597893 0.271376 -0.23894656 5815019003499
0.015515327 0.26609904 -0.23230946 5815023930845
-0.12252045 0.2605698 -0.3461094 5815029030480
-0.121938705 0.25522852 -0.3420545 5815033867408
-0.19333076 0.0726903 -0.14759147 5815038928137
-0.19303131 0.06762843 -0.1456703 5815043832461
-0.19755554 0.08194963 -0.057818413 5815048874284
-0.19732285 0.07742149 -0.056402802 5815053789806
-0.35514736 0.025179714 -0.026537895 5815058813399
-0.3549404 0.021488398 -0.025276184 5815063729182
-0.33076572 -0.063209996 -0.08606255 5815068808765
-0.40223598 0.02781801 -0.15563083 5815078912880
-0.40208626 0.025564767 -0.15470505 5815083651944
-0.24392414 0.0809793 -0.10593259 5815088726111
-0.2437582 0.079081774 -0.104875684 5815093603612
-0.2818241 0.11078373 -0.07932246 5815098644080
-0.28152657 0.10913406 -0.07729185 5815103702780
-0.30526066 0.1747477 -0.15251064 5815108736686
-0.30522728 0.1736259 -0.15236163 5815113523353
-0.30533886 0.23501027 -0.062271714 5815118612780
-0.3054943 0.23429708 -0.06346285 5815123481792
-0.23862743 0.2243371 0.035814285 5815129191323
-0.23871326 0.22433594 0.03519237 5815133425803
-0.23893166 0.2263375 0.033774376 5815143375909
-0.28221416 0.29449433 -0.12551284 5815148520021
-0.2824726 0.29574737 -0.12729454 5815153371066
-0.30191994 0.2732849 -0.08144176 5815158369972
-0.3022251 0.2749653 -0.083538294 5815163314341
-0.14452839 0.19050351 -0.052237272 5815168319751
-0.14484978 0.19221662 -0.054463148 5815173253151
-0.18349552 0.34232816 6.364584E-4 5815178280911
-0.18382645 0.34397897 -0.0016703606 5815183216017
-0.0932045 0.32178485 0.01974988 5815188282577
-0.09356117 0.32350934 0.017238379 5815193158570
-0.055620193 0.32526833 0.043381095 5815198192997
-0.055968285 0.326778 0.040902138 5815203131175
-0.12332153 0.34267363 0.07217467 5815208347112
-0.12355232 0.3439553 0.070545316 5815213072686
-0.09499645 0.30229688 -0.016847253 5815218224978
-0.09512234 0.30350956 -0.01770854 5815223040239
-0.037828445 0.3093961 -0.03803301 5815228314979
-0.038014412 0.31001776 -0.03938639 5815232989042
-0.0046806335 0.32950458 0.040650487 5815238022896
-0.0048446655 0.3295718 0.039423823 5815243108575
0.0045614243 0.34361196 -0.043284535 5815248110085
0.0043497086 0.34300545 -0.04492092 5815252900972
0.004052162 0.31819737 -0.04243529 5815257949930
0.003684044 0.31723163 -0.045276403 5815262866285
0.017651558 0.29699743 0.037827373 5815267934563
0.017230988 0.2958604 0.034558177 5815272818682
-0.031105042 0.24678525 0.06933212 5815277856963
-0.031539917 0.24558015 0.06593394 5815282785922
-0.0032024384 0.22056279 0.15860713 5815287790033
-0.0035104752 0.2195769 0.15617013 5815292719830
-0.0037593842 0.17549887 0.1110903 5815297765402
-0.003955841 0.17471173 0.109514594 5815302682174
-0.07118225 0.13590059 0.13196969 5815307770299
-0.07129097 0.13554397 0.13109863 5815312637800
-0.047384262 0.17351127 0.049398184 5815317774363
-0.047358513 0.17318681 0.049571037 5815322592645
-0.13832664 0.17286354 -0.0126104355 5815327602954
-0.13836384 0.17275977 -0.012908697 5815332643740
-0.066672325 0.15375198 -0.057031274 5815337683583
-0.06686497 0.1538876 -0.058510184 5815342520668
0.0047216415 0.19258183 0.14078629 5815347853116
0.0045375824 0.19306819 0.13939464 5815352560200
-0.048285484 0.14098644 0.27235126 5815357506554
-0.04837036 0.14164057 0.27173734 5815362413326
-0.0627718 0.15662071 0.27629614 5815367421030
-0.062737465 0.15735202 0.27662086 5815372375046
-0.08654499 0.172405 0.16758442 5815377409473
-0.08638096 0.17306235 0.16890156 5815382332339
-0.18678856 0.20719177 0.10306001 5815387436192
-0.18669224 0.20765153 0.10384166 5815392283642
-0.04297352 0.23205537 -0.02489698 5815397322704
-0.042967796 0.23244497 -0.024818778 5815402242393
0.033592224 0.26147646 0.09449506 5815407289267
0.03350258 0.2614826 0.09380031 5815412195623
0.04775524 0.24231198 0.19347918 5815417240102
0.047697067 0.24220267 0.19302487 5815422153593
0.009419441 0.22276229 0.1453532 5815427320259
0.009551048 0.22239545 0.14633882 5815432107344
0.05763817 0.20298377 0.061699033 5815437140416
0.05786228 0.2028236 0.06341791 5815442070417
-0.028103828 0.15471974 -0.044996977 5815447149740
-0.027961731 0.15464433 -0.043905497 5815452023283
8.28743E-4 0.10664951 -0.08654165 5815457095783
8.5639954E-4 0.10654049 -0.086343646 5815462070888
0.034415245 0.101675205 -0.07645881 5815467155575
0.03448105 0.10163399 -0.07596004 5815472003702
0.0010290146 0.11131602 -0.16162884 5815477064066
0.0011072159 0.11142855 -0.16102397 5815481889224
0.020347595 0.14990267 -0.078939795 5815486936098
0.0204916 0.15010992 -0.07781577 5815491858808
0.092555046 0.087975815 -0.023316383 5815496921672
0.09284592 0.087939285 -0.021096587 5815501825684
0.016548157 0.0926242 -0.0761441 5815506832871
0.016859055 0.092630945 -0.07377422 5815511762716
0.074643135 -0.04611233 -0.17664814 5815516803549
0.0749073 -0.046179563 -0.17465007 5815521720790
0.07532692 -0.04589224 -0.17144072 5815531712874
0.02292347 0.04975891 0.036483526 5815537014020
0.023207664 0.04964023 0.038618565 5815541639334
-0.024350166 0.025735937 0.0075622797 5815546656312
-0.024021149 0.025642693 0.010028005 5815551593918
-0.042804718 0.011031091 -0.059039354 5815556803084
-0.042476654 0.010863334 -0.056592822 5815561537825
-0.1810255 0.034679376 -0.06861389 5815566578398
-0.18075371 0.03452505 -0.06659484 5815571585222
-0.15180683 -0.0039037466 -0.01710999 5815576748034
-0.15168858 -0.003965102 -0.016232252 5815581484546
-0.13733196 0.06321957 -0.016283154 5815586521889
-0.1374569 0.063544594 -0.017187 5815591420797
-0.15199089 0.03043148 0.06777239 5815596436370
-0.15216446 0.030895635 0.066509366 5815601618713
-0.1906271 0.031494543 0.12285423 5815606404652
-0.19073296 0.032217667 0.122116566 5815611320226
-0.24819851 -0.029122837 0.1269319 5815616348455
-0.24812126 -0.027757838 0.127599 5815621527831
-0.20013905 -0.0021807253 -0.005628586 5815626507623
-0.20005226 -5.8919936E-4 -0.004872203 5815631245957
-0.19998074 -0.08979408 -0.023376465 5815636261634
-0.19508553 0.0574605 -0.07023525 5815646260333
-0.19509983 0.05885064 -0.070253134 5815651143251
-0.16164207 0.03620757 -0.08020604 5815656177938
-0.16172028 0.037311256 -0.08072102 5815661105594
-0.2001257 -0.01927505 -0.05745995 5815666164658
-0.20022106 -0.018331531 -0.05811107 5815671055857
-0.3104763 -0.03142031 -0.04458356 5815676206013
-0.31061363 -0.030068453 -0.045541763 5815681196429
-0.25807667 -0.105134636 -0.041679382 5815686059035
-0.25817108 -0.103049725 -0.042271256 5815691109401
-0.1625166 0.0046080276 -0.04778099 5815696000077
-0.16265392 0.0071150064 -0.048690557 5815701100860
-0.16290092 0.012760572 -0.05027485 5815710992892
-0.028998375 0.0154680535 -0.35311115 5815715944611
-0.029267311 0.018140748 -0.35502374 5815721007372
-0.16368389 0.053852335 -0.1946994 5815725884247
-0.16415024 0.055808052 -0.19814456 5815730788936
-0.13112736 -0.014142375 -0.09648192 5815735824977
-0.13155079 -0.012620714 -0.09964228 5815740799866
-0.06962013 -0.016218035 -0.078082085 5815745779614
-0.06980705 -0.015165502 -0.07946527 5815750716854
-0.012419701 -0.0094555095 -0.051264048 5815755753677
-0.012415886 -0.008931436 -0.051219225 5815760713053
-0.11293316 0.010232117 0.0065392256 5815765702584
-0.11287403 0.010036293 0.006983161 5815770629565
-0.1942091 -0.023890853 -0.08349621 5815775647637
-0.19416237 -0.024467237 -0.0831548 5815780611285
-0.1798029 -0.025490835 -0.12632942 5815785811805
-0.17983723 -0.02671231 -0.1266303 5815790552067
-0.15115929 -0.10013338 -0.016959786 5815795812900
-0.15121078 -0.10175909 -0.017409563 5815800542484
-0.2661953 -0.06530496 0.020341992 5815805661807
-0.26623917 -0.06724225 0.019929647 5815810451131
-0.24231052 -0.09328961 0.05805123 5815815490662
-0.24232864 -0.09547797 0.05781281 5815820519726
-0.20407772 -0.02129506 -0.004974127 5815825459101
-0.2042284 -0.024058938 -0.0062582493 5815830523164
-0.20920181 -0.16110241 -0.01740539 5815835521654
-0.20938396 -0.1642299 -0.018962145 5815840351603
-0.20960999 -0.1628297 -0.040035725 5815845347748
-0.20986271 -0.16633421 -0.04218483 5815850294364
-0.18619633 -0.18441498 -0.10198903 5815855346760
-0.18641758 -0.1881665 -0.1039356 5815860226809
-0.12910652 -0.17790471 -0.1676178 5815865267230
-0.12923527 -0.18201429 -0.168903 5815870201085
-0.16775703 -0.1240225 -0.12299466 5815875222960
-0.16808319 -0.12836735 -0.12586284 5815880199367
-0.21639824 -0.12796384 -0.024223447 5815885210044
-0.2168827 -0.13238409 -0.028377175 5815890104889
-0.112091064 -0.09383267 4.1151047E-4 5815895136816
-0.11261177 -0.09838416 -0.004107952 5815900075932
0.12638855 -0.15572385 0.08790684 5815905085515
0.12604427 -0.16025753 0.08472741 5815910100204
-0.070611 -0.1409407 0.03373158 5815915184474
-0.070941925 -0.14533228 0.030625224 5815919976767
-0.09525013 -0.0683041 -0.015883803 5815925001298
-0.095630646 -0.07228183 -0.019388318 5815929954216
-2.8514862E-4 -0.0903503 0.0102956295 5815935008434
-7.534027E-4 -0.093647316 0.0061222315 5815939989113
0.080140114 -0.106109574 0.054317355 5815944916977
0.07964325 -0.10871476 0.04995668 5815949837708
-0.0069713593 -0.11614512 0.19940305 5815954859999
-0.0073127747 -0.11856763 0.19629014 5815959815209
0.0067224503 -0.0632905 0.13582957 5815964830573
0.006354332 -0.06527423 0.13253891 5815969742918
0.04905224 0.033493727 0.07155657 5815974820886
0.04869747 0.031910077 0.068416715 5815979718909
0.12024689 0.07353024 0.12337422 5815984725835
0.120038986 0.07218544 0.12146127 5815989662243
0.11989212 0.09455849 0.10564828 5815994684690
0.11981392 0.09271565 0.104720235 5815999617140
0.0383749 0.124199584 0.1759386 5816004672400
0.038381577 0.12222549 0.17569327 5816009562401
-0.023848534 0.20147271 0.15157425 5816014613651
-0.023871422 0.1994358 0.15107048 5816019636152
0.03351116 0.23580141 0.13096225 5816024554329
0.033394814 0.23385893 0.12968266 5816029498698
-0.00982666 0.21745239 0.21928173 5816034725111
-0.009858131 0.21548037 0.21869808 5816039621362
-0.009813309 0.15609892 0.24749082 5816044520841
-0.009708405 0.15416317 0.24803823 5816049386468
-0.16756439 0.18579471 0.08147323 5816054479592
-0.16743279 0.18422604 0.08230138 5816059345687
-0.20084286 0.091650546 0.006321192 5816064376260
-0.20076275 0.09021312 0.006734252 5816069312876
-0.35396004 0.15598841 -0.060255766 5816074792042
-0.3539734 0.15520337 -0.060510397 5816079259543
-0.28221226 0.17357342 -0.08991134 5816084288814
-0.2823248 0.17259312 -0.091023445 5816089230274
-0.11491966 0.118935764 -0.083196044 5816094257199
-0.11514759 0.11776814 -0.08530128 5816099171047
-0.16802597 0.12593587 0.032424808 5816104176457
-0.16816235 0.12450251 0.031032324 5816109133296
-0.10599899 0.0751933 0.08750713 5816114344859
-0.10603428 0.07388246 0.08696914 5816119092152
-0.12519073 -0.042353287 -0.037793875 5816124172881
-0.12515926 -0.04369369 -0.037784696 5816129062673
-0.19214916 0.045990035 -0.1333915 5816134310798
-0.19213581 0.044973463 -0.1334678 5816139005591
-0.24008083 0.02023384 -0.15807772 5816144054914
-0.24024582 0.019606352 -0.1595769 5816148962311
-0.13514137 -0.09621057 -0.07558477 5816154179550
-0.13537121 -0.097177714 -0.07770276 5816158910020
-0.11648941 -0.09346458 -0.18077207 5816163941166
-0.11677742 -0.09481785 -0.18346775 5816168861636
-0.0500803 -0.062929645 -0.07175839 5816173877883
-0.050421715 -0.06487328 -0.075060606 5816178819241
-0.04597473 -0.043205827 -0.016176105 5816183861845
-0.04628277 -0.045501158 -0.019287229 5816188774190
-0.099253654 -0.024037674 0.04946518 5816193867572
-0.0995121 -0.026641905 0.046691418 5816198740441
-0.013561249 0.013660088 0.034450293 5816203773618
-0.013729095 0.010947138 0.03241408 5816208697838
-0.04254532 -0.053894043 0.059839606 5816213736848
-0.042570114 -0.056336075 0.05908501 5816218640495
-0.13357544 -0.08736499 0.024831295 5816223705130
-0.13364697 -0.08932535 0.023768544 5816228601954
-0.061864853 -0.047096357 0.12854028 5816231194141
-0.06223774 -0.051594004 0.12426138 5816248554612
-0.043210983 -0.057372913 0.1947543 5816253985237
0.028215408 0.07504809 0.24353397 5816263654092
0.028010368 0.07436243 0.24157917 5816268423521
0.027804375 0.1070725 0.20605987 5816273749666
0.027665138 0.106184006 0.20462352 5816278392376
0.0036296844 0.057117134 0.17956692 5816283422167
0.0035963058 0.055873215 0.17898268 5816288356231
-0.03951645 -0.017170459 0.16416997 5816293339508
-0.039533615 -0.018447429 0.16371244 5816298289826
-0.044350624 -6.1169267E-4 0.06736183 5816303326180
-0.044428825 -0.001699537 0.06640959 5816308561962
-0.011019707 0.1075584 0.12747002 5816313278628
-0.011152267 0.10680607 0.12610698 5816318203317
0.022241592 0.058143467 0.0769248 5816323248786
0.022136688 0.057420462 0.07580876 5816328163579
0.017259598 0.07592493 0.15147823 5816333191495
0.017160416 0.07530475 0.15043825 5816338117278
0.031431198 0.06997013 0.17819196 5816343171236
0.03138256 0.06954342 0.17764586 5816348072956
0.055366516 0.049958766 0.20185179 5816353107382
0.055490494 0.04962969 0.20287329 5816358030092
-0.02573204 0.054210007 0.075139284 5816363035502
-0.025558472 0.054152787 0.07667482 5816368010392
0.04158306 0.011279315 -0.0372684 5816373031759
0.04158497 0.011595637 -0.037177563 5816378030511
0.03189373 0.050451845 -0.023690462 5816383003844
0.03168869 0.050845027 -0.025416017 5816388052074
0.036234856 0.07032132 -0.075369716 5816392943220
0.035956383 0.070867956 -0.077717304 5816398013638
0.002161026 0.13372695 -0.10877168 5816403170825
0.0019016266 0.13420576 -0.110975504 5816407808378
-0.09420681 0.1730006 -0.027716398 5816412882545
-0.09456539 0.17346656 -0.030830264 5816417768744
0.015254021 0.08777833 0.14363891 5816422810775
0.015082359 0.088127375 0.14217144 5816427717547
0.019861221 -0.031515777 0.32884777 5816432750359
0.02000618 -0.031596094 0.3301413 5816437681610
-0.05629444 -0.02708739 0.179676 5816442709423
-0.055872917 -0.02743864 0.18338317 5816447623070
-0.14642334 0.0154465735 0.033954144 5816452662028
-0.1460762 0.015415311 0.037047863 5816457583227
-0.12186241 -0.051652938 0.082564 5816462616768
-0.121665955 -0.051768363 0.08427584 5816467767395
-0.1693964 0.005536437 0.17659014 5816472742284
-0.1692295 0.005356759 0.17802268 5816477717174
-0.14512062 -0.023561537 0.13636076 5816482526874
-0.14498615 -0.02362606 0.13754463 5816487554897
-0.1927805 0.033906728 0.114412546 5816492519167
-0.19272327 0.033917904 0.11492145 5816497626668
-0.19265842 6.0486794E-4 0.21609604 5816502451512
-0.19254589 9.480119E-4 0.21717334 5816507386201
-0.07268524 -0.12786473 0.046239138 5816512407763
-0.072532654 -0.12740786 0.04769802 5816517324379
-0.22083378 0.011664271 -0.06594813 5816522356358
-0.22071075 0.011724502 -0.06485212 5816527316723
-0.2062149 0.040465236 -0.05412233 5816532347192
-0.2060833 0.04032445 -0.053008676 5816537250110
-0.15328693 0.0016001463 -0.18609476 5816542267453
-0.15316772 9.784997E-4 -0.18519509 5816547624017
-0.10042381 0.06266254 -0.16555202 5816552224433
-0.10037422 0.061876655 -0.16531622 5816557155841
-0.03331089 0.06572834 -0.14616859 5816562186309
-0.03332615 0.06459665 -0.14658165 5816567307457
-0.042959213 0.0634501 -0.037217617 5816572134331
-0.043049812 0.062442333 -0.03826952 5816577181624
-0.11021614 0.018485785 -0.12101936 5816582235009
-0.11038399 0.017727882 -0.122685194 5816587342459
-0.048265457 -0.011544287 -0.004261732 5816592050740
-0.048348427 -0.011856765 -0.0050629377 5816597026574
0.07134819 -0.045382544 -0.07701659 5816602001105
0.07139683 -0.04527639 -0.07655716 5816607172929
-0.0051555634 0.0029329658 -0.12381697 5816611960169
-0.005138397 0.0034626424 -0.1235311 5816616880170
-0.105727196 0.037639976 -0.061400533 5816621917670
-0.10580635 0.038440585 -0.061887503 5816627080171
-0.086740494 0.111185074 0.042907 5816631920744
-0.086833954 0.112287045 0.042360425 5816636798609
0.027947426 0.10393667 0.118041515 5816641878088
0.027752876 0.105116665 0.11661589 5816646824131
-0.029923439 0.13492742 0.09582996 5816651780329
-0.030115128 0.13606101 0.094406486 5816656736580
-0.03985405 0.14668101 0.1458993 5816661744601
-0.0399971 0.1479218 0.14494061 5816666683193
-0.04015541 0.06324747 0.13432491 5816671732050
-0.040320396 0.06468114 0.13320684 5816676621947
-0.0022068024 0.061624587 0.06486225 5816681656373
-0.0024175644 0.063434124 0.06342423 5816686747521
-0.04572487 0.074670255 0.124184966 5816691608354
-0.045934677 0.07634917 0.12271142 5816696546220
-0.089217186 0.025431365 0.21243393 5816701564813
-0.0893631 0.027167827 0.21153712 5816706515335
-0.0367918 -0.019049004 0.26848763 5816711522470
-0.036828995 -0.017665043 0.26847476 5816716440024
-0.031985283 0.06965476 0.28359085 5816721474034
-0.031848907 0.070604116 0.28503472 5816726444868
-0.017316818 0.13369782 0.2579924 5816731419757
-0.01710987 0.13424382 0.2599628 5816736356901
-0.05995941 0.15371811 0.18082362 5816741389817
-0.059675217 0.15387538 0.18338364 5816746602943
-0.08335304 0.13005908 0.15702099 5816751344922
-0.08306503 0.13016933 0.15959007 5816756289291
-0.03966713 0.087047115 0.10958099 5816761318933
-0.039344788 0.086994246 0.11239505 5816766260237
-0.120428085 0.04871744 0.11999428 5816771291122
-0.12013531 0.048853397 0.12258685 5816776229561
-0.15820694 0.015808389 0.009826899 5816781227790
-0.15803242 0.016449377 0.011496663 5816786148624
-0.19140625 0.04606746 -0.010989308 5816791181020
-0.19126892 0.047198072 -0.00954926 5816796125657
-0.19592953 0.053178698 -0.0704273 5816801133573
-0.19582558 0.054335564 -0.06927168 5816806063574
-0.11432743 0.09385112 -0.09212446 5816811094876
-0.07586002 0.14860924 -0.18606663 5816821070398
-0.07583237 0.14943789 -0.18565083 5816825961649
-0.0662756 0.054620355 -0.13294601 5816831081753
-0.06634045 0.05557613 -0.13331199 5816835930140
-0.099951744 -8.0883503E-4 -0.028539658 5816840965243
-0.10002899 4.3952465E-4 -0.028947115 5816845897901
-0.071352005 0.011488572 -0.057830095 5816850965609
-0.071367264 0.012881607 -0.057676315 5816855855298
-0.018679619 0.01906246 -0.06683552 5816860877120
-0.018650055 0.020517468 -0.066286445 5816865785611
-0.1095829 -0.016231 -0.15654051 5816870840246
-0.10956478 -0.014760196 -0.15609336 5816875760873
-0.0952158 -0.027431354 -0.13195276 5816880875612
-0.095264435 -0.025898024 -0.13207245 5816885697228
-0.14323616 0.018802524 -0.089413404 5816890734051
-0.14333439 0.020436987 -0.089942336 5816895655771
-0.057224274 0.13199688 -0.13346636 5816900661181
-0.057296753 0.13306724 -0.13388753 5816905610303
-0.06694412 0.14839555 -0.11036813 5816910646761
-0.066999435 0.14907014 -0.11072302 5816915566866
-0.086195946 0.07783334 -0.13492692 5816920755408
-0.08623791 0.0781876 -0.13521695 5816925546294
-0.08631992 0.059328318 -0.040106058 5816930553742
-0.086458206 0.05956392 -0.04125774 5816935736868
-0.08180714 0.07884179 0.043764114 5816940775826
-0.08191395 0.07879537 0.042826295 5816945445463
-0.07721424 0.097783566 0.14737141 5816950467442
-0.07729626 0.0977076 0.14664114 5816955393277
-0.1348362 0.016260907 0.16030777 5816960462912
-0.13489914 0.016395673 0.15978444 5816965372653
-0.1349287 0.002227798 0.11646521 5816970494631
-0.13490582 0.0024134219 0.11670208 5816975318174
-0.16833115 -0.0021574646 0.069669366 5816980556195
-0.16820145 -0.0019142926 0.07085383 5816985405780
-0.263834 -0.10219309 -0.023691773 5816990400831
-0.2637291 -0.101886466 -0.022714257 5816995230051
-0.31154728 -0.03420928 -0.012446165 5817000940780
-0.3115549 -0.033694252 -0.012423873 5817005192761
-0.20624352 0.005188182 0.011340857 5817010200990
-0.20627308 0.0056552887 0.011168122 5817015137866
-0.13924026 0.039579794 -0.031888008 5817020310885
-0.13921833 0.039851323 -0.03164947 5817025090471
-0.057831764 0.04481572 0.03527987 5817030118491
-0.057901382 0.04507585 0.034723163 5817035039378
-0.17296696 0.021459475 0.043110132 5817040319326
-0.17311573 0.02174005 0.041873336 5817044994379
-0.058363914 0.093916014 -0.06967986 5817050029379
-0.058529854 0.09427644 -0.07106078 5817054966880
-0.010817528 0.11852132 -0.08207667 5817060157974
-0.010966301 0.11876069 -0.08332741 5817065080110
-0.044608116 -7.029921E-4 -0.05084777 5817070000527
-0.04468441 -4.440099E-4 -0.051469684 5817074895424
-0.13088512 0.05255115 -0.06584895 5817080104330
-0.13087654 0.052897215 -0.06571472 5817084846206
-0.054268837 0.010281831 -0.0944134 5817089857456
-0.054294586 0.010864988 -0.094537854 5817094785738
-0.11182499 0.0020106882 -0.095012546 5817100067248
-0.11193848 0.0027662218 -0.09586692 5817104740271
-0.02109909 -0.00601466 -0.0059717894 5817109776052
-0.021217346 -0.0053167045 -0.0068787336 5817114689647
0.021792412 0.04811451 0.11699629 5817119721990
0.021743774 0.04874967 0.11668837 5817124647825
0.03614807 0.06371528 0.20333475 5817129653235
0.036325455 0.06411193 0.20496398 5817134641628
0.065359116 -0.021873534 0.1741404 5817139719075
0.06575012 -0.02126351 0.1776554 5817144556837
-0.10138416 0.051300853 -0.028892636 5817149598503
-0.10090542 0.052213043 -0.024584055 5817154525380
-0.10034561 0.16835295 -0.06262338 5817159594754
-0.09980106 0.1693537 -0.057765722 5817164478037
-0.123334885 0.10334225 -0.23605025 5817169598245
-0.12311745 0.104362026 -0.23402154 5817174425798
-0.0798893 0.09114045 -0.18960536 5817179515642
-0.07985401 0.09227362 -0.18911743 5817184384914
-0.09439564 0.112553105 -0.44900274 5817189415330
-0.09486389 0.11381228 -0.45280182 5817194344134
-0.066859245 0.010038406 0.048797607 5817199387779
-0.067658424 0.011613816 0.04215169 5817204346114
0.041701317 -0.06820486 0.11231184 5817209355749
0.040995598 -0.066592954 0.106411695 5817214383823
0.011693001 0.0066564977 0.15907437 5817219297625
0.011249542 0.008110002 0.15540665 5817224251949
0.02527523 0.06695591 0.047281265 5817229244084
0.024971962 0.06802188 0.04476428 5817234405492
7.982254E-4 0.02079989 0.071545005 5817239197256
6.284714E-4 0.021056488 0.07007682 5817244132628
-0.018630028 0.08798745 0.13616264 5817249184451
-0.018680573 0.087480634 0.13562858 5817254087108
-0.109684944 0.09140244 0.19273025 5817259135233
-0.109703064 0.0904479 0.19241482 5817264040547
-0.07138634 0.12771113 0.28809518 5817269073619
-0.071359634 0.126533 0.28813952 5817273992423
0.04843712 0.07246201 0.26474178 5817279024141
0.048602104 0.07100916 0.26596463 5817283941018
-0.12832737 -0.0025173575 0.1098125 5817288975653
-0.12804127 -0.004376501 0.11203599 5817293900706
-0.32408047 0.09410979 -0.23055077 5817298932164
-0.323905 0.09232198 -0.22930849 5817303907054
-0.15635395 -0.0043875277 -0.23942542 5817309287426
-0.1565752 -0.0049717426 -0.24148965 5817313870812
-0.27663803 -0.06815627 -5.763769E-4 5817319130552