
-0.48463067 -0.5484082 -0.45876437 5808791438609
-0.48464268 -0.5483587 -0.45879966 5808796524755
-0.48467505 -0.54831517 -0.4588374 5808801392673
-0.48473606 -0.54827297 -0.45887652 5808806498870
-0.4848213 -0.5482334 -0.45891643 5808811351944
-0.48493284 -0.5481819 -0.4589775 5808816385590
-0.48507518 -0.5481211 -0.4590522 5808821319445
-0.4852551 -0.5480433 -0.45914915 5808826339966
-0.48545784 -0.5479458 -0.45926404 5808831274290
-0.48567265 -0.54782325 -0.4594068 5808836336061
-0.48589295 -0.54768914 -0.45956007 5808841229083
-0.48613134 -0.5475487 -0.45972148 5808846278197
-0.48636687 -0.5474212 -0.45986918 5808851187000
-0.48660544 -0.54730123 -0.46001178 5808856217417
-0.48684198 -0.5471927 -0.46015048 5808861267158
-0.4870746 -0.54710513 -0.46027216 5808866253355
-0.48730195 -0.54703903 -0.46037012 5808871135284
-0.48753586 -0.54697907 -0.46045896 5808876256325
-0.48777246 -0.54696465 -0.4605492 5808881046951
-0.48799512 -0.54692423 -0.46061543 5808886290805
-0.48818973 -0.5468997 -0.4606646 5808891184140
-0.48837528 -0.54688644 -0.46070057 5808896125285
-0.4885433 -0.54687375 -0.46072274 5808901040339
-0.48869094 -0.54685324 -0.46074224 5808906102005
-0.48880386 -0.5468293 -0.46075463 5808910913673
-0.48889527 -0.54680526 -0.46075806 5808915954610
-0.4889542 -0.5467837 -0.46074513 5808920874560
-0.4889946 -0.546762 -0.4607151 5808925918413
-0.48901907 -0.54674333 -0.46066508 5808930822581
-0.48904723 -0.5467381 -0.4605842 5808935898987
-0.48908144 -0.5467467 -0.46047875 5808940788103
-0.48911902 -0.54675514 -0.46035355 5808945826905
-0.48915827 -0.5467616 -0.46022308 5808950733677
-0.48920497 -0.5467643 -0.46008492 5808955787479
-0.4892448 -0.5467677 -0.45995 5808960693730
-0.4892782 -0.5467725 -0.45981804 5808965726021
-0.48930046 -0.54677016 -0.4597043 5808970652898
-0.48931125 -0.5467559 -0.45960233 5808975696387
-0.4893147 -0.54674643 -0.4595059 5808980636597
-0.4893209 -0.5467532 -0.45940873 5808985611486
-0.4893363 -0.5467733 -0.45930457 5808990569150
-0.48936105 -0.546819 -0.45918438 5808995589827
-0.4893923 -0.54689753 -0.45905107 5809000761389
-0.48942465 -0.54698974 -0.4589158 5809005555140
-0.4894548 -0.5470717 -0.4587874 5809010469308
-0.48947942 -0.54713386 -0.4586787 5809015498631
-0.489505 -0.5471798 -0.4585853 5809020754049
-0.48953798 -0.5472209 -0.45850378 5809025460975
-0.48957306 -0.5472525 -0.45843622 5809030384675
-0.48959595 -0.54726183 -0.45839623 5809035418945
-0.48959386 -0.5472642 -0.45838144 5809040469207
-0.4895802 -0.54726344 -0.45838356 5809045372488
-0.48957342 -0.54727304 -0.45838088 5809050300718
-0.48957658 -0.54729533 -0.4583712 5809055330353
-0.48958698 -0.5473338 -0.458354 5809060510719
-0.48959512 -0.5473813 -0.45833656 5809065283844
-0.4896075 -0.5474365 -0.45831844 5809070326293
-0.4896186 -0.5474929 -0.4583046 5809075374001
-0.48962843 -0.5475482 -0.4582951 5809080468430
-0.4896293 -0.5475954 -0.4582912 5809085328429
-0.48961082 -0.5476413 -0.45830184 5809090304889
-0.48959187 -0.54767776 -0.4583194 5809095281399
-0.48956466 -0.54771155 -0.45834124 5809100492025
-0.48953378 -0.5477382 -0.4583677 5809105206296
-0.48949847 -0.5477724 -0.4583943 5809110206870
-0.48946625 -0.54782313 -0.45840666 5809115270672
-0.48943672 -0.54788524 -0.4583971 5809119991608
-0.489404 -0.5479489 -0.45838287 5809125027539
-0.4893606 -0.5479976 -0.45837495 5809130092393
-0.48930562 -0.5480397 -0.45836362 5809135150778
-0.48925182 -0.54807866 -0.4583466 5809140155151
-0.48920298 -0.54811573 -0.4583232 5809145123591
-0.4891578 -0.5481484 -0.45829865 5809149875884
-0.48910952 -0.5481771 -0.45827278 5809154926769
-0.48906627 -0.5482119 -0.4582351 5809159840617
-0.48902962 -0.54825705 -0.4581898 5809164860468
-0.48900592 -0.5483124 -0.45812622 5809169843595
-0.48898703 -0.54836106 -0.4580619 5809174805157
-0.4889559 -0.5483887 -0.45801246 5809179925627
-0.48891863 -0.54838294 -0.4579855 5809184770731
-0.4888757 -0.5483456 -0.45797768 5809189957868
-0.48884392 -0.54829234 -0.45797852 5809194710940
-0.48881412 -0.54822785 -0.45798045 5809199698386
-0.4887871 -0.5481586 -0.45799094 5809204678910
-0.48877198 -0.54808515 -0.45801118 5809209590422
-0.48876828 -0.54800785 -0.45803493 5809214667401
-0.48877862 -0.5479353 -0.4580514 5809219604537
-0.48880452 -0.54786474 -0.45806387 5809224604120
-0.48884723 -0.5478019 -0.45806587 5809229501674
-0.48890272 -0.54773045 -0.45806962 5809234600267
-0.48896033 -0.5476659 -0.4580755 5809239496206
-0.48904577 -0.5476018 -0.4580801 5809244641206
-0.48914286 -0.54755557 -0.45807505 5809249449123
-0.4892614 -0.54751265 -0.45806894 5809254454852
-0.4893809 -0.5474738 -0.45807007 5809259491104
-0.4894901 -0.54742926 -0.45808542 5809264476676
-0.48957422 -0.547371 -0.45811996 5809269336261
-0.48963597 -0.54728884 -0.458188 5809274358917
-0.48967564 -0.5472038 -0.45827177 5809279270007
-0.48970765 -0.5471285 -0.45835274 5809284346001
-0.489731 -0.5470728 -0.45842057 5809289265638
-0.48974058 -0.54703116 -0.45848638 5809294269335
-0.4897488 -0.5470036 -0.45854798 5809299190847
-0.48976147 -0.54698795 -0.4586065 5809304235222
-0.4897715 -0.54698724 -0.45865336 5809309151109
-0.48977858 -0.5469958 -0.45869628 5809314183244
-0.48978722 -0.54701513 -0.4587325 5809319109547
-0.48979133 -0.5470362 -0.458764 5809324139391
-0.48979416 -0.5470583 -0.45878738 5809329062204
-0.48979524 -0.5470745 -0.4588119 5809334128350
-0.4897865 -0.5470805 -0.45884547 5809339063820
-0.48977903 -0.5470897 -0.45886734 5809344063142
-0.48977742 -0.54709154 -0.45888588 5809348972154
-0.48976946 -0.5470937 -0.45890364 5809354007623
-0.4897507 -0.54709196 -0.45891836 5809358928509
-0.4897277 -0.5470929 -0.45892686 5809363961217
-0.48969933 -0.5471043 -0.4589291 5809368903823
-0.48967588 -0.54713476 -0.45891443 5809373961010
-0.48965448 -0.54718506 -0.45888367 5809378846272
-0.48963448 -0.54724383 -0.45884466 5809383877574
-0.48960954 -0.5473041 -0.4588059 5809388805439
-0.4895915 -0.5473535 -0.4587628 5809393859293
-0.4895749 -0.54740393 -0.45871577 5809398902784
-0.489561 -0.5474491 -0.4586747 5809403885805
-0.4895517 -0.5474989 -0.45863748 5809408713410
-0.48953956 -0.54755074 -0.4585955 5809413985233
-0.48952398 -0.5475849 -0.45856586 5809418786797
-0.48951492 -0.54760313 -0.4585542 5809423780598
-0.48952517 -0.5476299 -0.45854095 5809428624454
-0.48955497 -0.54768085 -0.45851 5809433674714
-0.48959118 -0.5477473 -0.4584687 5809438693309
-0.48961502 -0.5478403 -0.45842126 5809443780340
-0.4896309 -0.5479526 -0.45836422 5809448652268
-0.48963353 -0.5480773 -0.4583073 5809453772789
-0.48961934 -0.54819465 -0.4582564 5809458508467
-0.48959494 -0.5483178 -0.4582124 5809463599977
-0.48956463 -0.5484395 -0.45817342 5809468452843
-0.4895292 -0.54858273 -0.45812684 5809474015551
-0.48950005 -0.54871255 -0.4580729 5809478416855
-0.4894744 -0.5488647 -0.45799753 5809483581750
-0.48944384 -0.54899865 -0.45793688 5809488502168
-0.4893964 -0.549113 -0.45789647 5809493514250
-0.4893331 -0.5491855 -0.4578823 5809498344617
-0.48925918 -0.5492363 -0.45788398 5809503357794
-0.4891965 -0.5492719 -0.45789465 5809508393726
-0.48914456 -0.54929644 -0.45791155 5809513688368
-0.48910758 -0.5492995 -0.45793614 5809518226234
-0.4890775 -0.54928166 -0.45798132 5809523302640
-0.48907906 -0.5492565 -0.45802838 5809528184255
-0.48911235 -0.5492254 -0.4580834 5809533433995
-0.48917028 -0.5491873 -0.45813343 5809538143111
-0.48924512 -0.54913145 -0.45819828 5809543350923
-0.4893175 -0.5490659 -0.45827082 5809548287799
-0.4893966 -0.5489843 -0.4583552 5809553340455
-0.4894696 -0.5489121 -0.45843235 5809558058946
-0.48955455 -0.54883987 -0.45850393 5809563187696
-0.48963776 -0.5487885 -0.45856223 5809568015197
-0.4897203 -0.5487359 -0.4586238 5809573254103
-0.4897782 -0.54868406 -0.45869082 5809578075198
-0.489814 -0.54862934 -0.45877314 5809583125250
-0.48982552 -0.5485778 -0.45885128 5809587920876
-0.48981285 -0.548526 -0.45893952 5809592939935
-0.48978364 -0.5484761 -0.459029 5809597884304
-0.4897355 -0.54843736 -0.4591079 5809602907856
-0.4896696 -0.5484003 -0.4591794 5809607835722
-0.48959288 -0.54836416 -0.4592438 5809612932646
-0.48951378 -0.54834807 -0.45929033 5809617793275
-0.48944286 -0.5483501 -0.45932502 5809622829681
-0.48938498 -0.5483705 -0.45933774 5809627804571
-0.48933688 -0.548413 -0.4593313 5809632907234
-0.48929733 -0.54846036 -0.45931765 5809637703641
-0.48926273 -0.548515 -0.4592981 5809642709051
-0.4892371 -0.54856664 -0.45927778 5809647831819
-0.4892075 -0.548619 -0.45925996 5809652722909
-0.48916715 -0.5486641 -0.4592528 5809657756664
-0.48911154 -0.5486903 -0.4592622 5809662891143
-0.4890498 -0.5487073 -0.45928752 5809667569634
-0.48898494 -0.5487187 -0.45932677 5809672745259
-0.48892045 -0.54873174 -0.4593656 5809677572343
-0.4888424 -0.54874 -0.45941594 5809682582030
-0.48876485 -0.5487446 -0.45946878 5809687500573
-0.4886837 -0.5487577 -0.45952496 5809692528594
-0.4886183 -0.54877996 -0.45956504 5809697436408
-0.48855707 -0.5488138 -0.45960337 5809702475105
-0.48850182 -0.54885507 -0.45963526 5809707410002
-0.48845384 -0.54890573 -0.45966274 5809712491148
-0.48840466 -0.54896724 -0.45968 5809717361722
-0.48834658 -0.5490317 -0.45969296 5809722413337
-0.48828095 -0.5490889 -0.45970148 5809727319015
-0.4882005 -0.54914504 -0.45970616 5809732608806
-0.48812255 -0.54920053 -0.45970225 5809737271151
-0.48803782 -0.54926074 -0.4596864 5809742578963
-0.48796633 -0.5493243 -0.4596574 5809747215423
-0.48789176 -0.5493963 -0.45961243 5809752351100
-0.48782107 -0.54947245 -0.45955604 5809757325945
-0.4877475 -0.5495582 -0.45949098 5809762226882
-0.48767254 -0.54964995 -0.45941925 5809767130842
-0.4876022 -0.54975 -0.4593436 5809772220893
-0.48752773 -0.5498456 -0.4592729 5809777089280
-0.48743987 -0.549944 -0.45920116 5809782306415
-0.48735884 -0.55003786 -0.45913577 5809787054333
-0.48726502 -0.55015355 -0.45905915 5809792242927
-0.48716775 -0.55028254 -0.45897633 5809797027824
-0.48706093 -0.5504354 -0.45888132 5809802028136
-0.48694953 -0.55058944 -0.45878032 5809806965585
-0.48682874 -0.55073994 -0.45868903 5809811985220
-0.48669964 -0.55089235 -0.4586042 5809816920274
-0.48656237 -0.5510424 -0.4585318 5809821971992
-0.4864278 -0.5511775 -0.45846644 5809826877566
-0.4863042 -0.55131274 -0.45838973 5809831895952
-0.48619553 -0.5514436 -0.45831773 5809836839703
-0.48609328 -0.55157125 -0.45824835 5809841862463
-0.48599523 -0.5516945 -0.45818552 5809846820693
-0.48590294 -0.5518003 -0.45813394 5809851811422
-0.485815 -0.55189234 -0.45809385 5809856759601
-0.48573175 -0.55197734 -0.45805967 5809861765382
-0.48566148 -0.5520578 -0.45802513 5809866719550
-0.4855984 -0.55214614 -0.4579746 5809871721216
-0.48554853 -0.5522435 -0.45791763 5809876645071
-0.4855084 -0.5523445 -0.4578679 5809881688925
-0.48547632 -0.55244786 -0.4578105 5809886726427
-0.48544866 -0.5525473 -0.4577589 5809891644864
-0.4854231 -0.55264664 -0.4577187 5809896553615
-0.4853998 -0.5527545 -0.45767438 5809901583406
-0.48536834 -0.5528732 -0.4576275 5809906545647
-0.48533908 -0.5529922 -0.45758095 5809911545751
-0.48530588 -0.5531062 -0.45753193 5809916469659
-0.48527345 -0.5532178 -0.45748124 5809921488617
-0.4852451 -0.5533172 -0.45743412 5809926428462
-0.48522806 -0.5534168 -0.45737496 5809931458253
-0.4852286 -0.5535299 -0.45729908 5809936393411
-0.48524275 -0.55365133 -0.457211 5809941415181
-0.485257 -0.5537907 -0.45711038 5809947053828
-0.48526743 -0.5539014 -0.4570236 5809951419193
-0.48526806 -0.5540405 -0.45691684 5809956348464
-0.4852691 -0.554198 -0.45679003 5809961279611
-0.48525286 -0.55438197 -0.45664623 5809966810028
-0.48521784 -0.55451894 -0.45653942 5809971243466
-0.4851499 -0.55466616 -0.45643193 5809976307060
-0.4850654 -0.5548031 -0.4563298 5809981327894
-0.4849775 -0.5549398 -0.45622057 5809986499300
-0.48489833 -0.5550606 -0.45612055 5809991158208
-0.48482218 -0.5551849 -0.4560126 5809996172530
-0.484758 -0.5553146 -0.45589975 5810001148313
-0.48470703 -0.555458 -0.4557847 5810006100915
-0.48467046 -0.5556208 -0.4556656 5810011317689
-0.4846412 -0.5557663 -0.45556542 5810016111178
-0.48460332 -0.5559073 -0.45548472 5810021008523
-0.4845548 -0.55605805 -0.45541102 5810026268419
-0.48451224 -0.55619127 -0.45535034 5810030960660
-0.484459 -0.556334 -0.45528904 5810036005555
-0.48439887 -0.55646586 -0.45523828 5810040923004
-0.48432133 -0.556602 -0.45519 5810046234775
-0.48424178 -0.55671304 -0.4551608 5810050873422
-0.48414788 -0.5568341 -0.45513114 5810056003890
-0.48406753 -0.5569548 -0.45508748 5810060841288
-0.48399618 -0.55708617 -0.4550349 5810065870089
-0.4839442 -0.55722207 -0.45497128 5810070785924
-0.48390514 -0.5573677 -0.45489755 5810075929934
-0.4838769 -0.55751556 -0.45482337 5810080977644
-0.4838535 -0.5576579 -0.45474735 5810085891491
-0.48382217 -0.5577956 -0.45467347 5810090723374
-0.4837756 -0.5579295 -0.45460275 5810095733947
-0.4837199 -0.5580486 -0.45453364 5810100664625
-0.48368543 -0.55810183 -0.45449445 5810103405822
-0.4835764 -0.5582343 -0.45439705 5810110657022
-0.4834942 -0.5583189 -0.45432314 5810115645511
-0.48341158 -0.5584017 -0.45423624 5810120578637
-0.48333248 -0.55847245 -0.45413116 5810125599315
-0.48318464 -0.5586141 -0.45390263 5810135558326
-0.48312542 -0.5586776 -0.45377532 5810140709473
-0.48307762 -0.5587346 -0.45364824 5810145504885
-0.48302463 -0.5587899 -0.45351195 5810150489369
-0.48296508 -0.558851 -0.4533661 5810155466661
-0.48291203 -0.5589203 -0.45321587 5810160393902
-0.48286104 -0.55900794 -0.4530479 5810165468012
-0.48281395 -0.55910647 -0.45287642 5810170346299
-0.4827627 -0.55922323 -0.45269817 5810175427809
-0.4827084 -0.559337 -0.45253274 5810180308435
-0.48264077 -0.55945194 -0.45237264 5810185473331
-0.4825754 -0.5595487 -0.4522393 5810190259061
-0.4824964 -0.5596453 -0.45211613 5810195308800
-0.48242024 -0.5597336 -0.4520051 5810200214895
-0.4823497 -0.5598321 -0.45189038 5810205254166
-0.48228785 -0.5599359 -0.45177656 5810210184896
-0.48222467 -0.56003493 -0.45166862 5810215217083
-0.48215097 -0.5601279 -0.4515682 5810220126929
-0.4820658 -0.56023014 -0.4514575 5810225219532
-0.48198637 -0.5603307 -0.45135146 5810230132242
-0.48190674 -0.5604273 -0.45124772 5810235125575
-0.48183024 -0.5605206 -0.4511447 5810240039587
-0.48174825 -0.56062263 -0.45103264 5810245166670
-0.4816718 -0.56071794 -0.45092195 5810250009015
-0.48159465 -0.5608151 -0.45080405 5810255043598
-0.4815208 -0.5609108 -0.45068806 5810259964016
-0.4814324 -0.56101054 -0.45057806 5810265010109
-0.48132882 -0.56111366 -0.45047662 5810270015520
-0.48121366 -0.56122214 -0.45037362 5810274996673
-0.4810946 -0.5613294 -0.45026186 5810279864487
-0.48096249 -0.56144357 -0.45013294 5810284894851
-0.4808193 -0.56157243 -0.44998604 5810289852613
-0.4806602 -0.5617157 -0.4498211 5810294869175
-0.48048946 -0.5618528 -0.44965488 5810299775582
-0.4802912 -0.56198436 -0.44948226 5810304900842
-0.4800974 -0.5621156 -0.4493103 5810309860115
-0.47989833 -0.5622606 -0.44911394 5810314914541
-0.47972125 -0.5624037 -0.44891164 5810319721574
-0.4795343 -0.56256664 -0.4486917 5810324720896
-0.47934607 -0.5627469 -0.44846436 5810329657148
-0.47916353 -0.5629554 -0.4482281 5810334674543
-0.4789887 -0.5631797 -0.4479781 5810339633086
-0.47881758 -0.5634037 -0.44772932 5810344636263
-0.47864568 -0.5636057 -0.4475038 5810349564598
-0.4784711 -0.5637941 -0.44729608 5810354594024
-0.47832114 -0.5639714 -0.44710043 5810359526109
-0.4781966 -0.5641511 -0.44690073 5810364549130
-0.4780908 -0.5643218 -0.44670734 5810369465589
-0.47799394 -0.56448954 -0.446516 5810374525276
-0.477894 -0.56464356 -0.44633874 5810379475486
-0.47779164 -0.5647766 -0.44617513 5810384456475
-0.4776991 -0.56488633 -0.44602367 5810389384393
-0.4776074 -0.56499344 -0.4458748 5810394413872
-0.47751665 -0.56510633 -0.44571993 5810399388762
-0.47743046 -0.5652215 -0.4455537 5810404504550
-0.4773493 -0.5653282 -0.4453868 5810409418398
-0.47725877 -0.5654272 -0.4452228 5810414423808
-0.47716725 -0.56550795 -0.4450731 5810419374344
-0.4770789 -0.56557655 -0.44492725 5810424426688
-0.47700503 -0.5656418 -0.4447904 5810429202366
-0.47694138 -0.56571543 -0.44464055 5810434241949
-0.47687358 -0.5657866 -0.44448873 5810439665909
-0.47682336 -0.5658419 -0.44437242 5810444187783
-0.4767571 -0.56591016 -0.44425026 5810449122212
-0.4766689 -0.56598115 -0.44414476 5810454157316
-0.476569 -0.5660522 -0.4440493 5810459359400
-0.4764658 -0.5661208 -0.443964 5810464108410
-0.47634432 -0.56620616 -0.44387072 5810469274297
-0.47623637 -0.5662926 -0.44378215 5810474062943
-0.47612068 -0.5663878 -0.4436846 5810479196329
-0.47602126 -0.56647164 -0.44359708 5810484030756
-0.47593242 -0.5665486 -0.44351324 5810488933309
-0.4758432 -0.56661916 -0.44342768 5810493968882
-0.4756422 -0.56676924 -0.4432247 5810503936487
-0.47555164 -0.56683683 -0.4431358 5810508859718
-0.47544524 -0.5669108 -0.44304037 5810513960134
-0.47532368 -0.56697565 -0.4429461 5810519139875
-0.47520614 -0.5670342 -0.4428562 5810523849614
-0.47506645 -0.5671045 -0.44275254 5810528863470
-0.47492346 -0.5671807 -0.44263905 5810533860501
-0.47476658 -0.5672648 -0.44251132 5810539045137
-0.47462034 -0.5673453 -0.4423926 5810543915814
-0.47447655 -0.56742126 -0.4422705 5810548821232
-0.4743279 -0.56749314 -0.44214272 5810553899773
-0.47419283 -0.5675488 -0.4420269 5810558775816
-0.4740618 -0.5675852 -0.44191837 5810563666597
-0.47392932 -0.56760395 -0.44182265 5810568582484
-0.47379825 -0.56762123 -0.44172794 5810573646911
-0.4736957 -0.5676353 -0.4416372 5810578585662
-0.47360358 -0.56765383 -0.4415437 5810583572381
-0.47351617 -0.56767607 -0.44145668 5810588495976
-0.47342563 -0.5676997 -0.44137576 5810593527121
-0.4733249 -0.5677288 -0.44129086 5810598443317
-0.47323525 -0.5677731 -0.44118822 5810603473008
-0.47316185 -0.5678365 -0.44108015 5810608428009
-0.4730833 -0.5679063 -0.44097307 5810613452175
-0.47301674 -0.5679751 -0.44086656 5810618396544
-0.4729649 -0.5680483 -0.44075722 5810623451031
-0.4729168 -0.56811994 -0.44065344 5810628424730
-0.4728681 -0.5681853 -0.44054982 5810633430140
-0.47281826 -0.5682423 -0.44045186 5810638489887
-0.47278368 -0.56828105 -0.44036895 5810643281651
-0.47276095 -0.56832165 -0.4402821 5810648256541
-0.47276595 -0.568365 -0.44018513 5810653283533
-0.47277135 -0.5684047 -0.4400961 5810658223899
-0.47276548 -0.5684449 -0.4400072 5810663237701
-0.47275078 -0.5684758 -0.4399245 5810668182070
-0.47273138 -0.5685107 -0.439842 5810673248522
-0.47271383 -0.56856626 -0.4397507 5810678134005
-0.4726896 -0.5686516 -0.43963468 5810683130620
-0.47265163 -0.56875217 -0.43951172 5810688065100
-0.47258338 -0.5688724 -0.43937987 5810693088798
-0.4724961 -0.56899804 -0.4392471 5810698010987
-0.4723874 -0.569133 -0.43911245 5810702985876
-0.47226653 -0.56927127 -0.43897793 5810707981300
-0.47214243 -0.5694053 -0.43885058 5810713008800
-0.47203058 -0.56953967 -0.43872106 5810717922390
-0.4719311 -0.56967866 -0.43858057 5810722956822
-0.4718406 -0.5698202 -0.43843225 5810727883333
-0.47175235 -0.569968 -0.43827823 5810732909114
-0.4716727 -0.57010883 -0.4381386 5810737836303
-0.47160172 -0.5702627 -0.43798685 5810742866771
-0.47153732 -0.57040393 -0.4378492 5810747792814
-0.47145802 -0.5705428 -0.43772396 5810752821720
-0.47138023 -0.5706809 -0.4376077 5810757757347
-0.47131118 -0.5708198 -0.43748996 5810762778857
-0.47124788 -0.5709637 -0.4373729 5810767719275
-0.47118506 -0.5711269 -0.43724743 5810772739066
-0.47111985 -0.57130325 -0.43711445 5810777661047
-0.47105253 -0.5714783 -0.43697876 5810782734484
-0.4709806 -0.5716229 -0.4368727 5810787627506
-0.4709067 -0.57175285 -0.43677184 5810792649849
-0.47084978 -0.5718579 -0.43668234 5810797589121
-0.47079724 -0.57195604 -0.4365872 5810802635475
-0.47074565 -0.572047 -0.4364874 5810807527768
-0.47068354 -0.5721439 -0.43637392 5810812573758
-0.47061613 -0.57224405 -0.4362497 5810817493863
-0.47056493 -0.5723892 -0.43612823 5810822518550
-0.4704845 -0.57251155 -0.43597144 5810827441677
-0.47038072 -0.572662 -0.43578568 5810832498655
-0.4702741 -0.57283086 -0.4355852 5810837398136
-0.47017798 -0.5730165 -0.43536583 5810842438552
-0.47008845 -0.57321453 -0.43513408 5810847365949
-0.4699893 -0.5734211 -0.43488196 5810852498866
-0.46988824 -0.57361 -0.43465185 5810857432148
-0.4697874 -0.57377374 -0.4344375 5810862360012
-0.469703 -0.5739118 -0.4342277 5810867271108
-0.46963263 -0.5740571 -0.43400937 5810872327878
-0.46957552 -0.57419974 -0.43380684 5810877248765
-0.46952474 -0.5743343 -0.4336175 5810882252879
-0.46948272 -0.57446194 -0.43344396 5810887183141
-0.4694425 -0.5745866 -0.43327686 5810892267255
-0.46939233 -0.5746926 -0.43313193 5810897144079
-0.46932238 -0.5747952 -0.43298286 5810902265590
-0.46925095 -0.574887 -0.43284962 5810907087101
-0.46915105 -0.5749927 -0.43270287 5810912607049
-0.46907067 -0.57507473 -0.43259397 5810917056269
-0.46897933 -0.5751669 -0.43246156 5810922229550
-0.46889937 -0.57524145 -0.4323403 5810927021315
-0.46880683 -0.5753159 -0.43221834 5810932054341
-0.46870893 -0.57537645 -0.4321079 5810937002417
-0.46860144 -0.57542264 -0.43200824 5810941991323
-0.4684975 -0.57545745 -0.43191317 5810946907626
-0.46838108 -0.57550097 -0.43179956 5810952286896
-0.46828863 -0.5755342 -0.43169767 5810956878564
-0.4681866 -0.57559234 -0.43155172 5810962002366
-0.46808964 -0.5756634 -0.4313937 5810966828565
-0.46798795 -0.5757696 -0.431194 5810972106586
-0.46790525 -0.575881 -0.4310004 5810976782108
-0.46780887 -0.5760089 -0.43076703 5810981958983
-0.46771866 -0.5761196 -0.4305464 5810986837161
-0.4676068 -0.57622224 -0.4303182 5810992038515
-0.46750796 -0.57629764 -0.43012637 5810996734714
-0.46740422 -0.5763772 -0.42992017 5811001726120
-0.4671597 -0.5765547 -0.42945758 5811011930288
-0.46706107 -0.5766198 -0.42927253 5811016606695
-0.46694845 -0.5767051 -0.4290675 5811021640862
-0.46667707 -0.57690066 -0.42865792 5811031617790
-0.46655452 -0.5769765 -0.42848778 5811036526749
-0.46642008 -0.57704544 -0.42833287 5811041586958
-0.46629614 -0.5770935 -0.4282139 5811046486646
-0.4661726 -0.5771395 -0.42811415 5811051560761
-0.46606427 -0.5771888 -0.4280303 5811056426908
-0.4659652 -0.57723653 -0.4279559 5811061464251
-0.4658772 -0.57728034 -0.4279064 5811066395607
-0.46579424 -0.57731026 -0.42788574 5811071468367
-0.46571612 -0.5773265 -0.42790082 5811076337691
-0.46563834 -0.5773445 -0.42793223 5811081498680
-0.46557444 -0.5773633 -0.42797616 5811086308942
-0.46550614 -0.57738686 -0.4280325 5811091323681
-0.4654301 -0.5774069 -0.4281042 5811096403526
-0.4653372 -0.5774181 -0.42818636 5811101286234
-0.46523076 -0.57742375 -0.4282814 5811106223423
-0.4651083 -0.57742816 -0.4283838 5811111442381
-0.46499187 -0.5774321 -0.42848262 5811116331393
-0.46486843 -0.5774399 -0.42857835 5811121217122
-0.46473345 -0.57745427 -0.42866808 5811126261394
-0.46461287 -0.5774753 -0.4287442 5811131181029
-0.46449873 -0.577516 -0.42880365 5811136124728
-0.46438748 -0.5775655 -0.42884606 5811141116186
-0.4642839 -0.57761407 -0.42887732 5811146043375
-0.46416995 -0.5776558 -0.42891145 5811151330198
-0.46407858 -0.57767975 -0.4289434 5811155987855
-0.4639868 -0.57769907 -0.4289768 5811161020876
-0.46391454 -0.5777175 -0.42900187 5811165954314
-0.46386158 -0.5777538 -0.4290065 5811170944153
-0.46382254 -0.5778088 -0.42898476 5811175946242
-0.463793 -0.5778696 -0.42894068 5811180938169
-0.46376354 -0.5779276 -0.42889324 5811185858796
-0.46372837 -0.57797676 -0.42885187 5811190927754
-0.46369535 -0.5780124 -0.4288221 5811195824630
-0.46364602 -0.5780427 -0.42879814 5811200850046
-0.4635982 -0.57808334 -0.42876047 5811206005829
-0.4635543 -0.5781275 -0.42870176 5811210801558
-0.46350795 -0.57818073 -0.42862955 5811215745927
-0.46345916 -0.5782498 -0.42854315 5811220751337
-0.46341217 -0.57832426 -0.42845428 5811225772810
-0.46335384 -0.57839686 -0.42836544 5811230888799
-0.46328893 -0.5784537 -0.42828944 5811235652759
-0.46322036 -0.5785204 -0.42820197 5811240668852
-0.46316156 -0.5785955 -0.4281075 5811245757239
-0.46309936 -0.5786845 -0.428013 5811250775937
-0.46303433 -0.5787791 -0.42792633 5811255653594
-0.46296978 -0.5788844 -0.42783293 5811260768646
-0.4629211 -0.5789795 -0.42775488 5811265503022
-0.4628687 -0.5790829 -0.42767859 5811270543751
-0.462809 -0.57919073 -0.4276099 5811275472919
-0.4627446 -0.5793054 -0.42754018 5811280491773
-0.46266845 -0.57942855 -0.42747265 5811285440160
-0.4625886 -0.5795625 -0.4273973 5811290464951
-0.4625065 -0.5796898 -0.4273265 5811295372817
-0.46242246 -0.57981104 -0.4272518 5811300406462
-0.46233252 -0.5799246 -0.42717934 5811305335943
-0.46224308 -0.58003396 -0.42710692 5811310361880
-0.46217072 -0.5801333 -0.42703593 5811315305006
-0.46210068 -0.58023876 -0.42694795 5811320360110
-0.4620374 -0.58033043 -0.42686623 5811325251205
-0.4619868 -0.58040863 -0.42678797 5811330316465
-0.46195048 -0.5804783 -0.42671585 5811335195894
-0.46192336 -0.5805395 -0.4266434 5811340231623
-0.46190912 -0.58058935 -0.42658633 5811345186936
-0.46191335 -0.5806361 -0.42652807 5811350197301
-0.46193138 -0.580684 -0.4264661 5811355105219
-0.46194422 -0.58073694 -0.42640308 5811360288708
-0.46195167 -0.5807766 -0.4263487 5811365101678
-0.461966 -0.5808144 -0.4262915 5811370099751
-0.4619814 -0.580844 -0.42623496 5811375034023
-0.46198973 -0.5808851 -0.42616042 5811380134752
-0.4619931 -0.5809419 -0.42606398 5811385688763
-0.46198022 -0.58099765 -0.42597353 5811390008242
-0.46194518 -0.58105254 -0.42586735 5811394935900
-0.46189624 -0.5810892 -0.4257739 5811399983295
-0.4618353 -0.5811038 -0.42570254 5811404946316
-0.4617561 -0.5811037 -0.42563438 5811409922880
-0.461668 -0.58110505 -0.42556038 5811414849652
-0.46157107 -0.58113027 -0.42546648 5811419919339
-0.46148762 -0.5811672 -0.42535672 5811424768453
-0.4614045 -0.5812141 -0.42522743 5811429832413
-0.46133235 -0.5812617 -0.42510206 5811434759706
-0.46126798 -0.581312 -0.42497095 5811439815955
-0.46121338 -0.5813637 -0.42483318 5811444955957
-0.46118325 -0.58140206 -0.42470083 5811449755436
-0.46118382 -0.58143383 -0.42456555 5811454676114
-0.4611878 -0.581473 -0.42443022 5811459701062
-0.46118864 -0.5814825 -0.42431858 5811464939813
-0.46117595 -0.58145326 -0.42424968 5811469655438
-0.46115044 -0.5814056 -0.42420825 5811474710595
-0.46111545 -0.5813502 -0.42418566 5811479615595
-0.46108067 -0.5812922 -0.4241657 5811484542625
-0.46104962 -0.5812527 -0.4241408 5811489548035
-0.46102726 -0.5812304 -0.42411026 5811494666170
-0.46102428 -0.5812346 -0.42406553 5811499529972
-0.4610443 -0.5812704 -0.4239996 5811504537265
-0.46107325 -0.5813398 -0.4239153 5811509532265
-0.46109393 -0.58142215 -0.42383376 5811514405651
-0.46110666 -0.58151 -0.42375004 5811519489453
-0.46110547 -0.5815959 -0.4236776 5811524358514
-0.46108434 -0.5816904 -0.42361262 5811529333403
-0.4610506 -0.58179927 -0.42355034 5811534314091
-0.46100888 -0.58192414 -0.42348155 5811539319501
-0.4609489 -0.5820399 -0.42342976 5811544278883
-0.4608611 -0.58213764 -0.42340413 5811549309300
-0.46076286 -0.58220947 -0.4234019 5811554222634
-0.460652 -0.582266 -0.42341834 5811559257374
-0.46053928 -0.5823106 -0.42345244 5811564252739
-0.46041864 -0.582355 -0.42349654 5811569231645
-0.4603092 -0.5823958 -0.4235394 5811574141803
-0.46019715 -0.5824442 -0.42357892 5811579192167
-0.46007937 -0.5825027 -0.42362463 5811584125606
-0.45995063 -0.58257586 -0.42366937 5811589160293
-0.45982492 -0.58268124 -0.42368415 5811594139565
-0.45969564 -0.5828144 -0.42366973 5811599086128
-0.45954406 -0.5829608 -0.42364937 5811604003937
-0.4593718 -0.58311534 -0.42362583 5811609165347
-0.45921078 -0.5832535 -0.42360786 5811613976547
-0.45903164 -0.5833878 -0.42359057 5811619113161
-0.45885122 -0.58350873 -0.4235825 5811623909725
-0.45865193 -0.5836365 -0.42357373 5811628963995
-0.45845956 -0.5837643 -0.42355847 5811633877330
-0.45826203 -0.58389944 -0.42354584 5811638972329
-0.45819464 -0.5839543 -0.42353874 5811640683372
-0.45790553 -0.5842015 -0.42347243 5811648865195
-0.45774227 -0.5843636 -0.42342296 5811653790821
-0.4575867 -0.5845424 -0.42335725 5811658824206
-0.45744526 -0.58472884 -0.42327675 5811663743426
-0.45731637 -0.58493406 -0.42318243 5811668796239
-0.45720533 -0.5851421 -0.42308193 5811673712750
-0.45711365 -0.5853505 -0.42298582 5811678746188
-0.4570506 -0.58555007 -0.42290556 5811683658376
-0.45699382 -0.5857504 -0.42282647 5811688702491
-0.45695427 -0.58592826 -0.4227631 5811693630096
-0.45694646 -0.5860966 -0.42269856 5811698650044
-0.45697573 -0.5862603 -0.4226273 5811703562957
-0.4570244 -0.5864267 -0.4225413 5811708604003
-0.45709428 -0.58658946 -0.4224384 5811713541661
-0.45716405 -0.5867506 -0.42232603 5811718654004
-0.45720142 -0.58687633 -0.42223337 5811723533276
-0.4572302 -0.5869857 -0.42214504 5811728632651
-0.45726243 -0.58708686 -0.4220568 5811733453433
-0.45730105 -0.5871979 -0.42195037 5811738483173
-0.4573418 -0.58730596 -0.42183274 5811743395309
-0.45737326 -0.5874141 -0.42171565 5811748439632
-0.45738867 -0.58750445 -0.42162034 5811753362342
-0.45739827 -0.58758193 -0.42153457 5811758425466
-0.45740563 -0.5876491 -0.42145702 5811763316249
-0.45740125 -0.58772826 -0.42137274 5811768361144
-0.45737812 -0.5878176 -0.4212941 5811773265417
-0.45734736 -0.5879201 -0.42120937 5811778331041
-0.45730662 -0.5880343 -0.42111766 5811783222657
-0.45725754 -0.588162 -0.42102578 5811788250313
-0.45721018 -0.5882974 -0.420934 5811793184273
-0.45715526 -0.58844554 -0.42083406 5811798221304
-0.4570982 -0.58859926 -0.42072272 5811803138024
-0.45707804 -0.5887933 -0.42057538 5811808211565
-0.45711744 -0.58903664 -0.42039 5811813104327
-0.4571874 -0.58932984 -0.42017108 5811818284326
-0.45724902 -0.5896028 -0.4199661 5811823056203
-0.45729506 -0.589871 -0.41977236 5811828081515
-0.45732734 -0.59010905 -0.41959223 5811833118704
-0.45735264 -0.59033704 -0.4194205 5811838082714
-0.4573668 -0.5905619 -0.41925403 5811842958444
-0.4573728 -0.59080744 -0.41906008 5811848115579
-0.4573533 -0.59102434 -0.41888338 5811852914747
-0.45730022 -0.5912471 -0.418692 5811858356100
-0.4572251 -0.59141463 -0.41854423 5811862978238
-0.45712307 -0.5915787 -0.4183841 5811867926050
-0.456998 -0.5917253 -0.41822463 5811872861729
-0.45684084 -0.5918613 -0.41806382 5811878209695
-0.4566886 -0.59197587 -0.41792518 5811882784438
-0.45651585 -0.59210986 -0.41775542 5811887812927
-0.45634058 -0.59224135 -0.41758126 5811892749803
-0.456148 -0.59238434 -0.417387 5811898056157
-0.45597765 -0.59252006 -0.41720924 5811902709596
-0.455803 -0.5926915 -0.4170012 5811907726367
-0.45562935 -0.59288335 -0.4167829 5811912662462
-0.4554478 -0.59309995 -0.41653693 5811917928607
-0.45528138 -0.5933036 -0.41630897 5811922614963
-0.45510355 -0.5935246 -0.41606113 5811927637098
-0.45492265 -0.5937346 -0.41582352 5811932558505
-0.45473105 -0.59394836 -0.4155774 5811937749130
-0.45454425 -0.5941445 -0.41535598 5811942601937
-0.45434484 -0.59434277 -0.41513422 5811947755798
-0.454165 -0.59451896 -0.4149327 5811952473664
-0.45399192 -0.59472334 -0.4146921 5811957739288
-0.45385176 -0.5949138 -0.41448256 5811962429550
-0.45370355 -0.5951245 -0.41426042 5811967496060
-0.45356074 -0.5953256 -0.4140522 5811972430697
-0.4534139 -0.59552 -0.4138521 5811977559811
-0.45327428 -0.5956853 -0.41368604 5811982353771
-0.45312595 -0.59586066 -0.4135215 5811987371895
-0.45297927 -0.59603775 -0.41336054 5811992310334
-0.4528177 -0.5962089 -0.4132172 5811997431480
-0.45264968 -0.5963427 -0.4131173 5812002254189
-0.45246065 -0.596458 -0.41303867 5812007293460
-0.4522829 -0.59655625 -0.4129766 5812012219555
-0.452137 -0.59665895 -0.41289243 5812017313825
-0.4520076 -0.5967662 -0.41280815 5812022163566
-0.45186105 -0.5968922 -0.41273326 5812027254920
-0.45172763 -0.5970134 -0.41266614 5812032131744
-0.45158994 -0.5971393 -0.41259262 5812037182317
-0.45144632 -0.59726995 -0.4125194 5812042299089
-0.45130795 -0.5973933 -0.41245005 5812047112318
-0.45115682 -0.5975204 -0.41237774 5812052034611
-0.45098427 -0.59764266 -0.41231093 5812057096486
-0.45079955 -0.5977439 -0.41226 5812062000289
-0.45060495 -0.5978325 -0.41221347 5812067022112
-0.45041502 -0.5979142 -0.4121736 5812071947634
-0.4502176 -0.59799844 -0.41212857 5812077190550
-0.45005497 -0.59807295 -0.4120741 5812081913729
-0.44988528 -0.59817064 -0.41199625 5812086931593
-0.4497193 -0.5982726 -0.41191643 5812091857532
-0.4495608 -0.59837496 -0.41183197 5812097026177
-0.44942716 -0.59847 -0.41174912 5812101825085
-0.4492984 -0.5985725 -0.4116618 5812106848209
-0.44917184 -0.5986622 -0.411579 5812111823099
-0.44902673 -0.5987376 -0.41150624 5812117174773
-0.44888958 -0.598784 -0.41146246 5812121856389
-0.44873178 -0.5988306 -0.41142055 5812126788784
-0.44857582 -0.5988759 -0.41138035 5812131719046
-0.44841555 -0.59892523 -0.4113387 5812136768889
-0.4482512 -0.5989698 -0.4113016 5812141905193
-0.44810432 -0.5989984 -0.41127813 5812146673109
-0.4479556 -0.59903204 -0.411256 5812151617478
-0.4478157 -0.59907085 -0.41123518 5812156644985
-0.4476899 -0.5991113 -0.4112154 5812161560872
-0.44756755 -0.5991538 -0.41119513 5812166893736
-0.44747615 -0.5992 -0.41116756 5812171515560
-0.44739553 -0.5992605 -0.41112116 5812176538216
-0.44732594 -0.5993212 -0.41108027 5812181474207
-0.4472644 -0.59938437 -0.41104302 5812186495092
-0.44721344 -0.5994459 -0.41099763 5812191428323
-0.44716573 -0.599505 -0.4109529 5812196459885
-0.44711587 -0.59956753 -0.41090342 5812201387230
-0.4470606 -0.59963703 -0.41084203 5812206408480
-0.4469902 -0.59969574 -0.41078755 5812211329158
-0.44689587 -0.59972334 -0.41076383 5812216390981
-0.44678754 -0.5997348 -0.41075596 5812221299888
-0.44665182 -0.5997476 -0.4107455 5812226334888
-0.44650328 -0.5997675 -0.41073227 5812231291921
-0.44635072 -0.59980214 -0.41071844 5812236336087
-0.44622 -0.5998575 -0.4106925 5812241210411
-0.4460985 -0.59992903 -0.4106538 5812246246342
-0.44599158 -0.59999645 -0.41061005 5812251195516
-0.44588774 -0.6000546 -0.41056532 5812256195464
-0.44579357 -0.6001125 -0.41051686 5812261109684
-0.44571295 -0.6001707 -0.41046032 5812266147965
-0.44564947 -0.60022676 -0.4104014 5812271092393
-0.44559026 -0.6002909 -0.41032898 5812276153018
-0.44554013 -0.6003627 -0.4102355 5812281022603
-0.445498 -0.6004433 -0.41012165 5812286110259
-0.44545564 -0.6005182 -0.4100024 5812291037656
-0.44540548 -0.6005863 -0.40987578 5812296011666
-0.44536683 -0.60064536 -0.40974128 5812300934219
-0.4453476 -0.60071236 -0.40958652 5812305974740
-0.44535112 -0.60079426 -0.4094115 5812310939272
-0.44536707 -0.60088664 -0.40922257 5812315925626
-0.4453853 -0.60098875 -0.40901908 5812320848648
-0.44540828 -0.6010898 -0.40880996 5812325877346
-0.44545048 -0.6011984 -0.40857297 5812331522139
-0.44547832 -0.6012789 -0.40839687 5812335874900
-0.44551024 -0.6013636 -0.40820566 5812340816201
-0.4455431 -0.60144055 -0.40802044 5812345753911
-0.4455798 -0.60151815 -0.40783167 5812350869378
-0.44561636 -0.6015956 -0.40765163 5812355787506
-0.44565898 -0.6016689 -0.4074845 5812360847349
-0.44568706 -0.60173434 -0.4073462 5812365650840
-0.44571587 -0.60179406 -0.40721494 5812370944538
-0.4457428 -0.6018506 -0.40711015 5812375605320
-0.44577914 -0.60193276 -0.4069835 5812380932976
-0.44579703 -0.6020241 -0.40686804 5812385575217
-0.44580528 -0.6021297 -0.40674123 5812390907769
-0.44579276 -0.6022041 -0.40666473 5812395515062
-0.44577077 -0.6022567 -0.40662044 5812400549124
-0.4457407 -0.6022816 -0.40661016 5812405499802
-0.4457026 -0.6022777 -0.40663508 5812410480112
-0.44566464 -0.6022452 -0.40669468 5812415632251
-0.44563255 -0.6022079 -0.40676335 5812420467720
-0.44561133 -0.60217005 -0.40683612 5812425392304
-0.44559252 -0.60213643 -0.4069126 5812430675637
-0.4455853 -0.6021073 -0.40699375 5812435350326
-0.44558313 -0.60207015 -0.40709025 5812440370847
-0.4455739 -0.60202193 -0.4071895 5812445283140
-0.44554973 -0.60195905 -0.40728772 5812450368660
-0.44551572 -0.6018959 -0.40737325 5812455282508
-0.44547978 -0.6018447 -0.40744165 5812460398818
-0.44545093 -0.6018209 -0.4074791 5812465206006
-0.4454332 -0.6018154 -0.40749332 5812470340850
-0.44542426 -0.6018215 -0.40749487 5812475167049
-0.4454192 -0.60184056 -0.40747976 5812480240278
-0.4454214 -0.6018686 -0.4074544 5812485121477
-0.4454195 -0.60188836 -0.40743986 5812487918247
-0.44542992 -0.601912 -0.4074098 5812495111374
-0.44542173 -0.60192925 -0.4073892 5812500115488
-0.44541958 -0.6019307 -0.40738153 5812505055905
-0.4454594 -0.60193217 -0.40732834 5812515178511
-0.44549608 -0.60195774 -0.4072758 5812520031167
-0.44555017 -0.60201013 -0.40719542 5812524960804
-0.4456202 -0.602082 -0.40709707 5812530025491
-0.44569 -0.6021466 -0.40700588 5812534894867
-0.44576657 -0.6021992 -0.40691483 5812539941117
-0.44582006 -0.60223615 -0.4068448 5812544890546
-0.44585332 -0.6022612 -0.40678367 5812549930649
-0.44586682 -0.60226727 -0.4067357 5812554846692
-0.44586122 -0.6022618 -0.40669176 5812559963619
-0.44583032 -0.6022507 -0.40665346 5812564780443
-0.44577584 -0.60222316 -0.4066231 5812569805912
-0.44571084 -0.6021942 -0.40660185 5812574733309
-0.4456354 -0.6021825 -0.40657315 5812579767059
-0.44555333 -0.60219294 -0.40652862 5812584688570
-0.44546896 -0.60222435 -0.40645662 5812589713674
-0.44538257 -0.6022669 -0.4063694 5812594635134
-0.4452843 -0.60231376 -0.4062759 5812599667321
-0.44517717 -0.60236585 -0.40618092 5812604586281
-0.4450724 -0.6024245 -0.40607885 5812609624558
-0.44497815 -0.6024888 -0.40597138 5812614538406
-0.44487983 -0.60255843 -0.40585294 5812619543816
-0.4447743 -0.6026184 -0.40573362 5812624507428
-0.44464952 -0.60267067 -0.40561938 5812629543574
-0.44452205 -0.6027109 -0.40551206 5812634463107
-0.44438905 -0.60275 -0.40539694 5812639494044
-0.4442533 -0.6027861 -0.4052821 5812644416024
-0.44411102 -0.6028164 -0.40516683 5812649492795
-0.443981 -0.60284287 -0.40505883 5812654372692
-0.44384417 -0.6028835 -0.40493137 5812659412848
-0.44370764 -0.602943 -0.40479755 5812664325453
-0.44357508 -0.60302776 -0.40464273 5812669358213
-0.44344437 -0.6031507 -0.4044603 5812674291340
-0.44331414 -0.6032942 -0.40426138 5812679316704
-0.44317156 -0.6034358 -0.40407327 5812684374674
-0.4430262 -0.6035532 -0.40391687 5812689271601
-0.44287348 -0.60364544 -0.40379155 5812694198425
-0.44271398 -0.603722 -0.4036978 5812699329466
-0.44256994 -0.6037751 -0.4036428 5812704279311
-0.44241858 -0.60379994 -0.40363774 5812709185561
-0.44225165 -0.60379875 -0.40367484 5812714122229
-0.44207177 -0.6037786 -0.40374884 5812719152958
-0.44190708 -0.603746 -0.4038453 5812724084990
-0.44175038 -0.60372245 -0.4039485 5812729107386
-0.4416031 -0.6037186 -0.40405273 5812734034002
-0.44145906 -0.6037368 -0.4041615 5812739049939
-0.44132218 -0.603782 -0.40425557 5812743971659
-0.44119817 -0.603843 -0.40434292 5812749004471
-0.4410832 -0.6039175 -0.40442356 5812753932858
-0.4409629 -0.60401356 -0.404489 5812758974264
-0.44084144 -0.6041108 -0.40453947 5812763929422
-0.44070697 -0.60420954 -0.4045699 5812768965352
-0.44056877 -0.6043076 -0.40457913 5812773855516
-0.44042075 -0.60439104 -0.40458488 5812778877808
-0.44027624 -0.60444653 -0.4046009 5812783827080
-0.4401353 -0.6044923 -0.4046071 5812788844736
-0.440004 -0.60453576 -0.40459624 5812793863747
-0.43988162 -0.60458064 -0.40457296 5812798800153
-0.43973383 -0.6046338 -0.40452272 5812804492914
-0.43961477 -0.6046857 -0.40446344 5812808703749
-0.43947047 -0.6047565 -0.40436792 5812813719269
-0.43930984 -0.60484064 -0.40425217 5812818645000
-0.43910557 -0.6049483 -0.40409586 5812824078697
-0.4389147 -0.60505587 -0.40393853 5812828606303
-0.43867555 -0.60520136 -0.40372947 5812833635834
-0.4384221 -0.60536087 -0.40350008 5812838567085
-0.43815494 -0.6055519 -0.40323904 5812843553177
-0.43787226 -0.6057788 -0.40294057 5812848581305
-0.43757483 -0.6060248 -0.4026193 5812853549638
-0.43725443 -0.6062879 -0.4022746 5812858473858
-0.436873 -0.60659707 -0.40187266 5812863773701
-0.4365277 -0.60688365 -0.40149206 5812868423234
-0.43614218 -0.60721916 -0.4010474 5812873464015
-0.43574476 -0.6075916 -0.40055603 5812878655631
-0.4353784 -0.6079431 -0.4000881 5812883362503
-0.43496677 -0.60829663 -0.3995937 5812888339017
-0.43452647 -0.6086165 -0.39912215 5812893366309
-0.43405315 -0.6089313 -0.39865386 5812898420529
-0.43354028 -0.6092636 -0.39817566 5812903556674
-0.4330389 -0.609555 -0.39774364 5812908248342
-0.43246013 -0.6098346 -0.3973094 5812913301102
-0.4318799 -0.6100613 -0.3969381 5812918206104
-0.43124825 -0.6102816 -0.39657462 5812923578447
-0.43073034 -0.61045223 -0.39629158 5812928200948
-0.4301864 -0.61064756 -0.39598522 5812933246104
-0.4296828 -0.6108572 -0.39568552 5812938229022
-0.4291949 -0.61109143 -0.3953741 5812943388709
-0.4287858 -0.61132133 -0.3950943 5812948081732
-0.4283807 -0.61158293 -0.39480302 5812953146679
-0.4280166 -0.61184126 -0.394538 5812958059441
-0.42765826 -0.61210275 -0.39429373 5812963082618
-0.42732456 -0.6123567 -0.39408496 5812968011629
-0.4270078 -0.61261064 -0.39389777 5812973016629
-0.42672324 -0.6128468 -0.39374703 5812977949859
-0.4264468 -0.6130767 -0.39362288 5812982988922
-0.42619354 -0.61329514 -0.393535 5812987894704
-0.42595917 -0.61352 -0.3934667 5812992942152
-0.42576998 -0.6137192 -0.39343193 5812997864445
-0.42561552 -0.61389077 -0.39344653 5813003006580
-0.42551553 -0.61402154 -0.39350772 5813007819915
-0.42544633 -0.61413854 -0.39360863 5813012857102
-0.42542335 -0.6142444 -0.39374384 5813017828197
-0.42544037 -0.61435616 -0.39390197 5813023031582
-0.4254939 -0.6144533 -0.39406 5813027748198
-0.42557582 -0.61453915 -0.39423808 5813032749812
-0.4258028 -0.6145992 -0.39472985 5813042938407
-0.42594197 -0.6146182 -0.39499694 5813047985283
-0.42607006 -0.61464626 -0.39523876 5813052729241
-0.42618808 -0.614682 -0.39547718 5813057600753
-0.42629632 -0.614713 -0.39572328 5813062664607
-0.4263935 -0.6147417 -0.3959682 5813067555858
-0.4264995 -0.6147853 -0.39621755 5813072589556
-0.4266151 -0.6148492 -0.3964423 5813077517057
-0.42674136 -0.6149306 -0.3966597 5813082522466
-0.4268786 -0.6150248 -0.39686286 5813087460860
-0.42703763 -0.61513895 -0.39705503 5813092501120
-0.42721087 -0.6152665 -0.39721456 5813097413101
-0.4273735 -0.61541885 -0.39733404 5813102448204
-0.42751974 -0.61557114 -0.39742333 5813107381956
-0.42764896 -0.61571896 -0.39748687 5813112411070
-0.42774996 -0.6158567 -0.3975343 5813117337478
-0.42783022 -0.6159993 -0.3975528 5813122432634
-0.42789826 -0.61614794 -0.39752483 5813127278312
-0.4279618 -0.6163184 -0.39744556 5813132346280
-0.4280243 -0.61648256 -0.39733505 5813137238209
-0.42808685 -0.6166459 -0.3971994 5813142313417
-0.42816216 -0.6167899 -0.3970539 5813147192533
-0.42825812 -0.6169214 -0.39689112 5813152237064
-0.42836204 -0.61703765 -0.39672703 5813157157586
-0.4284856 -0.61714864 -0.3965494 5813162192585
-0.4286318 -0.6172358 -0.39637688 5813167104618
-0.42880443 -0.6172998 -0.39620447 5813172137482
-0.42898783 -0.61734873 -0.3960265 5813177096286
-0.4291844 -0.61739457 -0.39583066 5813182101696
-0.42939335 -0.61743355 -0.39562118 5813187112068
-0.42960235 -0.61746186 -0.39541233 5813192061078
-0.4298179 -0.6174782 -0.39521003 5813197066489
-0.43002874 -0.6175004 -0.39500225 5813202005141
-0.43023562 -0.61752874 -0.3948002 5813206937799
-0.43044344 -0.6175532 -0.39460605 5813211965142
-0.43064946 -0.6175766 -0.3944216 5813216887331
-0.43086097 -0.6176042 -0.39424625 5813221929727
-0.431062 -0.61764115 -0.3940757 5813226862384
-0.43125015 -0.6176926 -0.39390194 5813231873061
-0.43141147 -0.61775315 -0.39373493 5813236799052
-0.43154216 -0.6177987 -0.39359027 5813241824625
-0.4316392 -0.61781746 -0.39348033 5813246816084
-0.431709 -0.6178174 -0.3933985 5813251790459
-0.43176666 -0.61780924 -0.39332917 5813256843794
-0.43181226 -0.6178071 -0.39325973 5813261742595
-0.4318614 -0.6178034 -0.39318857 5813267502960
-0.43192405 -0.6177887 -0.39313832 5813276891919
-0.43193513 -0.617786 -0.39313242 5813281613171
-0.4319463 -0.61777735 -0.3931353 5813286826452
-0.43194586 -0.6177708 -0.39315337 5813291618217
-0.4319364 -0.6177667 -0.39317736 5813296592493
-0.4319179 -0.6177671 -0.3932059 5813301510569
-0.43188813 -0.61777776 -0.39323828 5813306543850
-0.43184277 -0.61779976 -0.39327747 5813311474216
-0.4317979 -0.61782557 -0.39333254 5813316501089
-0.43175948 -0.61787 -0.39338377 5813321423175
-0.43173158 -0.6179335 -0.39342904 5813326471195
-0.43172124 -0.61800206 -0.39347225 5813331394478
-0.4317124 -0.6180699 -0.39353788 5813336726196
-0.43171152 -0.61811143 -0.39362413 5813341335000
-0.43174183 -0.61813366 -0.39374846 5813346371041
-0.4317874 -0.6181412 -0.39389452 5813351298282
-0.4318604 -0.6181295 -0.39406872 5813356589948
-0.431932 -0.61810213 -0.3942364 5813361264898
-0.43200597 -0.6180427 -0.3944327 5813366280314
-0.4320767 -0.6179583 -0.39463726 5813371207138
-0.4321769 -0.6178433 -0.3948697 5813376509274
-0.4322862 -0.6177292 -0.3950675 5813381239998
-0.43241894 -0.6176135 -0.39525327 5813386245408
-0.43253633 -0.6175145 -0.39540273 5813391114640
-0.4326441 -0.6174206 -0.39552584 5813396121252
-0.4327541 -0.6173367 -0.39560837 5813401256620
-0.43285355 -0.6172725 -0.3956528 5813406103391
-0.43294322 -0.6172245 -0.39566848 5813411041101
-0.4330258 -0.61718535 -0.39565617 5813416101986
-0.43310106 -0.61715364 -0.395624 5813420994591
-0.4331774 -0.61713105 -0.39556938 5813426015060
-0.43325502 -0.6171071 -0.39550975 5813430937978
-0.4333571 -0.6170699 -0.3954519 5813436274644
-0.43345064 -0.6170428 -0.39540023 5813440896729
-0.43355522 -0.61702335 -0.395339 5813445929957
-0.43365613 -0.6170288 -0.39526814 5813450867407
-0.4337615 -0.61705595 -0.39518914 5813455911417
-0.43386093 -0.61709934 -0.39510906 5813460823866
-0.43395343 -0.61716247 -0.3950259 5813465842511
-0.43404198 -0.6172275 -0.3949533 5813470763346
-0.43411207 -0.6172888 -0.3948958 5813475900742
-0.43415356 -0.6173472 -0.3948614 5813480721472
-0.43420053 -0.61743826 -0.3948722 5813485886368
-0.43420509 -0.61748993 -0.3948853 5813490800216
-0.43420163 -0.61753315 -0.39491463 5813495804702
-0.43418908 -0.61757785 -0.394954 5813500749071
-0.4341678 -0.6176225 -0.39500627 5813505754481
-0.43413243 -0.6176616 -0.39507517 5813510607933
-0.4340871 -0.6176925 -0.39516902 5813515763714
-0.43403122 -0.61771905 -0.39526322 5813520554445
-0.43395892 -0.61774135 -0.39537507 5813525576944
-0.4338663 -0.61775994 -0.3954936 5813530517831
-0.43375924 -0.6177789 -0.39561644 5813535579445
-0.43363386 -0.6178075 -0.3957252 5813540466999
-0.433483 -0.6178379 -0.39583066 5813545498613
-0.4333266 -0.6178578 -0.39593127 5813550414396
-0.4331547 -0.6178489 -0.39606914 5813555440020
-0.43298617 -0.61790705 -0.39613992 5813560363563
-0.4328663 -0.6181143 -0.3960192 5813565412782
-0.43276194 -0.6181504 -0.39606154 5813570325752
-0.43262273 -0.61836344 -0.39595073 5813575396689
-0.43249926 -0.61848533 -0.39588168 5813580280909
-0.43238872 -0.61872125 -0.39568558 5813585522107
-0.43228856 -0.61888987 -0.39553797 5813590238827
-0.43218136 -0.6192021 -0.39521712 5813595329451
-0.43203855 -0.6194263 -0.39498353 5813600194557
-0.43188664 -0.61967283 -0.39468357 5813605340754
-0.43174073 -0.61996853 -0.39433014 5813610146329
-0.43158224 -0.6202086 -0.39403948 5813615151739
-0.43142805 -0.62043047 -0.39373773 5813620146955
-0.43125457 -0.6206787 -0.39340556 5813625144871
-0.43106863 -0.6208609 -0.39315388 5813630062737
-0.43091756 -0.62100244 -0.39292678 5813635112216
-0.43081865 -0.6211982 -0.39264366 5813640016228
-0.43076566 -0.6214124 -0.3923638 5813645113050
-0.43077794 -0.6215488 -0.39217228 5813649973833
-0.43085733 -0.621652 -0.39200038 5813655007009
-0.43098736 -0.6217584 -0.39183503 5813659984094
-0.43115106 -0.6218266 -0.39174795 5813664965500
-0.43135422 -0.62183267 -0.3917444 5813669894251
-0.43161276 -0.62182856 -0.3917805 5813674944876
-0.4319052 -0.6218068 -0.39188537 5813679853784
-0.43224415 -0.6217179 -0.3921274 5813684872846
-0.43262008 -0.62159276 -0.39245093 5813689814930
-0.4330404 -0.6214899 -0.39278534 5813694843576
-0.43346268 -0.6213653 -0.39318347 5813699755817
-0.4338949 -0.62115866 -0.39370564 5813704791025
-0.43431425 -0.62093186 -0.3942538 5813709712745
-0.43472052 -0.62073296 -0.394797 5813714755870
-0.43507034 -0.6205376 -0.39535883 5813719682173
-0.4353632 -0.6203182 -0.39596006 5813724698839
-0.43557766 -0.62015074 -0.39649546 5813729678632
-0.43568584 -0.6200719 -0.39695576 5813734658736
-0.43566996 -0.62003183 -0.397388 5813739579258
-0.43553847 -0.62001073 -0.39779764 5813744624518
-0.4352852 -0.6200754 -0.39813155 5813750068426
-0.43497342 -0.6201979 -0.39833534 5813754615249
-0.43457174 -0.62033606 -0.39854088 5813759491187
-0.43414003 -0.62050843 -0.3986818 5813764538270
-0.43372706 -0.6207639 -0.39869004 5813769513159
-0.43331632 -0.62107724 -0.39863065 5813774511501
-0.43293747 -0.62138605 -0.398548 5813779403221
-0.4325904 -0.6217389 -0.39838442 5813784438377
-0.4322705 -0.622178 -0.39810616 5813789548430
-0.43198508 -0.6226025 -0.3978157 5813794402232
-0.43171617 -0.6229966 -0.39752004 5813799321608
-0.43145922 -0.6234067 -0.39714968 5813804374160
-0.43119097 -0.6238596 -0.39669782 5813809527651
-0.43092763 -0.6242531 -0.3962737 5813814319890
-0.4306595 -0.6246182 -0.3958443 5813819257808
-0.4303919 -0.6250111 -0.3953475 5813824291506
-0.43009222 -0.6254385 -0.3947988 5813829482288
-0.42980328 -0.62580806 -0.39430183 5813834340934
-0.42950827 -0.6261711 -0.39379048 5813839186924
-0.42920732 -0.6265765 -0.39321765 5813844178018
-0.4288997 -0.6269714 -0.3926701 5813849267915
-0.42861065 -0.6272774 -0.39222825 5813854169686
-0.42835426 -0.6275459 -0.39181405 5813859056822
-0.42812243 -0.6278343 -0.39139268 5813864031711
-0.42792472 -0.6280879 -0.39103553 5813869030311
-0.42778337 -0.628283 -0.39074504 5813874155156
-0.42770153 -0.62846255 -0.39047498 5813878969324
-0.42764887 -0.62867165 -0.3901995 5813884116043
-0.42762384 -0.6288294 -0.3900173 5813889053075
-0.42761895 -0.6289583 -0.3898759 5813894099325
-0.42761275 -0.629111 -0.38970694 5813899064899
-0.42756143 -0.62919575 -0.38963434 5813903917705
-0.4275034 -0.6292796 -0.3895193 5813908862074
-0.42739558 -0.6292102 -0.3896076 5813913917035
-0.4272917 -0.6293131 -0.38950336 5813918796099
-0.42720312 -0.6293381 -0.38944423 5813923822713
-0.42708668 -0.6292728 -0.389503 5813928759485
-0.42695078 -0.6293155 -0.38944656 5813933999277
-0.42687193 -0.62939465 -0.38931438 5813938715164
-0.42681912 -0.62944466 -0.38917914 5813943733809
-0.42675036 -0.62947595 -0.3890687 5813948708699
-0.426664 -0.6295198 -0.38893747 5813953690737
-0.4265664 -0.62958765 -0.38875306 5813958612145
-0.42643604 -0.6296804 -0.38850093 5813963644488
-0.4262357 -0.62976784 -0.38822615 5813968567771
-0.42591667 -0.6298429 -0.38793716 5813973613968
-0.42551127 -0.62991637 -0.38762093 5813978524178
-0.42501393 -0.63003296 -0.38722557 5813983588240
-0.42446384 -0.63019234 -0.38677606 5813988515950
-0.42383036 -0.63039863 -0.38626596 5813993490839
-0.42312855 -0.6306506 -0.38570055 5813998451680
-0.42233515 -0.63097554 -0.3850724 5814003471002
-0.42147678 -0.6313223 -0.38439775 5814008655014
-0.42064384 -0.63165176 -0.3837599 5814013471941
-0.4197913 -0.63200223 -0.3830904 5814018361265
-0.4189355 -0.6323978 -0.3823669 5814023383296
-0.4181319 -0.6328261 -0.38162297 5814028300277
-0.4173242 -0.6332827 -0.38084906 5814033305687
-0.41653508 -0.6337425 -0.38006747 5814038272153
-0.41574717 -0.634216 -0.37926024 5814043291631
-0.41499218 -0.6346889 -0.37846193 5814048230174
-0.41424444 -0.63516617 -0.37764114 5814053357667
-0.41356632 -0.6355981 -0.3768872 5814058174030
-0.41293275 -0.63596827 -0.3761657 5814063232779
-0.41232565 -0.6363174 -0.3754639 5814068242937
-0.41175437 -0.6366458 -0.37478516 5814073172155
-0.41123223 -0.6369499 -0.37413037 5814078095594
-0.4107629 -0.6372334 -0.37347743 5814083146271
-0.4103766 -0.6374785 -0.37287217 5814088043824
-0.41007215 -0.63769066 -0.37229684 5814093078563
-0.40987596 -0.6378408 -0.3717847 5814098062263
-0.4097727 -0.6379218 -0.37132913 5814103076221
-0.4097627 -0.6379268 -0.37092936 5814108055962
-0.4098691 -0.6378882 -0.37061054 5814112988409
-0.41004616 -0.63773626 -0.3703357 5814117916171
-0.41030282 -0.63750833 -0.37010524 5814122944296
-0.41062164 -0.63719994 -0.36994419 5814127880755
-0.41099858 -0.63681126 -0.36985436 5814132919140
-0.41139698 -0.6363844 -0.3698173 5814137822683
-0.4118395 -0.6359253 -0.36979458 5814142917996
-0.41229263 -0.63546103 -0.3697954 5814147803674
-0.41277897 -0.6349078 -0.3698544 5814152935965
-0.41323152 -0.63429385 -0.37000576 5814157778675
-0.41367814 -0.633751 -0.370073 5814162769664
-0.4141311 -0.63327223 -0.37003243 5814167694093
-0.41455424 -0.6325921 -0.3702193 5814172723832
-0.41494694 -0.6321736 -0.37014946 5814177645292
-0.4153207 -0.6315851 -0.3702537 5814182700656
-0.41568604 -0.63118386 -0.37017423 5814187615865
-0.41600832 -0.63069755 -0.3702089 5814192640969
-0.4163162 -0.63030213 -0.37014207 5814197608366
-0.41656157 -0.62993777 -0.3700854 5814202630970
-0.41674182 -0.62952995 -0.3700977 5814207527326
-0.41688126 -0.6291919 -0.37002432 5814212578523
-0.41700134 -0.6289343 -0.3699645 5814217478368
-0.4170363 -0.6285699 -0.3695574 5814227425921
-0.41701365 -0.6284323 -0.3693305 5814232468942
-0.4169397 -0.6282753 -0.3691449 5814237383475
-0.41676682 -0.62809986 -0.3687851 5814244631235
-0.41671586 -0.6280514 -0.36863264 5814247515871
-0.4165406 -0.628024 -0.3683084 5814252338156
-0.41632435 -0.62796754 -0.36798564 5814257308268
-0.41607752 -0.627938 -0.36757702 5814262535299
-0.415826 -0.6279602 -0.36712712 5814267526915
-0.41558245 -0.62796044 -0.36671937 5814272285144
-0.4153408 -0.6279341 -0.3662914 5814277295458
-0.41510087 -0.6279297 -0.36578986 5814282470822
-0.4148668 -0.62791896 -0.36531055 5814287323629
-0.4146244 -0.62785876 -0.3648528 5814292198115
-0.41438794 -0.6277801 -0.3643673 5814297121814
-0.41412783 -0.6277439 -0.36378938 5814302239051
-0.41386753 -0.6277128 -0.36323166 5814307076398
-0.41359282 -0.62764645 -0.36268026 5814312107856
-0.41332886 -0.6275953 -0.36210945 5814317064316
-0.41307223 -0.62762034 -0.36150476 5814322082545
-0.41279486 -0.6276002 -0.36091453 5814327057435
-0.41252792 -0.6275341 -0.36035347 5814332038691
-0.4122771 -0.6274876 -0.35976475 5814336945672
-0.41200387 -0.62748843 -0.35911512 5814342029786
-0.41173902 -0.6274768 -0.35852596 5814346899996
-0.41148472 -0.62745565 -0.3579171 5814351973225
-0.41124773 -0.62749416 -0.35727707 5814356902184
-0.41099894 -0.6275658 -0.35662198 5814361923590
-0.41049087 -0.62768096 -0.3552974 5814371924998
-0.41029966 -0.6277631 -0.35467646 5814376766926
-0.41009152 -0.62786484 -0.35402793 5814382030676
-0.4099082 -0.62792045 -0.35348 5814387075937
-0.40974826 -0.6279828 -0.35298514 5814391758854
-0.40960324 -0.6281184 -0.35247517 5814396692865
-0.40943152 -0.6281927 -0.35201377 5814401711143
-0.40928155 -0.6282173 -0.35164747 5814406639846
-0.4091403 -0.6282629 -0.35127833 5814411693752
-0.40901008 -0.6283214 -0.35095072 5814416595940
-0.4088715 -0.62834936 -0.3506948 5814421577759
-0.40874562 -0.6283555 -0.35048875 5814426543077
-0.40861517 -0.6284041 -0.35026914 5814431612087
-0.40848294 -0.6284556 -0.3501047 5814436505994
-0.40833336 -0.628462 -0.35002145 5814441544536
-0.40819132 -0.62846017 -0.34996834 5814446465214
-0.4080234 -0.62850684 -0.34989747 5814451513755
-0.40785915 -0.6285437 -0.34989506 5814456416673
-0.4077345 -0.6285791 -0.34997314 5814461474746
-0.40762198 -0.6286135 -0.35000914 5814466378549
-0.4075117 -0.62869525 -0.35002807 5814471408810
-0.4074149 -0.62874013 -0.35011187 5814476321571
-0.40734455 -0.628756 -0.3502218 5814481371154
-0.40730292 -0.6288121 -0.35028225 5814486360218
-0.40727827 -0.6288953 -0.3503236 5814491354333
-0.40728027 -0.6289279 -0.35042396 5814496233240
-0.40730706 -0.6289437 -0.35052866 5814501276573
-0.40734512 -0.62901473 -0.35057718 5814506192928
-0.4073855 -0.62896794 -0.35077584 5814511256314
-0.40744588 -0.62909865 -0.35077003 5814516233242
-0.40754387 -0.6290587 -0.35094664 5814521333237
-0.40763465 -0.62905425 -0.35111699 5814526123243
-0.4077576 -0.62916994 -0.35113773 5814531140222
-0.40791062 -0.62914675 -0.35128778 5814536268556
-0.40803412 -0.6290644 -0.3515251 5814541151883
-0.40814367 -0.6290826 -0.3516757 5814546064391
-0.40830022 -0.6291934 -0.35176843 5814551065432
-0.40843916 -0.62924737 -0.35184863 5814555972048
-0.40852663 -0.6292484 -0.35198 5814561011162
-0.40855768 -0.6291776 -0.35217756 5814565938664
-0.40855014 -0.62907445 -0.35240167 5814570962205
-0.40853122 -0.6290008 -0.35259572 5814575928456
-0.40850005 -0.6289707 -0.35275015 5814580919029
-0.40844816 -0.6289607 -0.35288614 5814585854134
-0.40836212 -0.6289536 -0.35301954 5814590877207
-0.40823922 -0.62894624 -0.35315046 5814595832521
-0.4080649 -0.6289525 -0.35325843 5814600828979
-0.40785515 -0.6289953 -0.35333315 5814605765542
-0.4076136 -0.6290865 -0.35336754 5814610793303
-0.4073305 -0.6292216 -0.3533654 5814615950231
-0.40702993 -0.62937427 -0.3533356 5814620742314
-0.40668428 -0.62954986 -0.35327956 5814625678149
-0.4062853 -0.62974495 -0.3532077 5814630783982
-0.40586886 -0.62994885 -0.3531199 5814635743670
-0.40541783 -0.6301772 -0.35299745 5814640823827
-0.4049947 -0.63041383 -0.35284907 5814645589349
-0.40455052 -0.6306777 -0.35266373 5814650638202
-0.40411994 -0.630919 -0.35248137 5814655572422
-0.40368176 -0.63114953 -0.3522886 5814660566328
-0.4032681 -0.6313753 -0.35207585 5814665503986
-0.40288112 -0.631602 -0.35183677 5814670521277
-0.4025269 -0.6318259 -0.3515714 5814675775392
-0.4022633 -0.6320193 -0.35134113 5814680474716
-0.4020425 -0.63222104 -0.35109437 5814685400030
-0.40177006 -0.6325818 -0.3505308 5814695671854
-0.40168387 -0.6327338 -0.35032594 5814700400655
-0.40160668 -0.6328671 -0.35014883 5814705316490
-0.40154713 -0.6329619 -0.35001153 5814710371229
-0.4015011 -0.6330403 -0.34990397 5814715479824
-0.40145606 -0.6331083 -0.3498343 5814720329668
-0.40140215 -0.63316596 -0.34979045 5814725229252
-0.40133995 -0.6332207 -0.34976283 5814730263731
-0.40127105 -0.63329417 -0.34974328 5814735280085
-0.4011997 -0.6334037 -0.34971568 5814740218420
-0.40112987 -0.6335493 -0.3496822 5814745171546
-0.40106523 -0.63375646 -0.3496698 5814750280036
-0.40096456 -0.6339246 -0.34967968 5814755085035
-0.40083924 -0.6341069 -0.34971076 5814760251182
-0.40072635 -0.63429064 -0.3497544 5814765156392
-0.40062875 -0.63451254 -0.34978446 5814770235923
-0.40053847 -0.6347747 -0.34980533 5814775345039
-0.40044507 -0.63504624 -0.34982714 5814780040715
-0.4002528 -0.63536817 -0.34982947 5814785099414
-0.39973325 -0.63595885 -0.3497985 5814795195770
-0.39942947 -0.6362003 -0.3498214 5814799952123
-0.39905718 -0.6364073 -0.34986964 5814805036187
-0.3986754 -0.6365918 -0.34991843 5814809905249
-0.3982796 -0.6367801 -0.34994024 5814814845511
-0.39786708 -0.6369777 -0.34992445 5814819861553
-0.3974527 -0.6371731 -0.34987772 5814824823168
-0.39702478 -0.63736355 -0.34980336 5814829830512
-0.39679238 -0.6374663 -0.34976545 5814832542336
-0.39615762 -0.63774014 -0.34953243 5814839809107
-0.39574078 -0.63792545 -0.3493589 5814844701712
-0.39530265 -0.63811725 -0.34914544 5814849842181
-0.39489657 -0.6382891 -0.34892777 5814854652648
-0.39446318 -0.63845754 -0.34867558 5814859749620
-0.3940545 -0.63859797 -0.3484325 5814864602427
-0.393623 -0.6387307 -0.34817457 5814869652599
-0.39318863 -0.63884676 -0.3479147 5814874760882
-0.39278692 -0.6389573 -0.347662 5814879596402
-0.3923859 -0.63907367 -0.34739375 5814884565622
-0.3919869 -0.6391933 -0.34712356 5814889590830
-0.39160728 -0.63930076 -0.3468714 5814894480675
-0.3908666 -0.63948596 -0.3463516 5814904432343
-0.390512 -0.63957983 -0.34612596 5814909473436
-0.39018542 -0.63968444 -0.34591007 5814914389584
-0.389863 -0.6398013 -0.34568888 5814919590625
-0.38959485 -0.6399063 -0.3455023 5814924382390
-0.38934204 -0.6400148 -0.3453209 5814929379011
-0.38912484 -0.64012444 -0.34516326 5814934351044
-0.3889394 -0.6402428 -0.34501684 5814939348231
-0.38878894 -0.6403662 -0.34488276 5814944258076
-0.38866884 -0.6405063 -0.34474802 5814949300420
-0.3885846 -0.64065784 -0.34462646 5814954244789
-0.38853508 -0.6408279 -0.34450796 5814959250629
-0.38853025 -0.6410131 -0.3443967 5814964184120
-0.38857013 -0.64122474 -0.3442864 5814969247036
-0.38863665 -0.64144975 -0.34419486 5814974134746
-0.38871747 -0.6416869 -0.34412074 5814979161568
-0.38879463 -0.6419294 -0.3440648 5814984116830
-0.3888782 -0.6421756 -0.344027 5814989147976
-0.38895264 -0.64241695 -0.34401572 5814994051050
-0.3890131 -0.6426666 -0.34402668 5814999072820
-0.38906085 -0.64291596 -0.34405556 5815004118551
-0.3891042 -0.64316404 -0.34409076 5815009032769
-0.38913813 -0.64341706 -0.34414575 5815013952146
-0.38917592 -0.64367646 -0.34421313 5815019003499
-0.38921154 -0.6439192 -0.34430873 5815023930845
-0.38925248 -0.6441298 -0.34444922 5815029030480
-0.38928002 -0.64427435 -0.34463334 5815033867408
-0.3893004 -0.64437854 -0.3448527 5815038928137
-0.38931206 -0.64444786 -0.345083 5815043832461
-0.38932326 -0.6445072 -0.34530893 5815048874284
-0.38932988 -0.6445595 -0.34552234 5815053789806
-0.3893312 -0.6446039 -0.3457313 5815058813399
-0.38935232 -0.6446412 -0.34591505 5815063729182
-0.3893904 -0.64467627 -0.34608355 5815068808765
-0.38951153 -0.6446924 -0.34637883 5815078912880
-0.38958025 -0.6446874 -0.34653354 5815083651944
-0.38965943 -0.64467454 -0.34668672 5815088726111
-0.38974673 -0.6446633 -0.34683266 5815093603612
-0.38985756 -0.6446596 -0.34697467 5815098644080
-0.3899918 -0.6446581 -0.3471127 5815103702780
-0.3901302 -0.64462894 -0.34726378 5815108736686
-0.39024696 -0.6445632 -0.34742326 5815113523353
-0.39035177 -0.6444637 -0.3475946 5815118612780
-0.39044142 -0.64436126 -0.3477548 5815123481792
-0.39054033 -0.6442496 -0.34790722 5815129191323
-0.39061812 -0.64417696 -0.34799576 5815133425803
-0.39079267 -0.644014 -0.34808114 5815143375909
-0.3908648 -0.64391917 -0.3481233 5815148520021
-0.3909209 -0.64381355 -0.34816203 5815153371066
-0.39097288 -0.6437005 -0.34819308 5815158369972
-0.39102313 -0.6435856 -0.34821332 5815163314341
-0.3910651 -0.64347106 -0.34822786 5815168319751
-0.39110088 -0.6433599 -0.34823835 5815173253151
-0.391111 -0.643259 -0.34823382 5815178280911
-0.39111337 -0.64316493 -0.3482212 5815183216017
-0.39110136 -0.6430712 -0.34819826 5815188282577
-0.39107162 -0.64298874 -0.34816048 5815193158570
-0.3910202 -0.6429164 -0.34810457 5815198192997
-0.39094892 -0.64286065 -0.34804127 5815203131175
-0.39087188 -0.6428177 -0.34796345 5815208347112
-0.39080346 -0.6427942 -0.3478848 5815213072686
-0.3907412 -0.6427838 -0.34778735 5815218224978
-0.39067903 -0.642787 -0.34769037 5815223040239
-0.39058736 -0.6427958 -0.34758544 5815228314979
-0.39048478 -0.642804 -0.3475046 5815232989042
-0.39036745 -0.6428206 -0.34742808 5815238022896
-0.3902451 -0.6428459 -0.347357 5815243108575
-0.3901129 -0.6428741 -0.34730282 5815248110085
-0.38997352 -0.6428936 -0.34726998 5815252900972
-0.38980806 -0.6429024 -0.34725317 5815257949930
-0.38963267 -0.6428958 -0.34725234 5815262866285
-0.3894457 -0.64288646 -0.34725684 5815267934563
-0.3892627 -0.6428676 -0.3472741 5815272818682
-0.38908046 -0.6428379 -0.34730458 5815277856963
-0.38890913 -0.64280707 -0.3473403 5815282785922
-0.3887514 -0.64278007 -0.34736952 5815287790033
-0.38861483 -0.64276665 -0.3473883 5815292719830
-0.38849697 -0.64276 -0.34740716 5815297765402
-0.3883995 -0.6427574 -0.34741786 5815302682174
-0.38832003 -0.6427475 -0.34742478 5815307770299
-0.38827163 -0.64274365 -0.34742832 5815312637800
-0.38824654 -0.64274836 -0.3474309 5815317774363
-0.38823602 -0.64276314 -0.34742862 5815322592645
-0.38822645 -0.64277315 -0.34743086 5815327602954
-0.3882158 -0.6427693 -0.34743258 5815332643740
-0.38820338 -0.64273757 -0.3474444 5815337683583
-0.38819078 -0.64268804 -0.34747288 5815342520668
-0.3881791 -0.6426245 -0.34749976 5815347853116
-0.38817102 -0.642576 -0.34750867 5815352560200
-0.38815928 -0.6425406 -0.34749874 5815357506554
-0.38815382 -0.642522 -0.34747243 5815362413326
-0.38815704 -0.6425133 -0.34744227 5815367421030
-0.38816753 -0.6425228 -0.34739166 5815372375046
-0.38819328 -0.6425537 -0.3473296 5815377409473
-0.38822252 -0.64259154 -0.3472642 5815382332339
-0.3882435 -0.64262956 -0.34719872 5815387436192
-0.38824996 -0.64266014 -0.34714386 5815392283642
-0.38824737 -0.64268684 -0.3470894 5815397322704
-0.3882331 -0.6427019 -0.34704557 5815402242393
-0.38820794 -0.6427046 -0.3470143 5815407289267
-0.38817215 -0.64270216 -0.34700108 5815412195623
-0.3881278 -0.6426975 -0.34698835 5815417240102
-0.38808227 -0.64271086 -0.3469644 5815422153593
-0.38802466 -0.6427579 -0.34691656 5815427320259
-0.38797075 -0.6428336 -0.34684882 5815432107344
-0.38791674 -0.6429317 -0.34675473 5815437140416
-0.38785708 -0.64304 -0.3466441 5815442070417
-0.38778552 -0.6431554 -0.34652668 5815447149740
-0.3877099 -0.64324826 -0.34641984 5815452023283
-0.3876073 -0.64333224 -0.34631413 5815457095783
-0.38750052 -0.6434081 -0.34621438 5815462070888
-0.38739073 -0.6434902 -0.34610635 5815467155575
-0.38728917 -0.64357466 -0.3459971 5815472003702
-0.3871983 -0.6436535 -0.345888 5815477064066
-0.38711727 -0.6437294 -0.34578463 5815481889224
-0.38704345 -0.64380395 -0.34568182 5815486936098
-0.3869795 -0.64388996 -0.34556988 5815491858808
-0.3869397 -0.6439892 -0.34545955 5815496921672
-0.38691273 -0.6440962 -0.3453556 5815501825684
-0.38689396 -0.644206 -0.3452559 5815506832871
-0.38688907 -0.6443055 -0.34516397 5815511762716
-0.3869059 -0.6443958 -0.3450809 5815516803549
-0.38692883 -0.64446354 -0.34503162 5815521720790
-0.38701713 -0.64453954 -0.34497693 5815531712874
-0.3870776 -0.6445852 -0.3449633 5815537014020
-0.38714853 -0.6446292 -0.34495527 5815541639334
-0.3872439 -0.6446713 -0.34494784 5815546656312
-0.3873406 -0.64471275 -0.34494942 5815551593918
-0.3874456 -0.6447607 -0.3449567 5815556803084
-0.38755405 -0.64479417 -0.34497398 5815561537825
-0.3876629 -0.64482325 -0.34499276 5815566578398
-0.3877588 -0.644847 -0.34501395 5815571585222
-0.38784656 -0.6448591 -0.34504092 5815576748034
-0.38790908 -0.6448577 -0.34506854 5815581484546
-0.38795978 -0.64482665 -0.34510675 5815586521889
-0.3879893 -0.6447745 -0.34514675 5815591420797
-0.38800249 -0.64471924 -0.34517947 5815596436370
-0.3879981 -0.64467335 -0.34519494 5815601618713
-0.38798654 -0.64463764 -0.34519112 5815606404652
-0.38797545 -0.6446167 -0.34516737 5815611320226
-0.38797164 -0.6446217 -0.34511212 5815616348455
-0.3879845 -0.64464206 -0.34502268 5815621527831
-0.38800392 -0.6446656 -0.34491688 5815626507623
-0.3880205 -0.6446871 -0.34481484 5815631245957
-0.38803712 -0.64470434 -0.34470606 5815636261634
-0.38806218 -0.64473134 -0.3444857 5815646260333
-0.38804686 -0.64474124 -0.34439522 5815651143251
-0.3880186 -0.6447447 -0.34431136 5815656177938
-0.38798425 -0.6447461 -0.34423882 5815661105594
-0.38794133 -0.6447461 -0.3441779 5815666164658
-0.38790107 -0.64474547 -0.34411487 5815671055857
-0.38785517 -0.6447409 -0.34403414 5815676206013
-0.38780636 -0.64473313 -0.34395134 5815681196429
-0.3877581 -0.64472634 -0.34385648 5815686059035
-0.38773406 -0.6447181 -0.34374055 5815691109401
-0.3877294 -0.64469296 -0.34363285 5815696000077
-0.38773233 -0.6446558 -0.34352762 5815701100860
-0.3878 -0.6445528 -0.3433215 5815710992892
-0.38783374 -0.6444867 -0.34324083 5815715944611
-0.38787836 -0.64438397 -0.34319898 5815721007372
-0.38791174 -0.6442654 -0.3431951 5815725884247
-0.38793188 -0.64411634 -0.34322798 5815730788936
-0.38795605 -0.64395535 -0.34327734 5815735824977
-0.387982 -0.6438138 -0.3433308 5815740799866
-0.38801742 -0.6436973 -0.34338397 5815745779614
-0.38807184 -0.64360887 -0.34342694 5815750716854
-0.38815352 -0.6435378 -0.34347096 5815755753677
-0.38824946 -0.64348084 -0.34353054 5815760713053
-0.3883485 -0.64343196 -0.34361354 5815765702584
-0.38845515 -0.64338434 -0.34371012 5815770629565
-0.38857478 -0.64333117 -0.3438282 5815775647637
-0.3887027 -0.6432665 -0.34396937 5815780611285
-0.38883305 -0.6431835 -0.3441533 5815785811805
-0.38895407 -0.6430973 -0.34434897 5815790552067
-0.38908494 -0.64299864 -0.34458038 5815795812900
-0.38919955 -0.64291036 -0.34479943 5815800542484
-0.38932726 -0.64280987 -0.34504664 5815805661807
-0.3894399 -0.6427243 -0.3452808 5815810451131
-0.3895594 -0.64264345 -0.3455224 5815815490662
-0.38966012 -0.642572 -0.34575456 5815820519726
-0.38972634 -0.64250964 -0.34598103 5815825459101
-0.38975295 -0.6424418 -0.34621888 5815830523164
-0.3897516 -0.6423795 -0.34645402 5815835521654
-0.38973287 -0.6423283 -0.34668332 5815840351603
-0.3896966 -0.6422733 -0.34692502 5815845347748
-0.38964188 -0.6422205 -0.34716606 5815850294364
-0.38956693 -0.64217216 -0.34740832 5815855346760
-0.38948825 -0.6421418 -0.34763598 5815860226809
-0.38940862 -0.6421324 -0.34786457 5815865267230
-0.38931835 -0.6421351 -0.34807965 5815870201085
-0.38919675 -0.64212936 -0.34830022 5815875222960
-0.38903964 -0.6421096 -0.34852713 5815880199367
-0.38884765 -0.64207774 -0.34875548 5815885210044
-0.38861996 -0.6420498 -0.34897083 5815890104889
-0.38835597 -0.6420209 -0.34918186 5815895136816
-0.3880837 -0.6420054 -0.3493786 5815900075932
-0.38781285 -0.6420194 -0.34955567 5815905085515
-0.38753957 -0.64205796 -0.34970248 5815910100204
-0.3872485 -0.6421098 -0.34983632 5815915184474
-0.38695717 -0.6421622 -0.34995627 5815919976767
-0.38664067 -0.6422175 -0.3500639 5815925001298
-0.3863338 -0.6422634 -0.35016012 5815929954216
-0.38601995 -0.6423003 -0.35024586 5815935008434
-0.3857067 -0.64232343 -0.3503205 5815939989113
-0.3854015 -0.6423295 -0.35038894 5815944916977
-0.38510484 -0.6423353 -0.35044432 5815949837708
-0.38481238 -0.6423614 -0.35048458 5815954859999
-0.38455546 -0.6424368 -0.3505197 5815959815209
-0.38428658 -0.64248 -0.35052556 5815964830573
-0.38402396 -0.6425083 -0.3505351 5815969742918
-0.38377213 -0.64252084 -0.35055077 5815974820886
-0.38355708 -0.64252675 -0.3505726 5815979718909
-0.38337082 -0.6425407 -0.3505906 5815984725835
-0.38321313 -0.64256144 -0.3506043 5815989662243
-0.3830796 -0.64258605 -0.35063547 5815994684690
-0.38297477 -0.64261454 -0.3506884 5815999617140
-0.3828777 -0.642651 -0.35074773 5816004672400
-0.38280663 -0.6426869 -0.35081252 5816009562401
-0.38274485 -0.64271986 -0.35089338 5816014613651
-0.3826936 -0.642734 -0.35098702 5816019636152
-0.38263428 -0.642735 -0.35108396 5816024554329
-0.3825784 -0.6427214 -0.35119423 5816029498698
-0.38252687 -0.6427011 -0.35131764 5816034725111
-0.38249233 -0.6427028 -0.35142234 5816039621362
-0.38246912 -0.6427233 -0.3515111 5816044520841
-0.382461 -0.6427547 -0.35159558 5816049386468
-0.38246718 -0.6427966 -0.3516727 5816054479592
-0.38248262 -0.6428252 -0.35174578 5816059345687
-0.3825006 -0.64284444 -0.3518295 5816064376260
-0.38252527 -0.64285105 -0.35191727 5816069312876
-0.38255355 -0.64284086 -0.352011 5816074792042
-0.38257763 -0.6428211 -0.3520838 5816079259543
-0.3826111 -0.64277905 -0.3521796 5816084288814
-0.38262862 -0.64272887 -0.3522879 5816089230274
-0.38263008 -0.64266294 -0.35240504 5816094257199
-0.38261715 -0.64259136 -0.35253248 5816099171047
-0.38258725 -0.6425347 -0.3526548 5816104176457
-0.38256168 -0.64249897 -0.35276064 5816109133296
-0.38253778 -0.6424782 -0.3528531 5816114344859
-0.38251236 -0.64247656 -0.35292113 5816119092152
-0.38248438 -0.64248717 -0.35297742 5816124172881
-0.38245383 -0.6425102 -0.35302332 5816129062673
-0.3824331 -0.6425333 -0.35306987 5816134310798
-0.3824163 -0.6425443 -0.35311207 5816139005591
-0.38240182 -0.6425305 -0.35316482 5816144054914
-0.38237828 -0.64248884 -0.35322934 5816148962311
-0.38233945 -0.6424284 -0.35332087 5816154179550
-0.38230115 -0.6423708 -0.35341436 5816158910020
-0.38225344 -0.6423031 -0.35351995 5816163941166
-0.3821934 -0.6422352 -0.3536377 5816168861636
-0.382114 -0.6421583 -0.35377282 5816173877883
-0.38201824 -0.6420875 -0.35391498 5816178819241
-0.38190603 -0.6420239 -0.35406414 5816183861845
-0.38179317 -0.6419709 -0.35420474 5816188774190
-0.38167462 -0.64192265 -0.35434964 5816193867572
-0.38155395 -0.64188784 -0.35448903 5816198740441
-0.38143003 -0.6418592 -0.3546327 5816203773618
-0.38131618 -0.64184976 -0.35475776 5816208697838
-0.3812135 -0.6418626 -0.35485962 5816213736848
-0.38112003 -0.641892 -0.3549411 5816218640495
-0.38102892 -0.6419208 -0.35501567 5816223705130
-0.38094407 -0.6419331 -0.35508767 5816228601954
-0.38089478 -0.6419435 -0.35511035 5816231194141
-0.38070557 -0.6418901 -0.35535154 5816248554612
-0.3806485 -0.64187527 -0.3554012 5816253985237
-0.38054687 -0.6417851 -0.3555412 5816263654092
-0.38049597 -0.64174247 -0.35559988 5816268423521
-0.38044715 -0.6416966 -0.3556692 5816273749666
-0.38040498 -0.64166975 -0.35572794 5816278392376
-0.3803601 -0.64165723 -0.35579002 5816283422167
-0.3803175 -0.641665 -0.355838 5816288356231
-0.380282 -0.6416737 -0.35588595 5816293339508
-0.38024953 -0.64168066 -0.35593975 5816298289826
-0.3802191 -0.64168125 -0.35600236 5816303326180
-0.3802022 -0.64165944 -0.35607633 5816308561962
-0.38018373 -0.6416291 -0.3561451 5816313278628
-0.38017723 -0.641585 -0.35622278 5816318203317
-0.3801724 -0.6415423 -0.35630128 5816323248786
-0.38017625 -0.64150196 -0.35637715 5816328163579
-0.38018882 -0.64146304 -0.35645053 5816333191495
-0.38020948 -0.6414159 -0.35653204 5816338117278
-0.38023743 -0.6413669 -0.35661358 5816343171236
-0.38027483 -0.6413299 -0.3566805 5816348072956
-0.380324 -0.64131784 -0.3567292 5816353107382
-0.38037696 -0.6413341 -0.35674778 5816358030092
-0.38043606 -0.6413678 -0.35674596 5816363035502
-0.3804996 -0.64139825 -0.3567395 5816368010392
-0.38055563 -0.6414109 -0.35673034 5816373031759
-0.38059998 -0.64139515 -0.356737 5816378030511
-0.38062358 -0.6413531 -0.35674658 5816383003844
-0.38062727 -0.6412892 -0.35677767 5816388052074
-0.38062248 -0.64121646 -0.35681787 5816392943220
-0.38061816 -0.6411323 -0.35685524 5816398013638
-0.3806132 -0.6410493 -0.35688773 5816403170825
-0.38059443 -0.6409792 -0.35691103 5816407808378
-0.3805545 -0.64089245 -0.35694143 5816412882545
-0.38050854 -0.6408021 -0.3569736 5816417768744
-0.3804789 -0.6407182 -0.3570036 5816422810775
-0.38047656 -0.6406676 -0.35702193 5816427717547
-0.38050058 -0.6406569 -0.35703018 5816432750359
-0.3805424 -0.6406905 -0.3570134 5816437681610
-0.38060227 -0.6407717 -0.35697183 5816442709423
-0.38066965 -0.64088637 -0.35690695 5816447623070
-0.3807303 -0.6410085 -0.35682502 5816452662028
-0.38077694 -0.64111096 -0.35674533 5816457583227
-0.3808117 -0.6411935 -0.35667947 5816462616768
-0.38083982 -0.64125186 -0.35663787 5816467767395
-0.38085756 -0.6413012 -0.35660318 5816472742284
-0.38086802 -0.64135915 -0.35655957 5816477717174
-0.38086832 -0.641423 -0.35650766 5816482526874
-0.38085955 -0.64148253 -0.3564494 5816487554897
-0.38083848 -0.6415344 -0.35638598 5816492519167
-0.3808113 -0.641578 -0.3563312 5816497626668
-0.38079557 -0.641619 -0.35627156 5816502451512
-0.38079777 -0.64166796 -0.356203 5816507386201
-0.38082147 -0.6417187 -0.3561328 5816512407763
-0.3808481 -0.64176804 -0.35606608 5816517324379
-0.3808769 -0.64180875 -0.3560224 5816522356358
-0.38090912 -0.64184 -0.35599685 5816527316723
-0.38095462 -0.64186543 -0.3559841 5816532347192
-0.38100684 -0.6418851 -0.3559873 5816537250110
-0.38105187 -0.6419039 -0.35600486 5816542267453
-0.38109407 -0.6419204 -0.35603523 5816547624017
-0.3811178 -0.6419314 -0.356061 5816552224433
-0.38112476 -0.641942 -0.35609397 5816557155841
-0.38111594 -0.6419522 -0.35613054 5816562186309
-0.38108343 -0.6419601 -0.35617206 5816567307457
-0.3810219 -0.6419709 -0.35620183 5816572134331
-0.3809499 -0.64197654 -0.35622442 5816577181624
-0.380865 -0.6419781 -0.3562379 5816582235009
-0.3807758 -0.64196914 -0.35625318 5816587342459
-0.38070014 -0.64196724 -0.35625446 5816592050740
-0.38065383 -0.6419671 -0.356251 5816597026574
-0.38063157 -0.6419794 -0.35622722 5816602001105
-0.3806219 -0.6420073 -0.3561873 5816607172929
-0.38062903 -0.6420317 -0.3561437 5816611960169
-0.3806385 -0.64204115 -0.3561026 5816616880170
-0.38063955 -0.64203936 -0.3560612 5816621917670
-0.38063154 -0.64202815 -0.35601676 5816627080171
-0.38061976 -0.64201665 -0.3559646 5816631920744
-0.38060436 -0.6420075 -0.35589808 5816636798609
-0.3805746 -0.64199144 -0.35582572 5816641878088
-0.3805374 -0.64196056 -0.35576645 5816646824131
-0.38048956 -0.6419276 -0.3557111 5816651780329
-0.38044438 -0.64190155 -0.3556471 5816656736580
-0.38039684 -0.6418864 -0.3555777 5816661744601
-0.38035586 -0.6418765 -0.35549417 5816666683193
-0.38032347 -0.6418582 -0.35540512 5816671732050
-0.3802971 -0.6418335 -0.35532868 5816676621947
-0.38027608 -0.64179796 -0.3552467 5816681656373
-0.38026735 -0.64175004 -0.35517544 5816686747521
-0.38027063 -0.6416929 -0.3551254 5816691608354
-0.38029018 -0.64162683 -0.35508776 5816696546220
-0.380332 -0.6415561 -0.3550578 5816701564813
-0.38039142 -0.64148957 -0.35503137 5816706515335
-0.38046664 -0.6414289 -0.35500926 5816711522470
-0.38055426 -0.6413811 -0.35499656 5816716440024
-0.3806558 -0.64135516 -0.35498393 5816721474034
-0.380765 -0.6413527 -0.3549633 5816726444868
-0.38087356 -0.6413604 -0.3549396 5816731419757
-0.38097036 -0.6413866 -0.35491216 5816736356901
-0.38105744 -0.6414301 -0.35487893 5816741389817
-0.38113406 -0.6414918 -0.3548349 5816746602943
-0.38118777 -0.64155924 -0.35477957 5816751344922
-0.38123736 -0.64163744 -0.35471386 5816756289291
-0.38127926 -0.6417237 -0.35464624 5816761318933
-0.38131452 -0.64182 -0.35456872 5816766260237
-0.38134396 -0.64191955 -0.3544816 5816771291122
-0.38137144 -0.64201164 -0.3543944 5816776229561
-0.38139534 -0.6420886 -0.3543 5816781227790
-0.38140923 -0.64215183 -0.3542049 5816786148624
-0.38142005 -0.6422083 -0.35410056 5816791181020
-0.38142216 -0.642269 -0.3539753 5816796125657
-0.38141072 -0.642335 -0.35383728 5816801133573
-0.3813834 -0.6424015 -0.35369524 5816806063574
-0.38134652 -0.64247096 -0.35354432 5816811094876
-0.3812584 -0.64259994 -0.3532716 5816821070398
-0.3811909 -0.64266026 -0.3531402 5816825961649
-0.3811095 -0.6427135 -0.35300326 5816831081753
-0.38102144 -0.6427544 -0.3528747 5816835930140
-0.3809232 -0.64279306 -0.35273778 5816840965243
-0.3808378 -0.6428306 -0.35259658 5816845897901
-0.38076884 -0.6428684 -0.35244796 5816850965609
-0.3807116 -0.6429112 -0.35230365 5816855855298
-0.3806689 -0.6429556 -0.35216305 5816860877120
-0.3806478 -0.64299226 -0.35203347 5816865785611
-0.38064542 -0.64302474 -0.3519082 5816870840246
-0.3806482 -0.64304274 -0.3518031 5816875760873
-0.3806682 -0.64304066 -0.35170913 5816880875612
-0.38069338 -0.6430226 -0.35164088 5816885697228
-0.38073024 -0.6429849 -0.3515902 5816890734051
-0.38077462 -0.64293885 -0.35154802 5816895655771
-0.3808207 -0.64289564 -0.351516 5816900661181
-0.38086164 -0.6428555 -0.3515 5816905610303
-0.38090438 -0.6428142 -0.3514919 5816910646761
-0.380938 -0.64278066 -0.35149017 5816915566866
-0.38097912 -0.6427463 -0.3514968 5816920755408
-0.38101518 -0.6427137 -0.3515139 5816925546294
-0.38103926 -0.64267343 -0.35153708 5816930553742
-0.38104492 -0.6426244 -0.3515651 5816935736868
-0.38104382 -0.6425786 -0.3515944 5816940775826
-0.38103896 -0.6425443 -0.35162202 5816945445463
-0.38102803 -0.6425191 -0.35164636 5816950467442
-0.38100916 -0.64250165 -0.35165572 5816955393277
-0.3809855 -0.64248824 -0.35165802 5816960462912
-0.38096237 -0.6424817 -0.35164413 5816965372653
-0.38093448 -0.6424899 -0.3516119 5816970494631
-0.38091224 -0.6425132 -0.35156903 5816975318174
-0.38090262 -0.6425534 -0.35151368 5816980556195
-0.38089952 -0.6426029 -0.35145098 5816985405780
-0.38089448 -0.64265496 -0.3513834 5816990400831
-0.38088986 -0.642697 -0.3513237 5816995230051
-0.3808879 -0.642726 -0.35125723 5817000940780
-0.38087517 -0.64273477 -0.35121262 5817005192761
-0.38086322 -0.6427351 -0.35117242 5817010200990
-0.38084632 -0.6427385 -0.35113406 5817015137866
-0.38082686 -0.6427519 -0.3510897 5817020310885
-0.3808048 -0.6427744 -0.35104394 5817025090471
-0.38076204 -0.64279556 -0.35099775 5817030118491
-0.38070294 -0.6428086 -0.35094824 5817035039378
-0.38062263 -0.64280903 -0.35089862 5817040319326
-0.38052893 -0.6428156 -0.35084158 5817044994379
-0.38041872 -0.64282465 -0.3507725 5817050029379
-0.38030463 -0.64283735 -0.35069808 5817054966880
-0.3801761 -0.64285624 -0.35061634 5817060157974
-0.38004932 -0.6428814 -0.35053313 5817065080110
-0.3799253 -0.6429132 -0.3504445 5817070000527
-0.37980655 -0.6429584 -0.35034528 5817074895424
-0.3796999 -0.64302045 -0.35023156 5817080104330
-0.3796145 -0.6430757 -0.35013017 5817084846206
-0.37954256 -0.6431189 -0.3500365 5817089857456
-0.3794844 -0.64314765 -0.3499549 5817094785738
-0.37944382 -0.643152 -0.3498931 5817100067248
-0.3794188 -0.643132 -0.34985682 5817104740271
-0.37939978 -0.6430993 -0.34983173 5817109776052
-0.37938786 -0.64306957 -0.34981242 5817114689647
-0.37938663 -0.64304465 -0.34978908 5817119721990
-0.37938726 -0.64303136 -0.34976324 5817124647825
-0.3793991 -0.64304173 -0.34972236 5817129653235
-0.3794238 -0.64309144 -0.3496629 5817134641628
-0.37946013 -0.64317656 -0.34958714 5817139719075
-0.37950513 -0.6432893 -0.34946656 5817144556837
-0.37953693 -0.6434347 -0.34930477 5817149598503
-0.37955177 -0.6435965 -0.3491122 5817154525380
-0.37958267 -0.6437783 -0.34888965 5817159594754
-0.37960818 -0.64395523 -0.34868196 5817164478037
-0.3795881 -0.6441122 -0.34847444 5817169598245
-0.37952504 -0.6442289 -0.34828785 5817174425798
-0.37941533 -0.64434487 -0.348078 5817179515642
-0.3792543 -0.6444577 -0.34785324 5817184384914
-0.378994 -0.6445577 -0.34760472 5817189415330
-0.3786809 -0.6445895 -0.34739003 5817194344134
-0.37834296 -0.6445498 -0.34721133 5817199387779
-0.37803113 -0.64446807 -0.34707886 5817204346114
-0.37773928 -0.644382 -0.34695646 5817209355749
-0.37746665 -0.6443067 -0.34682983 5817214383823
-0.37722555 -0.64425653 -0.34670314 5817219297625
-0.37702847 -0.6442255 -0.34657356 5817224251949
-0.37688217 -0.6441997 -0.34646177 5817229244084
-0.3767558 -0.64417297 -0.34637684 5817234405492
-0.37666845 -0.6441457 -0.34633014 5817239197256
-0.37661147 -0.6441199 -0.3463171 5817244132628
-0.37658417 -0.64409727 -0.3463335 5817249184451
-0.3765785 -0.6440787 -0.34637752 5817254087108
-0.37657696 -0.64406466 -0.34644017 5817259135233
-0.37658942 -0.64404464 -0.3465184 5817264040547
-0.37662518 -0.64401984 -0.3466145 5817269073619
-0.37667263 -0.6439941 -0.34672353 5817273992423
-0.37673753 -0.6439778 -0.34684342 5817279024141
-0.37682056 -0.64397836 -0.34695825 5817283941018
-0.3769146 -0.6439978 -0.34707472 5817288975653
-0.37700528 -0.64403355 -0.34718487 5817293900706
-0.3770812 -0.6440761 -0.34729588 5817298932164
-0.37713277 -0.64409536 -0.347402 5817303907054
-0.3771816 -0.64404565 -0.3475189 5817309287426
-0.37721416 -0.6439446 -0.3476547 5817313870812
-0.37723485 -0.6438018 -0.34784392 5817319130552