
-0.14775692 9.792512 0.50524783 1129713099892679
-0.14878395 9.792492 0.5053188 1129713105204086
-0.1496137 9.792465 0.50559556 1129713109797576
-0.15055746 9.792434 0.50591654 1129713114813982
-0.15142871 9.792405 0.5062295 1129713119750077
-0.15253524 9.7923765 0.50645053 1129713124821691
-0.15368852 9.792363 0.506359 1129713129712057
-0.15485264 9.792365 0.50596064 1129713134726432
-0.15597813 9.792373 0.5054698 1129713139662735
-0.15705632 9.792373 0.5051345 1129713144684506
-0.15811785 9.792376 0.5047491 1129713149611278
-0.15927729 9.792379 0.5043016 1129713154681174
-0.160615 9.792396 0.5035542 1129713159567425
-0.16235897 9.792424 0.5024512 1129713164782581
-0.16385219 9.792469 0.50108576 1129713169546540
-0.16537902 9.792536 0.4992807 1129713174606176
-0.1668424 9.792586 0.49779186 1129713179490916
-0.16823448 9.792644 0.4962101 1129713184735604
-0.16922 9.792707 0.49461514 1129713189682324
-0.17005676 9.792754 0.49340338 1129713194602792
-0.1706337 9.792777 0.49273318 1129713199395241
-0.17094526 9.792793 0.49230322 1129713204442168
-0.17129041 9.792796 0.49213514 1129713209354461
-0.17174812 9.792786 0.49217778 1129713214401492
-0.17215379 9.79278 0.49216056 1129713219316650
-0.17268865 9.792789 0.49177682 1129713224444774
-0.17335995 9.792814 0.49105075 1129713229279255
-0.17420459 9.792867 0.4896896 1129713234473838
-0.17520067 9.7929325 0.48802367 1129713239277277
-0.17629549 9.793018 0.48588833 1129713244264255
-0.17764081 9.793124 0.4832678 1129713249201444
-0.17920269 9.79324 0.48034772 1129713254307434
-0.18074033 9.793337 0.47777048 1129713259170195
-0.1822642 9.79341 0.47568914 1129713264198841
-0.1836355 9.793451 0.47432244 1129713269096290
-0.1849852 9.793464 0.47354618 1129713274142019
-0.18640445 9.793448 0.4732907 1129713279067072
-0.18790437 9.793425 0.4731884 1129713284091030
-0.18938065 9.793389 0.4733407 1129713289038532
-0.19082417 9.793364 0.47328696 1129713294042281
-0.19225216 9.793338 0.47323188 1129713298990928
-0.1936492 9.793326 0.47291678 1129713304016188
-0.19496119 9.793327 0.47235152 1129713308930513
-0.19615833 9.793342 0.47156063 1129713313991033
-0.19706726 9.793361 0.47078842 1129713318919316
-0.19787745 9.793379 0.47005633 1129713323918065
-0.19866808 9.793391 0.46948382 1129713328838535
-0.19943468 9.793384 0.4693093 1129713333875150
-0.20004229 9.793348 0.46978512 1129713339229995
-0.20038044 9.793295 0.47074547 1129713343854786
-0.20060344 9.79322 0.4722252 1129713348772340
-0.20080481 9.79314 0.47378385 1129713353799370
-0.2009828 9.793072 0.4751239 1129713358998643
-0.2011985 9.793019 0.47611356 1129713363860726
-0.2013142 9.792974 0.47696954 1129713368800883
-0.20112395 9.792933 0.47790194 1129713373863435
-0.20057125 9.792895 0.47890732 1129713379041665
-0.20008285 9.792866 0.47971362 1129713383796509
-0.19968653 9.792843 0.48035428 1129713388762552
-0.19939049 9.792832 0.48069158 1129713393769948
-0.19909467 9.79284 0.48066753 1129713398670884
-0.19871704 9.7928505 0.4806067 1129713403706146
-0.197996 9.792859 0.4807163 1129713408704168
-0.19693008 9.792852 0.4813084 1129713413706512
-0.19575019 9.792818 0.4824725 1129713418686513
-0.19450015 9.792778 0.48380557 1129713423706409
-0.19346611 9.792729 0.48520145 1129713428444900
-0.19247766 9.792658 0.48702404 1129713433655368
-0.19163737 9.792582 0.48889163 1129713438358127
-0.19067581 9.792494 0.49101263 1129713443416567
-0.1897835 9.792403 0.49315348 1129713448424954
-0.18897568 9.79231 0.49531892 1129713453619954
-0.18844576 9.792229 0.49711838 1129713458486827
-0.18793432 9.792159 0.49869815 1129713463322975
-0.18747517 9.792104 0.49994615 1129713468246779
-0.1871183 9.792048 0.5011497 1129713473407091
-0.18694088 9.791995 0.5022647 1129713478667509
-0.18701166 9.791963 0.5028715 1129713483270842
-0.18731852 9.791947 0.5030647 1129713488202041
-0.187759 9.791955 0.50274146 1129713493196051
-0.18825965 9.7919855 0.5019585 1129713498164386
-0.18864955 9.792028 0.5009745 1129713503156000
-0.18891637 9.792065 0.5001674 1129713508075272
-0.1888059 9.792095 0.49961796 1129713513110636
-0.18843645 9.792119 0.4992871 1129713518099388
-0.18811905 9.792147 0.49886045 1129713523063033
-0.18785746 9.792181 0.4982884 1129713527990378
-0.18752748 9.792213 0.49776 1129713533072982
-0.18705256 9.792252 0.49719653 1129713537986830
-0.18649696 9.792286 0.49672803 1129713543091681
-0.18596502 9.792309 0.49648425 1129713547917359
-0.18535449 9.792325 0.49639454 1129713552955119
-0.1846694 9.792336 0.49641588 1129713558153606
-0.18396093 9.792348 0.49647138 1129713562892100
-0.18322441 9.792371 0.49628174 1129713567830591
-0.18263286 9.79241 0.49572903 1129713572854080
-0.18226168 9.792465 0.4947549 1129713577905644
-0.18217957 9.7925205 0.49370074 1129713582809497
-0.18211147 9.792583 0.49248576 1129713587744238
-0.1820483 9.792644 0.49129525 1129713592783196
-0.1821553 9.792698 0.49017707 1129713597697469
-0.18231367 9.792752 0.489033 1129713602726999
-0.18246274 9.792803 0.48796245 1129713607647782
-0.18255274 9.792832 0.48734376 1129713612653192
-0.18257995 9.792847 0.4870398 1129713617612106
-0.18266524 9.792848 0.4869921 1129713622650074
-0.1825992 9.79283 0.48734805 1129713627572263
-0.18246384 9.79282 0.4876122 1129713632608721
-0.18231243 9.792818 0.48771706 1129713637521066
-0.18207453 9.792813 0.48789155 1129713642571639
-0.18181002 9.792807 0.48812187 1129713647489296
-0.18161565 9.792809 0.48816302 1129713652559817
-0.1815262 9.792813 0.48810047 1129713657437214
-0.18128332 9.792829 0.48788333 1129713662478880
-0.18100245 9.792847 0.48762083 1129713667394871
-0.18093115 9.792864 0.48730755 1129713672436225
-0.18096794 9.792894 0.4866861 1129713677470549
-0.18110007 9.792934 0.4858222 1129713682450237
-0.18137948 9.792974 0.48491123 1129713687467321
-0.18160892 9.793011 0.48408702 1129713692628779
-0.18205257 9.793037 0.48339018 1129713697276228
-0.18285131 9.793067 0.48247972 1129713702337374
-0.18390524 9.793089 0.48163772 1129713707673052
-0.18487935 9.793088 0.48128137 1129713712361594
-0.18594204 9.793068 0.48127115 1129713717270397
-0.18692729 9.793035 0.48158625 1129713722379824
-0.18776959 9.792996 0.48203185 1129713727258888
-0.18863502 9.792973 0.48217136 1129713732176179
-0.1896378 9.792959 0.48204944 1129713737186285
-0.19071566 9.79296 0.48161125 1129713742211180
-0.19180787 9.792978 0.48080462 1129713747260348
-0.19284338 9.793013 0.47969288 1129713752827952
-0.19334635 9.79305 0.47873062 1129713757145297
-0.19366698 9.793097 0.47764546 1129713762050036
-0.19369386 9.793147 0.47658658 1129713767081183
-0.19361818 9.79321 0.47533184 1129713772290348
-0.1935112 9.793273 0.4740643 1129713776941184
-0.19350125 9.793334 0.4728072 1129713781946594
-0.1934954 9.793387 0.4717112 1129713786921484
-0.19349745 9.793426 0.4709042 1129713791989100
-0.1935673 9.793438 0.47062543 1129713796843634
-0.19344775 9.793427 0.4709048 1129713801876030
-0.19312946 9.793407 0.47144052 1129713806904625
-0.1929687 9.793389 0.47187683 1129713812001597
-0.19301486 9.793384 0.47198433 1129713816758011
-0.19305755 9.793387 0.47188967 1129713821814417
-0.19320454 9.793371 0.47214916 1129713826716814
-0.19335711 9.793346 0.47261035 1129713832102595
-0.19338721 9.7933235 0.47309262 1129713836672805
-0.19328958 9.793295 0.473711 1129713841843065
-0.19313991 9.793282 0.47404507 1129713846736035
-0.19303791 9.79328 0.47413304 1129713851888899
-0.1930642 9.793278 0.4741546 1129713856587963
-0.19321357 9.793292 0.47380596 1129713861763900
-0.19362363 9.7933235 0.47298238 1129713866554995
-0.194342 9.793366 0.47178662 1129713871674735
-0.19518755 9.793424 0.47025782 1129713876507913
-0.1960094 9.793498 0.46835688 1129713881543844
-0.196814 9.793573 0.4664515 1129713886466976
-0.19750169 9.793646 0.4646201 1129713891615046
-0.19811839 9.793705 0.46312514 1129713896542290
-0.19864266 9.79376 0.4617271 1129713901471508
-0.1991255 9.793812 0.46042067 1129713906431406
-0.19950517 9.793867 0.459078 1129713911551767
-0.19964954 9.793922 0.45783558 1129713916526657
-0.19957909 9.793971 0.4568363 1129713921366146
-0.1993967 9.794009 0.45607343 1129713926341036
-0.19909503 9.794041 0.45554844 1129713931513230
-0.19881095 9.794066 0.4551179 1129713936298231
-0.19858763 9.79409 0.45467886 1129713941292398
-0.19828717 9.794098 0.45466635 1129713946215003
-0.1978713 9.794096 0.45488554 1129713951431565
-0.1975378 9.794093 0.45508566 1129713956171931
-0.19732414 9.79409 0.45525372 1129713961350889
-0.1972835 9.79409 0.45525664 1129713966504484
-0.19737555 9.794103 0.45495552 1129713971223182
-0.19774674 9.794131 0.4541831 1129713976087871
-0.1984581 9.794168 0.45306715 1129713981108287
-0.19942696 9.794199 0.45196965 1129713986036466
-0.20054224 9.794233 0.45072868 1129713991094330
-0.20168471 9.794256 0.4497279 1129713995985008
-0.20296805 9.794258 0.4491077 1129714001023081
-0.20421574 9.794271 0.44824344 1129714005944697
-0.20547132 9.794283 0.44741717 1129714010989748
-0.20659126 9.79428 0.44696876 1129714015995159
-0.20747624 9.794268 0.4468384 1129714020949906
-0.2082969 9.794232 0.4472177 1129714025862980
-0.20893584 9.794183 0.44801828 1129714030911053
-0.20941277 9.794128 0.44898942 1129714035818346
-0.20986782 9.79407 0.45002633 1129714040861783
-0.21022177 9.79401 0.4511794 1129714045774388
-0.21050057 9.793942 0.45251063 1129714050838659
-0.21075337 9.793874 0.45388222 1129714055742358
-0.21108069 9.793802 0.45528123 1129714060768503
-0.21140714 9.7937355 0.456545 1129714065864911
-0.2116962 9.793675 0.4576968 1129714070865848
-0.2120998 9.793637 0.45832106 1129714075688193
-0.21260601 9.793611 0.45866832 1129714080693603
-0.21336381 9.793585 0.45886984 1129714085717673
-0.21407725 9.79356 0.4590663 1129714090723298
-0.21478601 9.793535 0.45925832 1129714095668716
-0.21548834 9.793523 0.4591993 1129714100611528
-0.21622367 9.793521 0.45889676 1129714105540071
-0.21690203 9.793525 0.45848876 1129714110564602
-0.21723753 9.793519 0.45845422 1129714115479187
-0.21725535 9.793485 0.45917144 1129714120641166
-0.21692656 9.793433 0.46043584 1129714125473667
-0.21631514 9.793357 0.4623323 1129714130526740
-0.21567653 9.793268 0.46450388 1129714135392626
-0.21511328 9.793166 0.4669109 1129714140438459
-0.21478477 9.793067 0.46913913 1129714145351690
-0.21463774 9.792966 0.47131068 1129714150411377
-0.2146319 9.79288 0.47309262 1129714155320337
-0.214911 9.792811 0.47438297 1129714160340701
-0.21545519 9.792763 0.47513026 1129714165266483
-0.21617827 9.792728 0.4755327 1129714170350285
-0.21704601 9.792718 0.4753559 1129714175332214
-0.2182706 9.792714 0.4748675 1129714180287526
-0.2196463 9.792704 0.47443056 1129714185256954
-0.22101846 9.7927 0.47389507 1129714190245235
-0.22234006 9.79269 0.4734653 1129714195276591
-0.22342202 9.792678 0.47319785 1129714200183153
-0.22450924 9.792656 0.4731435 1129714205501748
-0.22534889 9.792625 0.47338742 1129714210177112
-0.22590126 9.792561 0.47446206 1129714215051957
-0.22625639 9.792474 0.47608012 1129714220187582
-0.22643174 9.792377 0.4779597 1129714225040030
-0.22656387 9.792265 0.4802198 1129714230073781
-0.2266445 9.792152 0.4824606 1129714234971803
-0.22673981 9.792044 0.48462984 1129714240074823
-0.2267997 9.791958 0.486327 1129714244933729
-0.22698851 9.791889 0.48761004 1129714249967376
-0.22745728 9.791837 0.48844242 1129714254881544
-0.22795731 9.79179 0.48913673 1129714259913367
-0.22827908 9.791756 0.48969057 1129714265125660
-0.22858275 9.791731 0.4900483 1129714269902899
-0.22880076 9.791727 0.49001053 1129714274795973
-0.22918944 9.791757 0.489245 1129714279885192
-0.2296503 9.791808 0.48798203 1129714284968683
-0.22997853 9.79187 0.48658967 1129714289797849
-0.23017141 9.791932 0.4852452 1129714294833736
-0.23036805 9.79198 0.48418912 1129714299745923
-0.23062465 9.792008 0.48348883 1129714304676182
-0.23093884 9.792022 0.48309106 1129714309681592
-0.23124656 9.792018 0.48300916 1129714314637175
-0.23134005 9.792011 0.48308653 1129714319774415
-0.23121405 9.79199 0.48358303 1129714324793791
-0.23097998 9.791922 0.48508564 1129714334558740
-0.2308248 9.791895 0.48569942 1129714339610511
-0.23055296 9.791868 0.4863593 1129714344558897
-0.23033436 9.791846 0.48691902 1129714349560876
-0.22997135 9.79183 0.48741382 1129714354457023
-0.22950985 9.791804 0.488126 1129714359523475
-0.22916059 9.791778 0.48884064 1129714364406802
-0.22895128 9.791731 0.4898687 1129714369446659
-0.22889452 9.79168 0.49089977 1129714374371244
-0.22902311 9.791647 0.49151993 1129714379414629
-0.22926748 9.791618 0.49196276 1129714384327964
-0.22941014 9.791584 0.49257427 1129714389373067
-0.22943182 9.791541 0.49342927 1129714394283121
-0.22921522 9.791486 0.49462926 1129714399318902
-0.22875229 9.791408 0.49638724 1129714404263174
-0.22802982 9.791311 0.49861643 1129714409318955
-0.2273085 9.791207 0.50097877 1129714414215414
-0.22670615 9.791094 0.5034503 1129714419225831
-0.22641064 9.790984 0.50572026 1129714424261349
-0.22642964 9.790869 0.5079435 1129714429198540
-0.22660322 9.790761 0.50993824 1129714434203750
-0.22736225 9.790609 0.51250905 1129714444123178
-0.22796929 9.790552 0.5133227 1129714449109428
-0.228676 9.790515 0.5137167 1129714454022189
-0.2294546 9.79047 0.51422524 1129714459058120
-0.2302347 9.790419 0.5148654 1129714463981930
-0.2310986 9.790344 0.51587975 1129714469028857
-0.23208849 9.790252 0.5171917 1129714474068962
-0.23310879 9.79015 0.51866907 1129714478986930
-0.23406798 9.790051 0.52008975 1129714483893078
-0.23515695 9.789972 0.5210764 1129714488932869
-0.23628391 9.789895 0.5220347 1129714493864589
-0.23746179 9.789823 0.522842 1129714498899537
-0.238668 9.789771 0.5232617 1129714503804121
-0.2399113 9.789732 0.52343506 1129714508856777
-0.24106523 9.789702 0.523455 1129714513807872
-0.24199487 9.789678 0.5234865 1129714518813966
-0.24272497 9.789646 0.5237305 1129714523723342
-0.24317826 9.789601 0.5243645 1129714528770008
-0.24335097 9.789547 0.52529204 1129714533702874
-0.24363534 9.789477 0.5264594 1129714538755426
-0.24401325 9.789428 0.52721167 1129714543790271
-0.24442561 9.789403 0.5274878 1129714548674125
-0.24473862 9.789407 0.52726215 1129714553599335
-0.24532989 9.789427 0.526618 1129714558649595
-0.24608073 9.789455 0.5257301 1129714563567148
-0.2468748 9.789495 0.5246116 1129714568595221
-0.24766597 9.789554 0.52316135 1129714573513764
-0.24837819 9.789626 0.5214559 1129714578590899
-0.2489206 9.789691 0.5199673 1129714583465015
-0.24922718 9.789742 0.5188441 1129714588515535
-0.24938619 9.78977 0.51825494 1129714593426318
-0.24956337 9.789779 0.51800686 1129714598472880
-0.24969165 9.789773 0.5180624 1129714603400746
-0.2498159 9.789763 0.51817554 1129714608418402
-0.2500205 9.789765 0.51804143 1129714613354705
-0.25030658 9.789773 0.51776105 1129714618422153
-0.2507143 9.789774 0.51755065 1129714623309967
-0.2510501 9.789776 0.51735073 1129714628330383
-0.25129178 9.789776 0.51722115 1129714633268561
-0.25145403 9.78976 0.5174521 1129714638750071
-0.2516346 9.789747 0.5175947 1129714643308666
-0.25193942 9.789737 0.51764697 1129714648244395
-0.25244066 9.789736 0.5174293 1129714653475282
-0.25326338 9.789752 0.51673245 1129714658202415
-0.25453386 9.789791 0.5153614 1129714663217054
-0.2559382 9.789871 0.51314396 1129714668250439
-0.25761664 9.789963 0.5105392 1129714673132315
-0.25962105 9.790095 0.50696576 1129714678328305
-0.26143196 9.790239 0.5032504 1129714683044295
-0.26312217 9.790394 0.49935344 1129714688087316
-0.2644254 9.790529 0.495995 1129714692999036
-0.2654886 9.790651 0.49299037 1129714698277577
-0.26624146 9.790721 0.49120575 1129714702959974
-0.2670817 9.790765 0.48987556 1129714707988672
-0.26794156 9.790806 0.4885829 1129714712919507
-0.2689028 9.790864 0.48688036 1129714718192475
-0.2698021 9.790931 0.48504668 1129714722870862
-0.2707242 9.791014 0.48285177 1129714727915809
-0.2716892 9.79109 0.48074996 1129714732859040
-0.27277353 9.79117 0.47851473 1129714738092790
-0.2739557 9.791235 0.47651082 1129714742785291
-0.27530277 9.791298 0.47442818 1129714747866697
-0.27651188 9.79136 0.47244164 1129714752841587
-0.2775693 9.791401 0.47096768 1129714757821955
-0.27850217 9.791405 0.47033224 1129714762766324
-0.2793827 9.791376 0.47041193 1129714767737428
-0.2801186 9.79132 0.47113642 1129714772658106
-0.2807426 9.7912445 0.47233823 1129714777746856
-0.28146216 9.791154 0.47377557 1129714782615972
-0.28227732 9.791078 0.47487718 1129714787655607
-0.28325087 9.791018 0.4755257 1129714792583942
-0.2858769 9.790959 0.47516158 1129714802555557
-0.28728414 9.790934 0.47484535 1129714807566234
-0.28861222 9.790924 0.47423068 1129714812504673
-0.289693 9.790922 0.47360697 1129714817479562
-0.2907171 9.790915 0.47314018 1129714822496341
-0.29144865 9.790899 0.47300315 1129714827495767
-0.29208785 9.790852 0.47360086 1129714832415664
-0.29250377 9.790767 0.4751052 1129714837439779
-0.29263732 9.790658 0.47725016 1129714842376030
-0.29261187 9.790526 0.47995505 1129714847396134
-0.29247653 9.790395 0.48271984 1129714852332646
-0.2923789 9.790276 0.48517486 1129714857355354
-0.29244727 9.790185 0.48697224 1129714862303688
-0.29284424 9.790109 0.48826256 1129714867315719
-0.29355592 9.790048 0.4890637 1129714872244887
-0.29458496 9.790006 0.48928845 1129714877309574
-0.29565603 9.78999 0.48893315 1129714882203846
-0.29686826 9.789975 0.48850885 1129714887221659
-0.29833266 9.789947 0.4881827 1129714892152545
-0.29985982 9.78991 0.48798683 1129714897236399
-0.3012104 9.789862 0.48811346 1129714902501869
-0.30225375 9.789814 0.4884259 1129714907211296
-0.3029015 9.78975 0.48931676 1129714912077704
-0.3033151 9.789649 0.49106488 1129714917366818
-0.30346859 9.789546 0.49304387 1129714922026403
-0.3033652 9.789441 0.4951906 1129714927061923
-0.3033198 9.789346 0.49708068 1129714931979164
-0.30361414 9.789273 0.49833652 1129714942173227
-0.3038149 9.789266 0.49836087 1129714947004321
-0.30388308 9.78927 0.4982253 1129714951907708
-0.3038761 9.789281 0.49802107 1129714956947395
-0.30383754 9.789295 0.49776158 1129714961860313
-0.30369732 9.789313 0.4974942 1129714966884010
-0.30338305 9.789335 0.49724376 1129714971828439
-0.30292863 9.789351 0.49721286 1129714976853022
-0.3023079 9.78934 0.49780318 1129714981770211
-0.30145216 9.789307 0.49898925 1129714986797241
-0.300617 9.789249 0.5006083 1129714991734482
-0.29969758 9.789175 0.50261706 1129714996877920
-0.29906684 9.7891035 0.50437534 1129715001689431
-0.29858446 9.789051 0.5056901 1129715006713389
-0.2980557 9.789033 0.50633603 1129715011776620
-0.2977098 9.789033 0.50655496 1129715016668286
-0.29752502 9.789042 0.5064728 1129715021591673
-0.29719216 9.78906 0.5063355 1129715026629381
-0.2968733 9.78908 0.5061424 1129715031700476
-0.2964562 9.789107 0.5058469 1129715036749642
-0.2959922 9.789139 0.50551385 1129715041694011
-0.29532298 9.78918 0.5050994 1129715046554591
-0.29434 9.789236 0.50458854 1129715051956771
-0.29344487 9.789273 0.50439763 1129715056458499
-0.29249617 9.789315 0.50413376 1129715061478655
-0.29205215 9.789339 0.5039163 1129715066402511
-0.291968 9.789359 0.5035779 1129715071576154
-0.29180914 9.789403 0.5028128 1129715076362772
-0.291909 9.789447 0.50189507 1129715081402355
-0.29247895 9.789469 0.5011464 1129715086317565
-0.29361263 9.789468 0.5004877 1129715091630169
-0.2947718 9.789466 0.49985522 1129715096277722
-0.2960281 9.789468 0.49906144 1129715101351367
-0.29733476 9.789475 0.498151 1129715106233660
-0.2988285 9.789493 0.49690565 1129715111462410
-0.30056316 9.789523 0.49526694 1129715116223654
-0.30254272 9.789573 0.49307898 1129715121226630
-0.30405685 9.789625 0.49108517 1129715126322152
-0.30533937 9.789674 0.4893201 1129715131421162
-0.3066198 9.789717 0.48765653 1129715136114549
-0.3080856 9.789757 0.48592812 1129715141135017
-0.30940667 9.789781 0.48460242 1129715146062779
-0.3105803 9.789795 0.48356664 1129715151106526
-0.31155512 9.789806 0.48271883 1129715156019343
-0.31248522 9.789814 0.4819634 1129715161110332
-0.31324217 9.789828 0.4811687 1129715165977989
-0.31385025 9.789847 0.48038688 1129715171232833
-0.31426972 9.789857 0.47991395 1129715175936272
-0.3144009 9.789874 0.47948137 1129715180995594
-0.31423518 9.789882 0.479443 1129715185894293
-0.31382075 9.78987 0.47993985 1129715190951428
-0.31329954 9.789845 0.48079005 1129715195889399
-0.3127662 9.789802 0.48202923 1129715200976794
-0.31233278 9.789768 0.48299345 1129715205831431
-0.31204197 9.789742 0.48369345 1129715211068618
-0.31195918 9.789737 0.48387083 1129715215781692
-0.31208992 9.789746 0.4835812 1129715220800077
-0.31228796 9.7897625 0.48312783 1129715225818047
-0.31265816 9.78986 0.48090437 1129715235820809
-0.3130952 9.789922 0.47935995 1129715240868465
-0.31374386 9.789992 0.47749007 1129715245649299
-0.31470484 9.790095 0.47473952 1129715250644660
-0.31583527 9.790226 0.47128645 1129715255589029
-0.31742972 9.790356 0.46749952 1129715260831748
-0.319176 9.790448 0.46438247 1129715265561124
-0.3211256 9.790508 0.46174535 1129715270593572
-0.3229287 9.790544 0.4597328 1129715275505604
-0.32460755 9.790568 0.458038 1129715280538781
-0.32639527 9.790579 0.45653665 1129715285493887
-0.3287031 9.790581 0.4548404 1129715290755449
-0.33071738 9.790567 0.45365933 1129715295421544
-0.3324891 9.79055 0.45271236 1129715300457377
-0.3339496 9.79052 0.45230988 1129715305377951
-0.3349407 9.790487 0.4522862 1129715310459878
-0.3356695 9.7904415 0.4527348 1129715315345452
-0.336257 9.790376 0.45371237 1129715320350862
-0.33668342 9.790296 0.45514214 1129715325309464
-0.33686695 9.790219 0.45663798 1129715330370869
-0.3370832 9.790139 0.45818496 1129715335352590
-0.33731815 9.790068 0.459546 1129715340282693
-0.3374631 9.790027 0.46030292 1129715345351393
-0.33771706 9.790006 0.4605744 1129715350317538
-0.33800963 9.789988 0.46074626 1129715355176029
-0.33807555 9.789967 0.46114865 1129715360211862
-0.33764276 9.789941 0.46199095 1129715365271759
-0.33702466 9.789912 0.4630549 1129715370124565
-0.33640018 9.789871 0.46438876 1129715375088114
-0.33588323 9.789827 0.4656826 1129715380116708
-0.33555913 9.78981 0.46626827 1129715385052438
-0.335686 9.7898035 0.46631122 1129715390082386
-0.3361566 9.789802 0.46601665 1129715395061189
-0.3368124 9.789799 0.46560112 1129715400029731
-0.3377449 9.789792 0.46506977 1129715404955149
-0.33880594 9.789786 0.46441975 1129715409999315
-0.3398366 9.789783 0.46373916 1129715414930931
-0.34059185 9.789768 0.46347752 1129715419905820
-0.34138274 9.789724 0.46384 1129715424874213
-0.3420688 9.789662 0.46462446 1129715429914213
-0.3425802 9.789595 0.46569538 1129715434842183
-0.34320226 9.789501 0.46719676 1129715439865360
-0.34391198 9.789405 0.46867266 1129715444819267
-0.3446764 9.789312 0.47005776 1129715449831350
-0.3456376 9.789215 0.471378 1129715455041716
-0.3466151 9.789123 0.47257575 1129715459788851
-0.34773442 9.789025 0.4737527 1129715464697707
-0.3490532 9.788928 0.4748 1129715469750988
-0.35065454 9.788834 0.47556344 1129715474685989
-0.35259873 9.7887745 0.47534743 1129715479690832
-0.35506955 9.788734 0.47433996 1129715485032862
-0.35724288 9.788722 0.47295964 1129715489609376
-0.3595624 9.788734 0.47093508 1129715494624063
-0.3616775 9.788761 0.4687586 1129715499551043
-0.36375493 9.788792 0.46650842 1129715504657291
-0.36588496 9.788821 0.4642194 1129715509517815
-0.36779967 9.788857 0.461924 1129715514554325
-0.36937004 9.788894 0.4599176 1129715519590257
-0.37050092 9.788919 0.45843822 1129715524705837
-0.37117362 9.788927 0.45773435 1129715529475890
-0.37149048 9.788927 0.4574807 1129715534460577
-0.37169474 9.788914 0.45759377 1129715539377297
-0.37185767 9.788884 0.45809492 1129715544686464
-0.37200484 9.788857 0.4585368 1129715549351413
-0.3720761 9.7887745 0.46025306 1129715559344643
-0.37212038 9.788727 0.4612274 1129715564560737
-0.37236327 9.788676 0.462112 1129715569303602
-0.3728399 9.788621 0.46290144 1129715574437925
-0.3733508 9.78856 0.46376362 1129715579383708
-0.37372616 9.7885 0.46473187 1129715584416572
-0.37421042 9.788434 0.4657388 1129715589232927
-0.37504327 9.788363 0.46655503 1129715594210115
-0.3760417 9.788334 0.46637496 1129715599136887
-0.37723684 9.788349 0.46507847 1129715604167147
-0.37862659 9.788373 0.46344528 1129715609082408
-0.38012668 9.788404 0.4615362 1129715614135325
-0.38179952 9.788423 0.4597718 1129715619047514
-0.38358995 9.7884445 0.4578304 1129715624115170
-0.38536522 9.788466 0.45585695 1129715628998296
-0.3875601 9.7884655 0.454025 1129715634050796
-0.38972756 9.788449 0.45250964 1129715638954599
-0.39173204 9.788406 0.45168898 1129715644038609
-0.39347854 9.788323 0.45197958 1129715648924183
-0.39521742 9.788211 0.45289382 1129715654048975
-0.39644632 9.788106 0.45409244 1129715658868820
-0.3974802 9.78798 0.45589775 1129715663912778
-0.39842528 9.787835 0.4581687 1129715668826060
-0.39950606 9.787677 0.46062195 1129715673831470
-0.4007677 9.787521 0.46281832 1129715678879447
-0.4020047 9.787391 0.46450502 1129715683821009
-0.40305507 9.787301 0.465473 1129715688795899
-0.404176 9.787251 0.46555194 1129715693770788
-0.40527445 9.78725 0.46463156 1129715698805022
-0.40653503 9.787285 0.46278107 1129715703792365
-0.40762132 9.787349 0.46047777 1129715708656064
-0.4086832 9.787428 0.45783705 1129715713700439
-0.40937173 9.787503 0.45560932 1129715718614815
-0.4100044 9.78756 0.4538133 1129715723644815
-0.41044334 9.787581 0.45294434 1129715728584504
-0.41032583 9.7875805 0.45308518 1129715733606170
-0.4098923 9.787547 0.45420194 1129715738530130
-0.40955013 9.78748 0.45592946 1129715743591119
-0.4092872 9.787417 0.45753717 1129715748493672
-0.40909886 9.787358 0.45896408 1129715753547006
-0.40910694 9.7873125 0.45992294 1129715758492319
-0.40940896 9.78729 0.4601462 1129715763531329
-0.40973234 9.787307 0.45948353 1129715768402268
-0.4100385 9.787362 0.45803535 1129715773489664
-0.41044533 9.787446 0.4558821 1129715778368259
-0.41098037 9.787535 0.45347148 1129715783465915
-0.41132885 9.787628 0.45114467 1129715788313051
-0.4114153 9.787719 0.44909063 1129715793377791
-0.41129464 9.787785 0.44776887 1129715798270917
-0.41105765 9.787822 0.44717935 1129715803407479
-0.4109396 9.787831 0.44706908 1129715808263574
-0.41092825 9.787831 0.44709978 1129715813419511
-0.41112933 9.787817 0.44721544 1129715818189044
-0.41133896 9.7878 0.44738936 1129715823222012
-0.41143832 9.787788 0.4475609 1129715828145191
-0.4114984 9.787792 0.44741118 1129715833213055
-0.41157192 9.787799 0.4472036 1129715838138629
-0.4115609 9.787819 0.44677433 1129715843174671
-0.41155154 9.787868 0.44570756 1129715848071391
-0.41142198 9.787928 0.44451678 1129715853100297
-0.411224 9.787983 0.4434707 1129715858030975
-0.41085482 9.788033 0.44272283 1129715863049777
-0.4104771 9.788044 0.4428172 1129715867971601
-0.40965557 9.788032 0.4438641 1129715873007955
-0.40848348 9.788005 0.44550896 1129715877960612
-0.40732804 9.787958 0.44761917 1129715883057584
-0.40628317 9.787895 0.44992313 1129715887919311
-0.40527225 9.787822 0.4524342 1129715892923998
-0.40429568 9.787741 0.4550392 1129715897854937
-0.40331024 9.787651 0.45784783 1129715902893895
-0.4025837 9.78756 0.4604042 1129715907805459
-0.40203583 9.787462 0.4629501 1129715912870042
-0.40170118 9.787393 0.4647278 1129715917809991
-0.40143913 9.787363 0.46557686 1129715922796606
-0.4012522 9.787382 0.46533492 1129715927718794
-0.40086657 9.787436 0.4645502 1129715932764315
-0.40023243 9.787488 0.46398154 1129715938204316
-0.4001628 9.78752 0.46336228 1129715943245202
-0.40053284 9.787532 0.4628061 1129715947697859
-0.40117213 9.787526 0.46236977 1129715952698848
-0.402193 9.787509 0.46183082 1129715957928016
-0.40287322 9.7875 0.46143273 1129715962639578
-0.4034306 9.787485 0.4612644 1129715967548382
-0.40445915 9.787442 0.4612734 1129715972642496
-0.40574127 9.787398 0.4610864 1129715977772237
-0.40689227 9.787354 0.46099722 1129715982540362
-0.407903 9.787292 0.4614324 1129715987463071
-0.40876168 9.7872095 0.46241704 1129715992512967
-0.40950876 9.787115 0.46375817 1129715997416768
-0.41002476 9.787002 0.4656924 1129716002455051
-0.4104422 9.786724 0.47111103 1129716012517292
-0.4107529 9.786586 0.47371638 1129716017755887
-0.4111466 9.786468 0.47581074 1129716022581668
-0.41162887 9.786374 0.47732636 1129716027307033
-0.41213098 9.786295 0.47849125 1129716032359533
-0.4127336 9.786238 0.47914213 1129716037432712
-0.41342327 9.786196 0.4794253 1129716042411097
-0.4140545 9.786158 0.47965622 1129716047341619
-0.41494223 9.786126 0.47951916 1129716052243806
-0.41627508 9.786108 0.47873822 1129716057218696
-0.41737577 9.786121 0.47751275 1129716062360838
-0.41815904 9.786134 0.47656 1129716067136465
-0.41904587 9.786125 0.47595736 1129716072168548
-0.4198593 9.786099 0.47577712 1129716077114483
-0.42051032 9.786039 0.47643292 1129716082113705
-0.42115664 9.785946 0.4777824 1129716087037821
-0.42188615 9.7858305 0.4795153 1129716092082404
-0.42304462 9.785696 0.4812263 1129716097295738
-0.42433 9.78559 0.48225102 1129716102031884
-0.42585024 9.785513 0.48247522 1129716106949750
-0.42775542 9.785466 0.48172995 1129716111988916
-0.43008998 9.785418 0.48065007 1129716116980115
-0.432556 9.785376 0.47927728 1129716121952927
-0.4350678 9.785347 0.4775882 1129716126864023
-0.43816492 9.785311 0.47549325 1129716131922876
-0.44160315 9.785276 0.47301227 1129716137057930
-0.4445922 9.785259 0.47056332 1129716141868919
-0.4476249 9.785212 0.46866637 1129716146879702
-0.4503664 9.78514 0.4675499 1129716151830535
-0.45256007 9.785045 0.46740782 1129716156717406
-0.454412 9.784917 0.46829778 1129716161770223
-0.45602408 9.784772 0.46976963 1129716166797672
-0.4575746 9.784612 0.4715904 1129716171883297
-0.4589901 9.784461 0.4733172 1129716176800121
-0.46023306 9.784325 0.47494018 1129716181687933
-0.46143502 9.784191 0.4765226 1129716186614341
-0.46272084 9.784048 0.47820604 1129716191675799
-0.4639213 9.78392 0.47966507 1129716196844602
-0.46483228 9.783828 0.48065412 1129716201603925
-0.46577466 9.783763 0.4810706 1129716206524812
-0.46678668 9.783703 0.48129684 1129716211558978
-0.46771792 9.783668 0.48111945 1129716216494188
-0.46867 9.783634 0.48088306 1129716221519969
-0.4695975 9.783603 0.48060334 1129716226442991
-0.4705309 9.783582 0.48012573 1129716231506064
-0.47115058 9.783564 0.47989193 1129716236399763
-0.47159573 9.783534 0.48005038 1129716241431221
-0.47190788 9.783488 0.48068196 1129716246356847
-0.47239295 9.783425 0.48148325 1129716251417524
-0.47319508 9.783355 0.48212594 1129716256315077
-0.4735967 9.783316 0.48252487 1129716261347525
-0.474161 9.783293 0.48243463 1129716266284453
-0.475078 9.783264 0.48210934 1129716271365703
-0.47606707 9.783237 0.4816759 1129716276227319
-0.47722572 9.783212 0.48103997 1129716281261381
-0.478286 9.78318 0.4806378 1129716286184195
-0.47938472 9.783119 0.48078275 1129716291219976
-0.48066017 9.783043 0.48107964 1129716296176227
-0.48246852 9.7829485 0.4811736 1129716301187893
-0.4836142 9.782877 0.48148048 1129716306100915
-0.48455667 9.78278 0.48250753 1129716311162999
-0.4855699 9.782669 0.4837409 1129716316056125
-0.48674297 9.782534 0.48530385 1129716321091176
-0.4881126 9.782387 0.48686218 1129716326014928
-0.48957983 9.782235 0.48844218 1129716331050084
-0.49122405 9.782091 0.4896697 1129716335971856
-0.49317396 9.781957 0.49039918 1129716341003887
-0.4949623 9.781845 0.49082407 1129716345931649
-0.4968643 9.781731 0.49117652 1129716351720138
-0.4981408 9.781632 0.49184382 1129716356023570
-0.49962378 9.781493 0.4930997 1129716361290243
-0.5007757 9.78137 0.49438366 1129716365844098
-0.5022246 9.781208 0.49612758 1129716370980086
-0.5038357 9.781053 0.4975507 1129716375804360
-0.50573736 9.780903 0.49855402 1129716380834880
-0.50769967 9.780772 0.49911872 1129716385757746
-0.5098437 9.780654 0.49926868 1129716390732635
-0.5125776 9.780537 0.4987586 1129716395902747
-0.51619995 9.780418 0.49733666 1129716400725032
-0.52031094 9.780305 0.49528903 1129716405719780
-0.52415687 9.780201 0.49328822 1129716410657694
-0.52751756 9.780081 0.4920673 1129716415643530
-0.5298633 9.779977 0.49161363 1129716420662749
-0.531744 9.779871 0.49169612 1129716425597750
-0.53363067 9.779737 0.49232277 1129716430594623
-0.5355229 9.779587 0.4932469 1129716435575876
-0.5372422 9.7794485 0.49410647 1129716440578011
-0.5386138 9.779325 0.49507424 1129716445499106
-0.53983414 9.779207 0.49607053 1129716450819835
-0.5406816 9.779118 0.49689975 1129716455700409
-0.5413083 9.779061 0.49733347 1129716460500045
-0.5419128 9.779012 0.49764615 1129716465517754
-0.5426672 9.778965 0.49773434 1129716470403064
-0.54346496 9.778926 0.49764818 1129716475393536
-0.54418135 9.778896 0.4974445 1129716480415828
-0.54483056 9.778877 0.49709943 1129716485336558
-0.5454822 9.778869 0.49655497 1129716490335930
-0.54591674 9.77889 0.4956642 1129716495325726
-0.5464979 9.778902 0.49478826 1129716500332705
-0.54704565 9.778903 0.49416304 1129716505249217
-0.54732305 9.778897 0.4939722 1129716510318539
-0.5473517 9.77889 0.49408382 1129716515215415
-0.5476873 9.778862 0.4942574 1129716520268436
-0.5482772 9.778819 0.49445614 1129716525161146
-0.5490973 9.778765 0.4946218 1129716530526406
-0.5498463 9.778718 0.49471012 1129716535123594
-0.55052847 9.7786665 0.49495617 1129716540194376
-0.5513482 9.778594 0.49547842 1129716545072554
-0.55225956 9.778511 0.49611464 1129716550134376
-0.5532689 9.778424 0.4966988 1129716555045680
-0.55433327 9.778342 0.49711227 1129716560104169
-0.55567443 9.77826 0.4972401 1129716564984170
-0.55723727 9.778168 0.4973079 1129716570039118
-0.55881965 9.778082 0.497217 1129716574987765
-0.5604589 9.778022 0.49654654 1129716580120838
-0.56198066 9.777991 0.49543935 1129716584949120
-0.5636168 9.777963 0.49414107 1129716589982605
-0.565157 9.777945 0.49273232 1129716594872298
-0.5666631 9.77795 0.49089107 1129716600131829
-0.5680131 9.777959 0.4891532 1129716604873914
-0.5692603 9.777974 0.48739928 1129716609879323
-0.57020634 9.777972 0.48632368 1129716614781050
-0.5707514 9.777956 0.4860144 1129716619813863
-0.57118183 9.777921 0.48622808 1129716624730999
-0.57160074 9.777871 0.48672202 1129716630046207
-0.57202095 9.777828 0.48709792 1129716634694594
-0.5724272 9.777802 0.48713413 1129716639719646
-0.57271713 9.777786 0.48712996 1129716644669855
-0.5728448 9.777755 0.48760226 1129716649678657
-0.5731709 9.777699 0.48832592 1129716654602513
-0.5734165 9.777635 0.48931932 1129716659686887
-0.57351905 9.777573 0.49045244 1129716664563659
-0.5737445 9.777501 0.49162236 1129716669631472
-0.5742854 9.77743 0.49239576 1129716674578921
-0.575172 9.777365 0.4926552 1129716679692202
-0.57623124 9.777305 0.49262306 1129716684515484
-0.57750887 9.777229 0.4926108 1129716689508817
-0.57884574 9.777154 0.49253285 1129716694477673
-0.58021194 9.77709 0.49218592 1129716699524443
-0.5814892 9.777044 0.49159092 1129716704387361
-0.58266723 9.777024 0.49059662 1129716709431580
-0.58394086 9.776998 0.48961172 1129716714406470
-0.5852222 9.776973 0.4885718 1129716719385800
-0.58643806 9.776954 0.48749894 1129716724330169
-0.58744365 9.776944 0.48648155 1129716729593353
-0.588081 9.776945 0.48569638 1129716734269864
-0.5885324 9.7769375 0.4853023 1129716739296687
-0.5888077 9.776924 0.4852447 1129716744237105
-0.5891216 9.776901 0.48531395 1129716749276896
-0.58957493 9.776863 0.4855396 1129716754179189
-0.5899291 9.776832 0.48572809 1129716759154078
-0.59018016 9.776807 0.4859285 1129716764165909
-0.5903779 9.776782 0.4861875 1129716769179034
-0.5906411 9.776759 0.48632658 1129716774094400
-0.59091264 9.7767515 0.48615175 1129716779130962
-0.5913714 9.776753 0.48556283 1129716784761223
-0.5918509 9.7767515 0.4850101 1129716789038568
-0.5923986 9.776748 0.48441678 1129716794054765
-0.59292346 9.776749 0.48375192 1129716799004610
-0.59350014 9.776748 0.48307174 1129716804518308
-0.5939278 9.776743 0.4826304 1129716808989143
-0.59454143 9.77672 0.48235425 1129716813976903
-0.59519887 9.776681 0.48233318 1129716818902633
-0.59588635 9.776626 0.48259974 1129716823905808
-0.59659314 9.776558 0.48309073 1129716828862322
-0.59738994 9.776479 0.4837208 1129716833907530
-0.59817964 9.776423 0.48386285 1129716838818625
-0.5992477 9.77639 0.4832084 1129716844446906
-0.59996045 9.776381 0.48252675 1129716848886907
-0.60054183 9.776389 0.48161227 1129716853815292
-0.6011183 9.776406 0.48055327 1129716858736700
-0.60153764 9.776438 0.4793834 1129716863742110
-0.6020376 9.776455 0.47840244 1129716868684878
-0.6025814 9.776454 0.47773957 1129716873732794
-0.60303086 9.776433 0.47759807 1129716878677163
-0.60337716 9.776378 0.47829157 1129716883953837
-0.6036876 9.776304 0.479397 1129716888602380
-0.60386014 9.776223 0.48082528 1129716893894619
-0.60397685 9.776156 0.4820428 1129716898563839
-0.6041516 9.776093 0.48311454 1129716903696182
-0.60427123 9.776055 0.48373064 1129716908521080
-0.604445 9.776035 0.48390746 1129716913561652
-0.6046164 9.776041 0.48358107 1129716918476914
-0.6046995 9.776073 0.48281235 1129716923520143
-0.6049048 9.776112 0.48179057 1129716928451759
-0.6051246 9.776157 0.4805888 1129716933457169
-0.6052968 9.776197 0.47955883 1129716938398530
-0.6053578 9.776229 0.47883052 1129716943455405
-0.60535717 9.77624 0.4786034 1129716948350042
-0.6054021 9.776217 0.4789985 1129716953392854
-0.6054472 9.776172 0.47989488 1129716958304678
-0.60530514 9.776113 0.48127228 1129716963667959
-0.6049381 9.776066 0.48267868 1129716968259836
-0.6043748 9.776024 0.48423052 1129716973388169
-0.60386825 9.775985 0.48565206 1129716978369055
-0.6035065 9.775959 0.48662236 1129716983336086
-0.6031432 9.775938 0.48748574 1129716988192963
-0.60267705 9.775889 0.4890452 1129716993217546
-0.6019755 9.775841 0.4908663 1129716998141089
-0.6013002 9.775794 0.49262086 1129717003200411
-0.60110956 9.775742 0.49389833 1129717008093485
-0.60131884 9.775685 0.4947533 1129717013163068
-0.60175496 9.775643 0.49504516 1129717018052288
-0.60228676 9.775627 0.49473104 1129717023100309
-0.6027803 9.77562 0.4942497 1129717028020935
-0.60329497 9.77561 0.4938408 1129717033042341
-0.6037595 9.775592 0.4936315 1129717037965103
-0.6043948 9.775551 0.49366426 1129717043008540
-0.60485333 9.775513 0.49385595 1129717047921458
-0.6050917 9.775465 0.49450392 1129717053064479
-0.6052917 9.775393 0.49570164 1129717057896824
-0.60524935 9.7753 0.49756426 1129717063100313
-0.60510224 9.775198 0.49975505 1129717068049533
-0.60493046 9.775071 0.50243276 1129717072904585
-0.605038 9.774913 0.50538087 1129717077856305
-0.60542923 9.774777 0.5075182 1129717082885367
-0.60599244 9.774685 0.508629 1129717087844327
-0.6066435 9.774642 0.50867665 1129717092820941
-0.6074317 9.774627 0.50802016 1129717097711880
-0.6084937 9.774623 0.5068221 1129717102742348
-0.60968536 9.774629 0.5052883 1129717107679172
-0.61087394 9.77465 0.5034225 1129717112737558
-0.6120007 9.774666 0.5017394 1129717117657923
-0.6131319 9.77468 0.5000913 1129717122667611
-0.6140481 9.774687 0.4988291 1129717127593289
-0.615114 9.774663 0.4979839 1129717132627039
-0.61598927 9.774633 0.49748015 1129717137572144
-0.61673754 9.77459 0.4974275 1129717142608074
-0.6174925 9.774535 0.4975604 1129717147506937
-0.6180754 9.774475 0.49799857 1129717152539020
-0.6184924 9.774401 0.49894643 1129717157477094
-0.61880004 9.774319 0.5001713 1129717162689385
-0.6191411 9.774248 0.501125 1129717167414543
-0.61965895 9.774199 0.5014531 1129717172544699
-0.62040585 9.774177 0.5009485 1129717177401419
-0.62130004 9.774187 0.49963826 1129717182568971
-0.6221216 9.774214 0.4980874 1129717187330691
-0.62315845 9.774233 0.49642035 1129717192375482
-0.62424344 9.774242 0.49486578 1129717197329025
-0.62561005 9.774239 0.49322587 1129717202315431
-0.6266052 9.774227 0.49217778 1129717207243609
-0.6271698 9.774192 0.4921503 1129717212273765
-0.6275593 9.774112 0.49325338 1129717217700902
-0.62754375 9.774015 0.49517202 1129717222233089
-0.6272066 9.77389 0.49808505 1129717227155955
-0.6269787 9.773736 0.5013628 1129717232191736
-0.62694377 9.773573 0.5045756 1129717237107360
-0.62715626 9.773394 0.5077856 1129717242148508
-0.62747705 9.773238 0.51036507 1129717247093770
-0.62782425 9.773118 0.51223356 1129717252115957
-0.6282739 9.773062 0.51276714 1129717257256739
-0.6288997 9.77307 0.5118267 1129717262059447
-0.6297278 9.773136 0.50955105 1129717266996272
-0.63073176 9.773244 0.50623745 1129717272026115
-0.6316734 9.773357 0.5028586 1129717277125595
-0.63228935 9.773459 0.5000987 1129717281977210
-0.63255775 9.773548 0.49802127 1129717286912263
-0.63266456 9.773607 0.49670255 1129717291940075
-0.632504 9.773639 0.49630338 1129717296869608
-0.6321219 9.773641 0.49674767 1129717301890753
-0.631638 9.773599 0.49819165 1129717306940494
-0.6311247 9.773511 0.5005458 1129717311958306
-0.6306504 9.773388 0.5035437 1129717317003464
-0.63008994 9.773262 0.5066847 1129717321849766
-0.62952226 9.773139 0.50975144 1129717326742632
-0.6288497 9.773035 0.51256543 1129717331769038
-0.6282591 9.772948 0.5149541 1129717336709143
-0.6276724 9.772872 0.5171013 1129717341726903
-0.6269165 9.772824 0.5189151 1129717346853519
-0.62599534 9.77279 0.52067685 1129717352908779
-0.62549514 9.772768 0.521682 1129717356642478
-0.6247576 9.77274 0.52308756 1129717361634457
-0.623961 9.772721 0.5243917 1129717366578156
-0.6230861 9.772719 0.5254581 1129717371590552
-0.62235546 9.772714 0.52642673 1129717376704095
-0.6217891 9.772686 0.5276177 1129717381540918
-0.62144995 9.772625 0.52914506 1129717386491231
-0.621636 9.772538 0.5305205 1129717391517377
-0.62229705 9.772469 0.5310396 1129717396505503
-0.6234818 9.772438 0.53019845 1129717401449871
-0.6251798 9.772452 0.52794856 1129717406512535
-0.63023406 9.7725525 0.5200148 1129717416661130
-0.6327779 9.77259 0.5162125 1129717421379515
-0.63547516 9.7726145 0.5124315 1129717426319569
-0.6382426 9.772615 0.5089529 1129717431340245
-0.6411356 9.772592 0.5057508 1129717436274622
-0.64412624 9.772553 0.50267917 1129717441294778
-0.64717287 9.772507 0.49966416 1129717446223321
-0.650657 9.77242 0.49683642 1129717451299623
-0.6539048 9.772302 0.49490255 1129717456178634
-0.6561431 9.772184 0.49424234 1129717461210092
-0.65734076 9.772062 0.49507174 1129717466131083
-0.6581881 9.771911 0.49694112 1129717471167906
-0.6586944 9.771758 0.49925056 1129717476100459
-0.6590144 9.771639 0.501166 1129717481123688
-0.659139 9.771569 0.5023637 1129717486050460
-0.65907806 9.771538 0.50305104 1129717491081658
-0.65877056 9.771553 0.50315183 1129717496223378
-0.65802366 9.771627 0.5026885 1129717501158065
-0.65705615 9.771733 0.50188625 1129717505976035
-0.65589786 9.771907 0.50002974 1129717511008014
-0.6550019 9.772125 0.49693757 1129717516074161
-0.6547108 9.77227 0.49444887 1129717521088640
-0.65420204 9.772344 0.49368027 1129717525894266
-0.65297556 9.772382 0.4945453 1129717530899676
-0.6513544 9.772382 0.4966647 1129717535834736
-0.64960235 9.772353 0.49952987 1129717540911715
-0.64806306 9.772305 0.50246656 1129717545791664
-0.6465686 9.772275 0.5049573 1129717550858116
-0.645151 9.772279 0.50670093 1129717555771964
-0.6440126 9.772293 0.5078631 1129717560786769
-0.64308786 9.772331 0.5083033 1129717565707343
-0.6422829 9.772393 0.508123 1129717570778488
-0.64181226 9.772475 0.50713784 1129717575672292
-0.64126277 9.772599 0.5054561 1129717580686250
-0.6408143 9.772723 0.5036092 1129717585620574
-0.6404925 9.772852 0.50152624 1129717590654584
-0.6401123 9.772973 0.49965286 1129717595585002
-0.63958573 9.773093 0.4979607 1129717600640262
-0.6389401 9.773197 0.4967589 1129717605552191
-0.63813233 9.773287 0.49602467 1129717610585159
-0.6371513 9.773357 0.4958984 1129717615520369
-0.6359665 9.773414 0.4963079 1129717620529483
-0.634923 9.773456 0.49683577 1129717625454536
-0.6341367 9.773473 0.4974933 1129717630520988
-0.6334197 9.773489 0.4980746 1129717635434017
-0.63292193 9.77349 0.49868253 1129717640454381
-0.63281494 9.773474 0.49915072 1129717645398750
-0.63285166 9.77343 0.49995148 1129717650859330
-0.63310164 9.773366 0.50089055 1129717655351571
-0.6334048 9.773275 0.5022642 1129717660371466