
-0.005326485 0.04793836 -0.018110048 1129713099892679
-0.005326485 0.03835069 -0.017044751 1129713105204086
-0.01065297 0.033024207 -0.015979454 1129713109797576
-0.01065297 0.029828314 -0.017044751 1129713114813982
-0.01065297 0.028763017 -0.015979454 1129713119750077
-0.0085223755 0.029828314 -0.020240642 1129713124821691
-0.0021305939 0.02450183 -0.022371236 1129713129712057
0.0042611877 0.018110048 -0.022371236 1129713134726432
0.0063917814 0.01065297 -0.022371236 1129713139662735
0.0031958907 0.0042611877 -0.02130594 1129713144684506
0.0042611877 0.005326485 -0.02130594 1129713149611278
0.005326485 0.011718267 -0.022371236 1129713154681174
0.011718267 0.019175345 -0.026632423 1129713159567425
0.018110048 0.017044751 -0.033024207 1129713164782581
0.025567126 0.017044751 -0.03089361 1129713169546540
0.033024207 0.014914157 -0.029828314 1129713174606176
0.02769772 0.01065297 -0.029828314 1129713179490916
0.02769772 0.0042611877 -0.026632423 1129713184735604
0.029828314 -0.005326485 -0.020240642 1129713189682324
0.022371236 -0.023436533 -0.018110048 1129713194602792
0.011718267 -0.04154658 -0.01384886 1129713199395241
0.0063917814 -0.05539544 -0.0085223755 1129713204442168
0.0010652969 -0.060721926 -0.009587673 1129713209354461
-0.0031958907 -0.06178722 -0.011718267 1129713214401492
-0.0021305939 -0.058591332 -0.01065297 1129713219316650
0.005326485 -0.05539544 -0.012783563 1129713224444774
0.012783563 -0.04900366 -0.015979454 1129713229279255
0.02450183 -0.039415985 -0.018110048 1129713234473838
0.033024207 -0.03089361 -0.022371236 1129713239277277
0.04154658 -0.02450183 -0.023436533 1129713244264255
0.05219955 -0.020240642 -0.028763017 1129713249201444
0.05646074 -0.014914157 -0.031958908 1129713254307434
0.05219955 -0.01384886 -0.033024207 1129713259170195
0.040481284 -0.020240642 -0.031958908 1129713264198841
0.026632423 -0.025567126 -0.029828314 1129713269096290
0.01384886 -0.02769772 -0.028763017 1129713274142019
0.0031958907 -0.025567126 -0.03089361 1129713279067072
0.0 -0.023436533 -0.031958908 1129713284091030
-0.005326485 -0.02130594 -0.031958908 1129713289038532
-0.0010652969 -0.020240642 -0.03089361 1129713294042281
-0.0010652969 -0.020240642 -0.03089361 1129713298990928
0.0042611877 -0.020240642 -0.029828314 1129713304016188
0.009587673 -0.02130594 -0.028763017 1129713308930513
0.01384886 -0.020240642 -0.025567126 1129713313991033
0.01384886 -0.020240642 -0.020240642 1129713318919316
0.012783563 -0.02450183 -0.018110048 1129713323918065
0.009587673 -0.02769772 -0.018110048 1129713328838535
0.0010652969 -0.02450183 -0.017044751 1129713333875150
-0.011718267 -0.019175345 -0.012783563 1129713339229995
-0.02450183 -0.014914157 -0.0085223755 1129713343854786
-0.034089502 -0.0074570784 -0.005326485 1129713348772340
-0.035154797 0.0021305939 -0.0042611877 1129713353799370
-0.029828314 0.01065297 -0.0031958907 1129713358998643
-0.02450183 0.0085223755 -0.0042611877 1129713363860726
-0.02130594 0.0074570784 -0.0021305939 1129713368800883
-0.022371236 0.0085223755 0.0042611877 1129713373863435
-0.023436533 0.01384886 0.011718267 1129713379041665
-0.02130594 0.02130594 0.011718267 1129713383796509
-0.017044751 0.02450183 0.009587673 1129713388762552
-0.01065297 0.022371236 0.0074570784 1129713393769948
-0.0031958907 0.018110048 0.0074570784 1129713398670884
-0.0021305939 0.0074570784 0.0085223755 1129713403706146
-0.005326485 -0.009587673 0.014914157 1129713408704168
-0.014914157 -0.02450183 0.02130594 1129713413706512
-0.026632423 -0.033024207 0.023436533 1129713418686513
-0.029828314 -0.03835069 0.02450183 1129713423706409
-0.033024207 -0.04261188 0.02130594 1129713428444900
-0.03835069 -0.04793836 0.018110048 1129713433655368
-0.043677174 -0.05113425 0.017044751 1129713438358127
-0.045807768 -0.05113425 0.018110048 1129713443416567
-0.046873067 -0.04793836 0.017044751 1129713448424954
-0.045807768 -0.043677174 0.014914157 1129713453619954
-0.04154658 -0.035154797 0.01065297 1129713458486827
-0.03728539 -0.029828314 0.01065297 1129713463322975
-0.029828314 -0.025567126 0.009587673 1129713468246779
-0.02769772 -0.018110048 0.0074570784 1129713473407091
-0.025567126 -0.0085223755 0.0042611877 1129713478667509
-0.018110048 0.0042611877 0.0 1129713483270842
-0.0085223755 0.018110048 -0.0042611877 1129713488202041
0.0021305939 0.028763017 -0.0063917814 1129713493196051
0.011718267 0.033024207 -0.0074570784 1129713498164386
0.015979454 0.029828314 -0.005326485 1129713503156000
0.012783563 0.023436533 -0.0031958907 1129713508075272
0.0074570784 0.017044751 0.0042611877 1129713513110636
0.0031958907 0.015979454 0.009587673 1129713518099388
0.005326485 0.015979454 0.0085223755 1129713523063033
0.0085223755 0.017044751 0.0074570784 1129713527990378
0.0074570784 0.014914157 0.0085223755 1129713533072982
0.0085223755 0.012783563 0.011718267 1129713537986830
0.0063917814 0.009587673 0.012783563 1129713543091681
0.0021305939 0.005326485 0.012783563 1129713547917359
-0.0010652969 0.0042611877 0.01384886 1129713552955119
-0.0031958907 0.0031958907 0.014914157 1129713558153606
-0.0042611877 0.0063917814 0.017044751 1129713562892100
0.0010652969 0.0074570784 0.017044751 1129713567830591
0.0085223755 0.0085223755 0.01384886 1129713572854080
0.017044751 0.014914157 0.009587673 1129713577905644
0.019175345 0.023436533 0.0042611877 1129713582809497
0.022371236 0.029828314 0.0042611877 1129713587744238
0.02130594 0.034089502 0.0042611877 1129713592783196
0.020240642 0.04154658 0.0010652969 1129713597697469
0.020240642 0.04261188 0.0 1129713602726999
0.019175345 0.04154658 0.0 1129713607647782
0.009587673 0.039415985 0.0010652969 1129713612653192
0.0031958907 0.036220096 0.0021305939 1129713617612106
-0.0021305939 0.03728539 0.0010652969 1129713622650074
-0.01065297 0.03728539 0.0042611877 1129713627572263
-0.0085223755 0.03089361 0.005326485 1129713632608721
-0.005326485 0.02130594 0.005326485 1129713637521066
-0.0063917814 0.009587673 0.0063917814 1129713642571639
-0.0074570784 -0.005326485 0.0063917814 1129713647489296
-0.0031958907 -0.015979454 0.0042611877 1129713652559817
-0.0010652969 -0.019175345 0.0021305939 1129713657437214
0.0021305939 -0.015979454 0.005326485 1129713662478880
0.0031958907 -0.014914157 0.0063917814 1129713667394871
0.0042611877 -0.01065297 0.0021305939 1129713672436225
0.01065297 -0.0085223755 0.0 1129713677470549
0.015979454 -0.011718267 -0.0021305939 1129713682450237
0.017044751 -0.015979454 -0.005326485 1129713687467321
0.014914157 -0.015979454 -0.0042611877 1129713692628779
0.01384886 -0.019175345 -0.009587673 1129713697276228
0.017044751 -0.017044751 -0.015979454 1129713702337374
0.014914157 -0.019175345 -0.020240642 1129713707673052
0.0063917814 -0.02130594 -0.02130594 1129713712361594
-0.0010652969 -0.023436533 -0.022371236 1129713717270397
-0.0074570784 -0.02769772 -0.020240642 1129713722379824
-0.01065297 -0.026632423 -0.018110048 1129713727258888
-0.0042611877 -0.018110048 -0.018110048 1129713732176179
0.0010652969 -0.009587673 -0.020240642 1129713737186285
0.0074570784 0.0 -0.02130594 1129713742211180
0.014914157 0.005326485 -0.02130594 1129713747260348
0.019175345 0.0085223755 -0.018110048 1129713752827952
0.02130594 0.012783563 -0.01065297 1129713757145297
0.02130594 0.014914157 -0.005326485 1129713762050036
0.020240642 0.018110048 0.0010652969 1129713767081183
0.023436533 0.02130594 0.0031958907 1129713772290348
0.026632423 0.023436533 0.0042611877 1129713776941184
0.02450183 0.02450183 0.0021305939 1129713781946594
0.02130594 0.025567126 0.0021305939 1129713786921484
0.014914157 0.028763017 0.0021305939 1129713791989100
0.0042611877 0.035154797 0.0010652969 1129713796843634
-0.0074570784 0.04154658 0.005326485 1129713801876030
-0.012783563 0.044742472 0.009587673 1129713806904625
-0.01065297 0.045807768 0.0063917814 1129713812001597
-0.0042611877 0.043677174 0.0021305939 1129713816758011
0.0 0.04261188 0.0021305939 1129713821814417
-0.0074570784 0.043677174 0.0 1129713826716814
-0.01065297 0.04154658 0.0 1129713832102595
-0.012783563 0.036220096 0.0021305939 1129713836672805
-0.01384886 0.02769772 0.0042611877 1129713841843065
-0.0085223755 0.022371236 0.005326485 1129713846736035
-0.0031958907 0.02130594 0.0042611877 1129713851888899
-0.0021305939 0.025567126 0.0021305939 1129713856587963
0.005326485 0.033024207 0.0 1129713861763900
0.015979454 0.040481284 -0.005326485 1129713866554995
0.022371236 0.04793836 -0.01065297 1129713871674735
0.03089361 0.053264845 -0.01384886 1129713876507913
0.03728539 0.053264845 -0.012783563 1129713881543844
0.03835069 0.054330144 -0.012783563 1129713886466976
0.035154797 0.058591332 -0.009587673 1129713891615046
0.029828314 0.06178722 -0.0085223755 1129713896542290
0.02769772 0.067113705 -0.0063917814 1129713901471508
0.025567126 0.07137489 -0.005326485 1129713906431406
0.025567126 0.067113705 -0.0031958907 1129713911551767
0.02450183 0.058591332 0.0010652969 1129713916526657
0.020240642 0.05219955 0.005326485 1129713921366146
0.014914157 0.04793836 0.0074570784 1129713926341036
0.009587673 0.046873067 0.009587673 1129713931513230
0.0085223755 0.04154658 0.009587673 1129713936298231
0.0085223755 0.028763017 0.0074570784 1129713941292398
0.0 0.01384886 0.0085223755 1129713946215003
-0.0042611877 -0.0021305939 0.009587673 1129713951431565
-0.0042611877 -0.0074570784 0.0085223755 1129713956171931
-0.0031958907 -0.0085223755 0.005326485 1129713961350889
0.0 -0.0031958907 0.0021305939 1129713966504484
0.0063917814 0.009587673 0.0 1129713971223182
0.015979454 0.022371236 -0.005326485 1129713976087871
0.022371236 0.033024207 -0.011718267 1129713981108287
0.022371236 0.04261188 -0.017044751 1129713986036466
0.02450183 0.05219955 -0.019175345 1129713991094330
0.020240642 0.059656627 -0.020240642 1129713995985008
0.011718267 0.063917816 -0.022371236 1129714001023081
0.017044751 0.063917816 -0.022371236 1129714005944697
0.015979454 0.05539544 -0.022371236 1129714010989748
0.0085223755 0.046873067 -0.020240642 1129714015995159
0.0021305939 0.040481284 -0.015979454 1129714020949906
-0.0085223755 0.039415985 -0.014914157 1129714025862980
-0.017044751 0.04261188 -0.01065297 1129714030911053
-0.02130594 0.046873067 -0.0074570784 1129714035818346
-0.022371236 0.053264845 -0.0063917814 1129714040861783
-0.025567126 0.057526033 -0.0042611877 1129714045774388
-0.028763017 0.06604841 -0.0021305939 1129714050838659
-0.03089361 0.08096257 -0.0010652969 1129714055742358
-0.03089361 0.08735435 -0.0021305939 1129714060768503
-0.02769772 0.08415846 -0.0021305939 1129714065864911
-0.025567126 0.068179004 -0.0021305939 1129714070865848
-0.014914157 0.054330144 -0.005326485 1129714075688193
-0.0085223755 0.044742472 -0.0074570784 1129714080693603
-0.005326485 0.03728539 -0.012783563 1129714085717673
-0.005326485 0.04154658 -0.011718267 1129714090723298
-0.005326485 0.04261188 -0.011718267 1129714095668716
0.0 0.039415985 -0.011718267 1129714100611528
0.005326485 0.031958908 -0.012783563 1129714105540071
0.0074570784 0.02450183 -0.011718267 1129714110564602
0.0 0.014914157 -0.005326485 1129714115479187
-0.014914157 0.009587673 0.0010652969 1129714120641166
-0.02769772 0.009587673 0.0085223755 1129714125473667
-0.039415985 0.0085223755 0.01384886 1129714130526740
-0.046873067 0.0074570784 0.014914157 1129714135392626
-0.050068956 0.0063917814 0.012783563 1129714140438459
-0.04793836 0.01384886 0.0085223755 1129714145351690
-0.045807768 0.028763017 0.005326485 1129714150411377
-0.039415985 0.043677174 0.0031958907 1129714155320337
-0.028763017 0.05539544 -0.0021305939 1129714160340701
-0.018110048 0.06285252 -0.0074570784 1129714165266483
-0.01065297 0.067113705 -0.01065297 1129714170350285
0.0010652969 0.07137489 -0.01384886 1129714175332214
0.0074570784 0.07350549 -0.02130594 1129714180287526
0.0063917814 0.07350549 -0.02450183 1129714185256954
0.0085223755 0.0692443 -0.02450183 1129714190245235
0.0063917814 0.064983115 -0.023436533 1129714195276591
0.0031958907 0.064983115 -0.019175345 1129714200183153
-0.0010652969 0.054330144 -0.018110048 1129714205501748
-0.0074570784 0.046873067 -0.015979454 1129714210177112
-0.02450183 0.039415985 -0.009587673 1129714215051957
-0.034089502 0.034089502 -0.005326485 1129714220187582
-0.04154658 0.029828314 -0.0021305939 1129714225040030
-0.04793836 0.029828314 -0.0010652969 1129714230073781
-0.04900366 0.029828314 0.0 1129714234971803
-0.045807768 0.034089502 0.0 1129714240074823
-0.03835069 0.04154658 0.0010652969 1129714244933729
-0.028763017 0.050068956 -0.0010652969 1129714249967376
-0.020240642 0.06178722 -0.0063917814 1129714254881544
-0.017044751 0.0692443 -0.0063917814 1129714259913367
-0.01384886 0.07670138 -0.0021305939 1129714265125660
-0.01065297 0.08202787 -0.0021305939 1129714269902899
-0.0021305939 0.08735435 0.0 1129714274795973
0.012783563 0.088419646 -0.0031958907 1129714279885192
0.023436533 0.07457078 -0.005326485 1129714284968683
0.02769772 0.0692443 -0.0031958907 1129714289797849
0.025567126 0.07137489 0.0 1129714294833736
0.020240642 0.07350549 0.0 1129714299745923
0.012783563 0.07563608 -0.0010652969 1129714304676182
0.0063917814 0.07457078 -0.0021305939 1129714309681592
0.0 0.07137489 -0.0021305939 1129714314637175
-0.0031958907 0.064983115 0.0021305939 1129714319774415
-0.011718267 0.058591332 0.0063917814 1129714324793791
-0.017044751 0.046873067 0.005326485 1129714334558740
-0.01384886 0.04261188 0.0063917814 1129714339610511
-0.014914157 0.033024207 0.0085223755 1129714344558897
-0.012783563 0.033024207 0.0074570784 1129714349560876
-0.011718267 0.031958908 0.01065297 1129714354457023
-0.015979454 0.040481284 0.012783563 1129714359523475
-0.017044751 0.057526033 0.011718267 1129714364406802
-0.023436533 0.07670138 0.009587673 1129714369446659
-0.02450183 0.09374613 0.0074570784 1129714374371244
-0.015979454 0.1054644 0.0042611877 1129714379414629
-0.012783563 0.11079088 0.0021305939 1129714384327964
-0.015979454 0.10866029 0.0042611877 1129714389373067
-0.02130594 0.10013791 0.0063917814 1129714394283121
-0.02769772 0.08628905 0.01065297 1129714399318902
-0.039415985 0.064983115 0.014914157 1129714404263174
-0.04793836 0.04793836 0.019175345 1129714409318955
-0.05219955 0.035154797 0.019175345 1129714414215414
-0.053264845 0.02769772 0.015979454 1129714419225831
-0.04900366 0.026632423 0.009587673 1129714424261349
-0.04900366 0.02450183 0.0031958907 1129714429198540
-0.043677174 0.023436533 0.0 1129714434203750
-0.028763017 0.045807768 -0.0042611877 1129714444123178
-0.020240642 0.05219955 -0.0074570784 1129714449109428
-0.011718267 0.05539544 -0.009587673 1129714454022189
-0.01384886 0.057526033 -0.01065297 1129714459058120
-0.017044751 0.063917816 -0.01065297 1129714463981930
-0.02450183 0.07137489 -0.011718267 1129714469028857
-0.03089361 0.08202787 -0.01384886 1129714474068962
-0.035154797 0.08415846 -0.014914157 1129714478986930
-0.034089502 0.08309316 -0.01384886 1129714483893078
-0.02450183 0.08522376 -0.015979454 1129714488932869
-0.02450183 0.09055024 -0.017044751 1129714493864589
-0.02130594 0.1022685 -0.017044751 1129714498899537
-0.01384886 0.1054644 -0.018110048 1129714503804121
-0.0085223755 0.10759499 -0.018110048 1129714508856777
-0.005326485 0.1033338 -0.017044751 1129714513807872
-0.005326485 0.092680834 -0.012783563 1129714518813966
-0.009587673 0.08096257 -0.009587673 1129714523723342
-0.017044751 0.068179004 -0.0042611877 1129714528770008
-0.023436533 0.06178722 0.0010652969 1129714533702874
-0.02769772 0.06285252 -0.0010652969 1129714538755426
-0.019175345 0.058591332 -0.0031958907 1129714543790271
-0.009587673 0.05646074 -0.0042611877 1129714548674125
0.0010652969 0.057526033 -0.0021305939 1129714553599335
0.009587673 0.06178722 -0.0074570784 1129714558649595
0.014914157 0.070309594 -0.01065297 1129714563567148
0.019175345 0.08096257 -0.01065297 1129714568595221
0.026632423 0.08628905 -0.01065297 1129714573513764
0.03089361 0.088419646 -0.0085223755 1129714578590899
0.02769772 0.092680834 -0.005326485 1129714583465015
0.019175345 0.09694202 0.0 1129714588515535
0.0085223755 0.1022685 0.0031958907 1129714593426318
0.0010652969 0.10866029 0.0031958907 1129714598472880
-0.005326485 0.11079088 0.0042611877 1129714603400746
-0.0063917814 0.10972559 0.0042611877 1129714608418402
-0.0010652969 0.1022685 0.0021305939 1129714613354705
0.0021305939 0.09055024 0.0 1129714618422153
0.0010652969 0.08096257 -0.0031958907 1129714623309967
0.0010652969 0.068179004 -0.0021305939 1129714628330383
0.0 0.05219955 -0.0010652969 1129714633268561
-0.0063917814 0.035154797 0.0 1129714638750071
-0.005326485 0.02769772 -0.0010652969 1129714643308666
-0.0031958907 0.033024207 -0.0031958907 1129714648244395
0.0021305939 0.040481284 -0.0063917814 1129714653475282
0.012783563 0.050068956 -0.01384886 1129714658202415
0.025567126 0.06604841 -0.02130594 1129714663217054
0.04261188 0.07883197 -0.023436533 1129714668250439
0.05219955 0.08628905 -0.029828314 1129714673132315
0.068179004 0.091615535 -0.034089502 1129714678328305
0.07883197 0.09055024 -0.034089502 1129714683044295
0.07776668 0.07776668 -0.029828314 1129714688087316
0.0692443 0.06285252 -0.023436533 1129714692999036
0.057526033 0.06178722 -0.017044751 1129714698277577
0.03835069 0.063917816 -0.012783563 1129714702959974
0.026632423 0.057526033 -0.01384886 1129714707988672
0.026632423 0.05219955 -0.014914157 1129714712919507
0.033024207 0.04793836 -0.015979454 1129714718192475
0.040481284 0.046873067 -0.017044751 1129714722870862
0.044742472 0.05113425 -0.015979454 1129714727915809
0.043677174 0.057526033 -0.017044751 1129714732859040
0.043677174 0.06285252 -0.018110048 1129714738092790
0.043677174 0.07137489 -0.022371236 1129714742785291
0.04154658 0.07989727 -0.023436533 1129714747866697
0.040481284 0.08096257 -0.02130594 1129714752841587
0.029828314 0.08309316 -0.018110048 1129714757821955
0.012783563 0.07776668 -0.015979454 1129714762766324
-0.0021305939 0.07457078 -0.014914157 1129714767737428
-0.015979454 0.08202787 -0.011718267 1129714772658106
-0.025567126 0.091615535 -0.0085223755 1129714777746856
-0.031958908 0.1022685 -0.01065297 1129714782615972
-0.02450183 0.11079088 -0.011718267 1129714787655607
-0.015979454 0.122509144 -0.014914157 1129714792583942
0.0 0.14594568 -0.020240642 1129714802555557
0.0031958907 0.14701098 -0.022371236 1129714807566234
0.009587673 0.14381509 -0.02130594 1129714812504673
0.009587673 0.14488038 -0.015979454 1129714817479562
0.0063917814 0.1395539 -0.014914157 1129714822496341
0.0 0.12570503 -0.009587673 1129714827495767
-0.014914157 0.11079088 -0.0085223755 1129714832415664
-0.033024207 0.09800732 -0.0042611877 1129714837439779
-0.046873067 0.088419646 0.0010652969 1129714842376030
-0.057526033 0.08309316 0.0042611877 1129714847396134
-0.059656627 0.07670138 0.0063917814 1129714852332646
-0.05219955 0.0692443 0.005326485 1129714857355354
-0.039415985 0.07137489 0.0021305939 1129714862303688
-0.028763017 0.07883197 -0.0042611877 1129714867315719
-0.019175345 0.08628905 -0.01065297 1129714872244887
-0.0074570784 0.10013791 -0.015979454 1129714877309574
0.0042611877 0.11185618 -0.017044751 1129714882203846
0.005326485 0.117182665 -0.019175345 1129714887221659
0.0031958907 0.12570503 -0.02450183 1129714892152545
0.0 0.13422741 -0.02450183 1129714897236399
-0.0063917814 0.13103153 -0.020240642 1129714902501869
-0.01065297 0.12463974 -0.017044751 1129714907211296
-0.022371236 0.11292148 -0.0085223755 1129714912077704
-0.03728539 0.1043991 -0.0031958907 1129714917366818
-0.046873067 0.09587672 0.0010652969 1129714922026403
-0.046873067 0.09055024 0.0063917814 1129714927061923
-0.04261188 0.09055024 0.005326485 1129714931979164
-0.015979454 0.10120321 0.0021305939 1129714942173227
-0.0042611877 0.1054644 0.0010652969 1129714947004321
-0.0010652969 0.11079088 0.0042611877 1129714951907708
0.0 0.120378554 0.0063917814 1129714956947395
0.0010652969 0.12677033 0.0074570784 1129714961860313
0.0010652969 0.12783563 0.009587673 1129714966884010
0.0010652969 0.11824796 0.012783563 1129714971828439
-0.0031958907 0.1054644 0.014914157 1129714976853022
-0.015979454 0.094811425 0.018110048 1129714981770211
-0.02769772 0.08735435 0.022371236 1129714986797241
-0.03728539 0.08628905 0.022371236 1129714991734482
-0.043677174 0.08628905 0.023436533 1129714996877920
-0.04154658 0.094811425 0.019175345 1129715001689431
-0.03089361 0.10013791 0.015979454 1129715006713389
-0.017044751 0.10120321 0.017044751 1129715011776620
-0.0085223755 0.1033338 0.01384886 1129715016668286
-0.0021305939 0.1054644 0.01065297 1129715021591673
-0.0010652969 0.10972559 0.01384886 1129715026629381
0.0 0.11505207 0.01384886 1129715031700476
0.0021305939 0.11505207 0.015979454 1129715036749642
0.0031958907 0.11079088 0.017044751 1129715041694011
0.005326485 0.1033338 0.02130594 1129715046554591
0.0063917814 0.09907261 0.025567126 1129715051956771
0.0010652969 0.09694202 0.02769772 1129715056458499
0.0021305939 0.09800732 0.026632423 1129715061478655
0.0010652969 0.1054644 0.017044751 1129715066402511
0.0031958907 0.10972559 0.009587673 1129715071576154
0.012783563 0.113986775 0.011718267 1129715076362772
0.014914157 0.119313255 0.0063917814 1129715081402355
0.011718267 0.12463974 -0.0031958907 1129715086317565
0.0085223755 0.13635801 -0.012783563 1129715091630169
0.009587673 0.14168449 -0.015979454 1129715096277722
0.011718267 0.14168449 -0.015979454 1129715101351367
0.014914157 0.1384886 -0.018110048 1129715106233660
0.020240642 0.13635801 -0.020240642 1129715111462410
0.03089361 0.14488038 -0.02769772 1129715116223654
0.040481284 0.14807628 -0.03089361 1129715121226630
0.036220096 0.1395539 -0.02130594 1129715126322152
0.031958908 0.13422741 -0.017044751 1129715131421162
0.033024207 0.13422741 -0.019175345 1129715136114549
0.031958908 0.13529271 -0.02130594 1129715141135017
0.02450183 0.12996623 -0.019175345 1129715146062779
0.018110048 0.12463974 -0.015979454 1129715151106526
0.014914157 0.119313255 -0.012783563 1129715156019343
0.012783563 0.10866029 -0.011718267 1129715161110332
0.014914157 0.092680834 -0.009587673 1129715165977989
0.01384886 0.07563608 -0.0063917814 1129715171232833
0.009587673 0.057526033 -0.0042611877 1129715175936272
0.0085223755 0.035154797 0.0010652969 1129715180995594
0.0010652969 0.014914157 0.0063917814 1129715185894293
-0.009587673 0.0010652969 0.01065297 1129715190951428
-0.017044751 -0.0074570784 0.012783563 1129715195889399
-0.02450183 -0.005326485 0.012783563 1129715200976794
-0.020240642 0.0021305939 0.011718267 1129715205831431
-0.01384886 0.01065297 0.0085223755 1129715211068618
-0.0042611877 0.019175345 0.005326485 1129715215781692
0.005326485 0.02769772 0.0010652969 1129715220800077
0.0085223755 0.035154797 0.0 1129715225818047
0.02130594 0.054330144 0.0 1129715235820809
0.029828314 0.07137489 -0.0031958907 1129715240868465
0.03835069 0.08628905 -0.0074570784 1129715245649299
0.054330144 0.10120321 -0.012783563 1129715250644660
0.0692443 0.11505207 -0.015979454 1129715255589029
0.07137489 0.12677033 -0.023436533 1129715260831748
0.064983115 0.13316211 -0.029828314 1129715265561124
0.05113425 0.13209683 -0.031958908 1129715270593572
0.039415985 0.13529271 -0.029828314 1129715275505604
0.031958908 0.13422741 -0.026632423 1129715280538781
0.028763017 0.12783563 -0.029828314 1129715285493887
0.03089361 0.120378554 -0.03835069 1129715290755449
0.02450183 0.1054644 -0.03835069 1129715295421544
0.018110048 0.092680834 -0.03089361 1129715300457377
0.0074570784 0.08628905 -0.025567126 1129715305377951
0.0 0.068179004 -0.015979454 1129715310459878
-0.009587673 0.05646074 -0.011718267 1129715315345452
-0.020240642 0.054330144 -0.0085223755 1129715320350862
-0.029828314 0.05219955 -0.005326485 1129715325309464
-0.03089361 0.05646074 0.0 1129715330370869
-0.033024207 0.070309594 0.0 1129715335352590
-0.029828314 0.07883197 0.0 1129715340282693
-0.017044751 0.08309316 0.0021305939 1129715345351393
-0.0074570784 0.08628905 0.0 1129715350317538
-0.005326485 0.08309316 -0.0010652969 1129715355176029
-0.009587673 0.070309594 0.0031958907 1129715360211862
-0.018110048 0.057526033 0.012783563 1129715365271759
-0.023436533 0.05539544 0.017044751 1129715370124565
-0.028763017 0.058591332 0.017044751 1129715375088114
-0.02769772 0.06285252 0.014914157 1129715380116708
-0.01384886 0.07457078 0.011718267 1129715385052438
-0.0031958907 0.092680834 0.0031958907 1129715390082386
0.0031958907 0.10866029 -0.0031958907 1129715395061189
0.005326485 0.12357444 -0.0063917814 1129715400029731
0.0074570784 0.13635801 -0.011718267 1129715404955149
0.009587673 0.1374233 -0.01384886 1129715409999315
0.01065297 0.13422741 -0.01384886 1129715414930931
0.0021305939 0.12463974 -0.0085223755 1129715419905820
-0.01065297 0.119313255 -0.009587673 1129715424874213
-0.019175345 0.116117366 -0.0074570784 1129715429914213
-0.025567126 0.11505207 -0.0042611877 1129715434842183
-0.034089502 0.11505207 -0.0063917814 1129715439865360
-0.034089502 0.11292148 -0.0085223755 1129715444819267
-0.031958908 0.11185618 -0.009587673 1129715449831350
-0.029828314 0.11505207 -0.012783563 1129715455041716
-0.029828314 0.116117366 -0.014914157 1129715459788851
-0.028763017 0.120378554 -0.017044751 1129715464697707
-0.025567126 0.12463974 -0.020240642 1129715469750988
-0.020240642 0.12783563 -0.026632423 1129715474685989
0.0 0.13316211 -0.033024207 1129715479690832
0.014914157 0.13635801 -0.040481284 1129715485032862
0.026632423 0.14061919 -0.04154658 1129715489609376
0.03728539 0.13635801 -0.040481284 1129715494624063
0.04154658 0.13209683 -0.03728539 1129715499551043
0.04154658 0.13209683 -0.035154797 1129715504657291
0.044742472 0.13529271 -0.03835069 1129715509517815
0.043677174 0.12357444 -0.033024207 1129715514554325
0.03835069 0.11185618 -0.026632423 1129715519590257
0.02769772 0.09587672 -0.018110048 1129715524705837
0.01384886 0.07989727 -0.01065297 1129715529475890
0.0042611877 0.068179004 -0.0031958907 1129715534460577
-0.0031958907 0.06285252 -0.0010652969 1129715539377297
-0.01065297 0.06178722 0.0 1129715544686464
-0.01065297 0.06178722 0.0 1129715549351413
-0.019175345 0.057526033 0.0021305939 1129715559344643
-0.020240642 0.05539544 0.0021305939 1129715564560737
-0.020240642 0.05539544 -0.0021305939 1129715569303602
-0.017044751 0.05539544 -0.0063917814 1129715574437925
-0.019175345 0.054330144 -0.0074570784 1129715579383708
-0.02130594 0.058591332 -0.0042611877 1129715584416572
-0.023436533 0.068179004 -0.0063917814 1129715589232927
-0.019175345 0.07989727 -0.012783563 1129715594210115
0.0010652969 0.091615535 -0.015979454 1129715599136887
0.023436533 0.10120321 -0.019175345 1129715604167147
0.03089361 0.11079088 -0.023436533 1129715609082408
0.035154797 0.12144385 -0.02450183 1129715614135325
0.033024207 0.12890093 -0.028763017 1129715619047514
0.035154797 0.1374233 -0.029828314 1129715624115170
0.03728539 0.14061919 -0.03089361 1129715628998296
0.033024207 0.1384886 -0.03835069 1129715634050796
0.02769772 0.13529271 -0.039415985 1129715638954599
0.012783563 0.122509144 -0.035154797 1129715644038609
-0.009587673 0.11079088 -0.031958908 1129715648924183
-0.02130594 0.092680834 -0.03089361 1129715654048975
-0.02769772 0.067113705 -0.023436533 1129715658868820
-0.03835069 0.046873067 -0.019175345 1129715663912778
-0.04900366 0.040481284 -0.018110048 1129715668826060
-0.05219955 0.045807768 -0.020240642 1129715673831470
-0.046873067 0.05113425 -0.023436533 1129715678879447
-0.03728539 0.05219955 -0.023436533 1129715683821009
-0.022371236 0.057526033 -0.019175345 1129715688795899
-0.0042611877 0.064983115 -0.020240642 1129715693770788
0.015979454 0.07137489 -0.019175345 1129715698805022
0.035154797 0.07776668 -0.022371236 1129715703792365
0.045807768 0.08096257 -0.019175345 1129715708656064
0.05113425 0.07670138 -0.018110048 1129715713700439
0.044742472 0.059656627 -0.011718267 1129715718614815
0.035154797 0.05219955 -0.01065297 1129715723644815
0.017044751 0.040481284 -0.0074570784 1129715728584504
-0.0031958907 0.020240642 0.0031958907 1129715733606170
-0.023436533 0.012783563 0.009587673 1129715738530130
-0.035154797 0.01065297 0.0074570784 1129715743591119
-0.034089502 0.017044751 0.0063917814 1129715748493672
-0.029828314 0.028763017 0.005326485 1129715753547006
-0.02130594 0.043677174 0.0021305939 1129715758492319
-0.0063917814 0.057526033 -0.0031958907 1129715763531329
0.011718267 0.07137489 -0.0031958907 1129715768402268
0.026632423 0.08202787 -0.0021305939 1129715773489664
0.04261188 0.088419646 -0.0042611877 1129715778368259
0.045807768 0.09055024 -0.0063917814 1129715783465915
0.046873067 0.08628905 -0.0031958907 1129715788313051
0.039415985 0.07989727 0.0021305939 1129715793377791
0.025567126 0.07883197 0.0063917814 1129715798270917
0.009587673 0.07776668 0.0085223755 1129715803407479
0.0 0.07989727 0.0063917814 1129715808263574
-0.0031958907 0.08309316 0.0042611877 1129715813419511
-0.005326485 0.088419646 0.0 1129715818189044
-0.0063917814 0.08735435 0.0 1129715823222012
-0.0063917814 0.08522376 0.0021305939 1129715828145191
0.0 0.088419646 0.0031958907 1129715833213055
0.0010652969 0.09374613 0.0031958907 1129715838138629
0.005326485 0.10013791 0.005326485 1129715843174671
0.019175345 0.09800732 0.005326485 1129715848071391
0.02130594 0.091615535 0.0074570784 1129715853100297
0.019175345 0.08202787 0.0085223755 1129715858030975
0.012783563 0.07563608 0.011718267 1129715863049777
-0.0042611877 0.06604841 0.011718267 1129715867971601
-0.023436533 0.05646074 0.020240642 1129715873007955
-0.036220096 0.05113425 0.02769772 1129715877960612
-0.044742472 0.04900366 0.026632423 1129715883057584
-0.05113425 0.04900366 0.025567126 1129715887919311
-0.054330144 0.054330144 0.02450183 1129715892923998
-0.057526033 0.06178722 0.02450183 1129715897854937
-0.060721926 0.064983115 0.02450183 1129715902893895
-0.057526033 0.07457078 0.020240642 1129715907805459
-0.05646074 0.091615535 0.017044751 1129715912870042
-0.04261188 0.10866029 0.01384886 1129715917809991
-0.023436533 0.117182665 0.012783563 1129715922796606
-0.0010652969 0.12357444 0.011718267 1129715927718794
0.009587673 0.13103153 0.015979454 1129715932764315
0.0042611877 0.13635801 0.020240642 1129715938204316
0.005326485 0.15553336 0.01065297 1129715943245202
0.0042611877 0.18323107 0.0021305939 1129715947697859
0.0 0.19601464 -0.0021305939 1129715952698848
0.0010652969 0.2098635 -0.0085223755 1129715957928016
-0.0010652969 0.21305938 -0.0031958907 1129715962639578
-0.0063917814 0.21838588 0.0 1129715967548382
-0.01065297 0.23223473 -0.0085223755 1129715972642496
-0.0074570784 0.24821419 -0.012783563 1129715977772237
-0.009587673 0.25247538 -0.011718267 1129715982540362
-0.020240642 0.243953 -0.0085223755 1129715987463071
-0.03089361 0.23436533 -0.005326485 1129715992512967
-0.03835069 0.21625528 -0.0042611877 1129715997416768
-0.04900366 0.19601464 0.0 1129716002455051
-0.06285252 0.16405573 0.0042611877 1129716012517292
-0.059656627 0.16299044 0.0031958907 1129716017755887
-0.053264845 0.16299044 0.0010652969 1129716022581668
-0.04154658 0.16085984 -0.0010652969 1129716027307033
-0.031958908 0.15659864 -0.0010652969 1129716032359533
-0.02130594 0.15340276 -0.0031958907 1129716037432712
-0.01384886 0.15020686 -0.005326485 1129716042411097
-0.012783563 0.14914156 -0.0042611877 1129716047341619
-0.005326485 0.15233746 -0.009587673 1129716052243806
0.0074570784 0.16192514 -0.018110048 1129716057218696
0.015979454 0.16085984 -0.012783563 1129716062360838
0.012783563 0.14274979 -0.0085223755 1129716067136465
0.005326485 0.12570503 -0.01065297 1129716072168548
-0.0031958907 0.12144385 -0.009587673 1129716077114483
-0.020240642 0.113986775 -0.0063917814 1129716082113705
-0.035154797 0.113986775 -0.0063917814 1129716087037821
-0.04261188 0.12144385 -0.0074570784 1129716092082404
-0.04154658 0.13316211 -0.014914157 1129716097295738
-0.03089361 0.14807628 -0.019175345 1129716102031884
-0.01384886 0.16512102 -0.022371236 1129716106949750
0.005326485 0.18216577 -0.028763017 1129716111988916
0.011718267 0.19921052 -0.03728539 1129716116980115
0.017044751 0.21838588 -0.039415985 1129716121952927
0.023436533 0.23330003 -0.040481284 1129716126864023
0.029828314 0.25354066 -0.050068956 1129716131922876
0.036220096 0.27058542 -0.05539544 1129716137057930
0.039415985 0.25993246 -0.05113425 1129716141868919
0.02769772 0.22903883 -0.05113425 1129716146879702
0.012783563 0.2098635 -0.046873067 1129716151830535
-0.0063917814 0.18642697 -0.03728539 1129716156717406
-0.026632423 0.16618632 -0.029828314 1129716161770223
-0.03835069 0.15659864 -0.025567126 1129716166797672
-0.044742472 0.14594568 -0.02450183 1129716171883297
-0.043677174 0.13316211 -0.023436533 1129716176800121
-0.04154658 0.12783563 -0.020240642 1129716181687933
-0.040481284 0.12783563 -0.019175345 1129716186614341
-0.04154658 0.12677033 -0.020240642 1129716191675799
-0.036220096 0.12463974 -0.018110048 1129716196844602
-0.028763017 0.12570503 -0.01384886 1129716201603925
-0.015979454 0.12463974 -0.01384886 1129716206524812
-0.011718267 0.122509144 -0.014914157 1129716211558978
-0.0031958907 0.11824796 -0.01384886 1129716216494188
-0.0021305939 0.120378554 -0.01384886 1129716221519969
-0.0010652969 0.119313255 -0.01384886 1129716226442991
0.0031958907 0.11079088 -0.01384886 1129716231506064
-0.0010652969 0.09907261 -0.0085223755 1129716236399763
-0.0085223755 0.08522376 -0.005326485 1129716241431221
-0.018110048 0.07670138 -0.0031958907 1129716246356847
-0.02130594 0.07883197 -0.0063917814 1129716251417524
-0.019175345 0.09055024 -0.012783563 1129716256315077
-0.014914157 0.11185618 -0.0031958907 1129716261347525
-0.005326485 0.120378554 -0.0063917814 1129716266284453
-0.0010652969 0.13103153 -0.012783563 1129716271365703
0.0010652969 0.1395539 -0.014914157 1129716276227319
0.0042611877 0.15233746 -0.017044751 1129716281261381
-0.0010652969 0.16618632 -0.014914157 1129716286184195
-0.012783563 0.1725781 -0.014914157 1129716291219976
-0.017044751 0.19068815 -0.018110048 1129716296176227
-0.01384886 0.2109288 -0.02769772 1129716301187893
-0.018110048 0.2056023 -0.014914157 1129716306100915
-0.031958908 0.19494934 -0.01065297 1129716311162999
-0.03728539 0.19707993 -0.012783563 1129716316056125
-0.043677174 0.2056023 -0.014914157 1129716321091176
-0.044742472 0.2119941 -0.019175345 1129716326014928
-0.044742472 0.21732058 -0.020240642 1129716331050084
-0.03835069 0.22051647 -0.02450183 1129716335971856
-0.02769772 0.22264706 -0.029828314 1129716341003887
-0.02130594 0.21518998 -0.02769772 1129716345931649
-0.018110048 0.2056023 -0.02450183 1129716351720138
-0.02769772 0.19175345 -0.022371236 1129716356023570
-0.035154797 0.175774 -0.02130594 1129716361290243
-0.039415985 0.16299044 -0.019175345 1129716365844098
-0.044742472 0.15446806 -0.022371236 1129716370980086
-0.040481284 0.15553336 -0.02769772 1129716375804360
-0.03089361 0.16085984 -0.031958908 1129716380834880
-0.022371236 0.16299044 -0.034089502 1129716385757746
-0.01384886 0.16512102 -0.03728539 1129716390732635
-0.0021305939 0.19388404 -0.045807768 1129716395902747
0.014914157 0.25354066 -0.06604841 1129716400725032
0.026632423 0.25886714 -0.07350549 1129716405719780
0.02769772 0.23330003 -0.070309594 1129716410657694
0.012783563 0.2098635 -0.060721926 1129716415643530
-0.0021305939 0.19281875 -0.040481284 1129716420662749
-0.011718267 0.16725162 -0.033024207 1129716425597750
-0.02130594 0.1395539 -0.034089502 1129716430594623
-0.026632423 0.12463974 -0.035154797 1129716435575876
-0.02450183 0.11185618 -0.031958908 1129716440578011
-0.026632423 0.1043991 -0.025567126 1129716445499106
-0.025567126 0.1043991 -0.020240642 1129716450819835
-0.023436533 0.09800732 -0.014914157 1129716455700409
-0.014914157 0.09374613 -0.01065297 1129716460500045
-0.011718267 0.09055024 -0.009587673 1129716465517754
-0.0074570784 0.094811425 -0.012783563 1129716470403064
-0.0042611877 0.1033338 -0.012783563 1129716475393536
-0.0021305939 0.10866029 -0.01065297 1129716480415828
0.0010652969 0.10652969 -0.009587673 1129716485336558
0.005326485 0.1022685 -0.009587673 1129716490335930
0.012783563 0.09800732 -0.005326485 1129716495325726
0.012783563 0.092680834 -0.0085223755 1129716500332705
0.0085223755 0.08309316 -0.0085223755 1129716505249217
0.0 0.07137489 -0.0031958907 1129716510318539
-0.005326485 0.05539544 0.0010652969 1129716515215415
-0.0063917814 0.05113425 -0.005326485 1129716520268436
-0.0074570784 0.05646074 -0.01065297 1129716525161146
-0.0063917814 0.05539544 -0.01384886 1129716530526406
-0.005326485 0.05646074 -0.014914157 1129716535123594
-0.0085223755 0.059656627 -0.011718267 1129716540194376
-0.014914157 0.064983115 -0.014914157 1129716545072554
-0.017044751 0.0692443 -0.015979454 1129716550134376
-0.017044751 0.08096257 -0.018110048 1129716555045680
-0.01384886 0.091615535 -0.018110048 1129716560104169
-0.0085223755 0.09800732 -0.02450183 1129716564984170
-0.0074570784 0.1033338 -0.02769772 1129716570039118
-0.0042611877 0.1043991 -0.028763017 1129716574987765
0.0074570784 0.10120321 -0.028763017 1129716580120838
0.018110048 0.092680834 -0.028763017 1129716584949120
0.02130594 0.09055024 -0.029828314 1129716589982605
0.02450183 0.091615535 -0.028763017 1129716594872298
0.03089361 0.09374613 -0.025567126 1129716600131829
0.033024207 0.09055024 -0.025567126 1129716604873914
0.031958908 0.07989727 -0.022371236 1129716609879323
0.019175345 0.070309594 -0.017044751 1129716614781050
0.0031958907 0.064983115 -0.0085223755 1129716619813863
-0.0074570784 0.06285252 -0.0063917814 1129716624730999
-0.012783563 0.064983115 -0.005326485 1129716630046207
-0.011718267 0.068179004 -0.0063917814 1129716634694594
-0.0042611877 0.068179004 -0.005326485 1129716639719646
-0.0031958907 0.063917816 -0.0031958907 1129716644669855
-0.012783563 0.058591332 0.0 1129716649678657
-0.018110048 0.05539544 -0.0042611877 1129716654602513
-0.023436533 0.059656627 -0.0021305939 1129716659686887
-0.02769772 0.06604841 0.0010652969 1129716664563659
-0.02769772 0.070309594 -0.0010652969 1129716669631472
-0.020240642 0.07457078 -0.0074570784 1129716674578921
-0.009587673 0.07776668 -0.01384886 1129716679692202
-0.0042611877 0.08735435 -0.018110048 1129716684515484
-0.005326485 0.09800732 -0.02130594 1129716689508817
-0.0042611877 0.1043991 -0.022371236 1129716694477673
0.0010652969 0.10759499 -0.022371236 1129716699524443
0.0063917814 0.11185618 -0.02130594 1129716704387361
0.01384886 0.116117366 -0.018110048 1129716709431580
0.01384886 0.119313255 -0.020240642 1129716714406470
0.014914157 0.12144385 -0.020240642 1129716719385800
0.015979454 0.11824796 -0.019175345 1129716724330169
0.01384886 0.11185618 -0.01384886 1129716729593353
0.011718267 0.1043991 -0.0085223755 1129716734269864
0.0031958907 0.09374613 -0.0042611877 1129716739296687
-0.0031958907 0.08628905 -0.0010652969 1129716744237105
-0.005326485 0.07776668 -0.0021305939 1129716749276896
-0.0085223755 0.07457078 -0.005326485 1129716754179189
-0.0074570784 0.07244019 -0.0031958907 1129716759154078
-0.0074570784 0.070309594 -0.0010652969 1129716764165909
-0.0085223755 0.068179004 0.0 1129716769179034
-0.0063917814 0.07457078 -0.0010652969 1129716774094400
0.0 0.07563608 -0.0010652969 1129716779130962
0.0074570784 0.070309594 -0.0042611877 1129716784761223
0.01065297 0.06604841 -0.0074570784 1129716789038568
0.009587673 0.060721926 -0.0074570784 1129716794054765
0.011718267 0.05219955 -0.0074570784 1129716799004610
0.01065297 0.04900366 -0.0074570784 1129716804518308
0.0085223755 0.045807768 -0.0063917814 1129716808989143
0.0042611877 0.040481284 -0.009587673 1129716813976903
-0.0010652969 0.040481284 -0.01065297 1129716818902633
-0.0074570784 0.04900366 -0.01065297 1129716823905808
-0.012783563 0.059656627 -0.01065297 1129716828862322
-0.015979454 0.070309594 -0.011718267 1129716833907530
-0.0063917814 0.07563608 -0.011718267 1129716838818625
0.0085223755 0.07350549 -0.014914157 1129716844446906
0.012783563 0.07244019 -0.011718267 1129716848886907
0.015979454 0.07244019 -0.0074570784 1129716853815292
0.019175345 0.070309594 -0.0074570784 1129716858736700
0.02130594 0.06604841 -0.0042611877 1129716863742110
0.018110048 0.058591332 -0.0063917814 1129716868684878
0.011718267 0.050068956 -0.0074570784 1129716873732794
0.0021305939 0.035154797 -0.0063917814 1129716878677163
-0.01384886 0.025567126 -0.0042611877 1129716883953837
-0.02450183 0.022371236 -0.0042611877 1129716888602380
-0.02769772 0.019175345 -0.0010652969 1129716893894619
-0.026632423 0.020240642 0.0 1129716898563839
-0.02130594 0.020240642 -0.0010652969 1129716903696182
-0.012783563 0.020240642 0.0 1129716908521080
-0.0031958907 0.019175345 -0.0010652969 1129716913561652
0.0074570784 0.018110048 -0.0010652969 1129716918476914
0.015979454 0.023436533 0.0010652969 1129716923520143
0.02130594 0.03089361 -0.0010652969 1129716928451759
0.02450183 0.036220096 -0.0010652969 1129716933457169
0.02130594 0.03835069 0.0 1129716938398530
0.014914157 0.034089502 0.0021305939 1129716943455405
0.005326485 0.02769772 0.0031958907 1129716948350042
-0.0074570784 0.02450183 0.0021305939 1129716953392854
-0.018110048 0.022371236 0.0021305939 1129716958304678
-0.025567126 0.01384886 0.005326485 1129716963667959
-0.029828314 0.0010652969 0.01065297 1129716968259836
-0.028763017 -0.01384886 0.012783563 1129716973388169
-0.026632423 -0.02130594 0.011718267 1129716978369055
-0.017044751 -0.02769772 0.0085223755 1129716983336086
-0.014914157 -0.034089502 0.0085223755 1129716988192963
-0.02769772 -0.050068956 0.009587673 1129716993217546
-0.034089502 -0.04900366 0.014914157 1129716998141089
-0.033024207 -0.03089361 0.014914157 1129717003200411
-0.025567126 -0.011718267 0.0063917814 1129717008093485
-0.017044751 0.0042611877 -0.0010652969 1129717013163068
-0.0063917814 0.01384886 -0.005326485 1129717018052288
0.005326485 0.02769772 -0.0063917814 1129717023100309
0.0085223755 0.03728539 -0.005326485 1129717028020935
0.0063917814 0.044742472 -0.005326485 1129717033042341
0.0021305939 0.050068956 -0.0042611877 1129717037965103
-0.0031958907 0.053264845 -0.0074570784 1129717043008540
-0.0063917814 0.050068956 -0.0042611877 1129717047921458
-0.014914157 0.040481284 0.0 1129717053064479
-0.026632423 0.025567126 0.0 1129717057896824
-0.03728539 0.011718267 0.0042611877 1129717063100313
-0.045807768 0.005326485 0.0063917814 1129717068049533
-0.057526033 0.012783563 0.0074570784 1129717072904585
-0.06285252 0.023436533 0.0021305939 1129717077856305
-0.045807768 0.031958908 -0.0031958907 1129717082885367
-0.025567126 0.040481284 -0.0063917814 1129717087844327
-0.0042611877 0.054330144 -0.0074570784 1129717092820941
0.009587673 0.07244019 -0.009587673 1129717097711880
0.019175345 0.092680834 -0.01384886 1129717102742348
0.025567126 0.11292148 -0.015979454 1129717107679172
0.03089361 0.12570503 -0.014914157 1129717112737558
0.02769772 0.13635801 -0.01384886 1129717117657923
0.026632423 0.13316211 -0.01384886 1129717122667611
0.020240642 0.117182665 -0.01065297 1129717127593289
0.011718267 0.10759499 -0.01384886 1129717132627039
0.005326485 0.10013791 -0.01065297 1129717137572144
-0.0031958907 0.08522376 -0.0085223755 1129717142608074
-0.0063917814 0.07350549 -0.009587673 1129717147506937
-0.011718267 0.058591332 -0.0063917814 1129717152539020
-0.022371236 0.05539544 -0.0031958907 1129717157477094
-0.02769772 0.0692443 0.0 1129717162689385
-0.025567126 0.09055024 0.0 1129717167414543
-0.012783563 0.11292148 -0.0021305939 1129717172544699
0.0031958907 0.13529271 -0.0063917814 1129717177401419
0.017044751 0.15872924 -0.0074570784 1129717182568971
0.023436533 0.17790459 -0.0063917814 1129717187330691
0.023436533 0.18536167 -0.009587673 1129717192375482
0.02130594 0.19281875 -0.01065297 1129717197329025
0.022371236 0.20027582 -0.015979454 1129717202315431
0.011718267 0.18110047 -0.009587673 1129717207243609
-0.0074570784 0.14701098 -0.0021305939 1129717212273765
-0.026632423 0.10866029 0.0 1129717217700902
-0.046873067 0.07244019 0.0063917814 1129717222233089
-0.06285252 0.046873067 0.011718267 1129717227155955
-0.068179004 0.03089361 0.0085223755 1129717232191736
-0.068179004 0.022371236 0.0042611877 1129717237107360
-0.06604841 0.017044751 -0.0010652969 1129717242148508
-0.054330144 0.019175345 -0.0031958907 1129717247093770
-0.039415985 0.02769772 -0.0031958907 1129717252115957
-0.012783563 0.043677174 -0.0042611877 1129717257256739
0.017044751 0.06285252 -0.0074570784 1129717262059447
0.043677174 0.07670138 -0.01065297 1129717266996272
0.063917816 0.07989727 -0.01384886 1129717272026115
0.064983115 0.07244019 -0.012783563 1129717277125595
0.05646074 0.057526033 -0.0074570784 1129717281977210
0.04261188 0.036220096 -0.0010652969 1129717286912263
0.02769772 0.011718267 0.0010652969 1129717291940075
0.01065297 -0.014914157 0.005326485 1129717296869608
-0.005326485 -0.04154658 0.0085223755 1129717301890753
-0.02450183 -0.06285252 0.009587673 1129717306940494
-0.04261188 -0.07776668 0.009587673 1129717311958306
-0.05539544 -0.08309316 0.0085223755 1129717317003464
-0.060721926 -0.088419646 0.01065297 1129717321849766
-0.058591332 -0.089484945 0.01065297 1129717326742632
-0.05219955 -0.08309316 0.012783563 1129717331769038
-0.044742472 -0.07776668 0.011718267 1129717336709143
-0.039415985 -0.07244019 0.011718267 1129717341726903
-0.031958908 -0.070309594 0.014914157 1129717346853519
-0.025567126 -0.0692443 0.014914157 1129717352908779
-0.023436533 -0.0692443 0.014914157 1129717356642478
-0.02450183 -0.07244019 0.014914157 1129717361634457
-0.022371236 -0.07883197 0.015979454 1129717366578156
-0.017044751 -0.08309316 0.017044751 1129717371590552
-0.014914157 -0.07989727 0.01384886 1129717376704095
-0.02130594 -0.07350549 0.011718267 1129717381540918
-0.028763017 -0.057526033 0.0074570784 1129717386491231
-0.026632423 -0.033024207 -0.0021305939 1129717391517377
-0.01065297 -0.0085223755 -0.01065297 1129717396505503
0.015979454 0.020240642 -0.020240642 1129717401449871
0.04261188 0.050068956 -0.028763017 1129717406512535
0.07457078 0.09374613 -0.044742472 1129717416661130
0.07670138 0.11185618 -0.046873067 1129717421379515
0.07137489 0.13209683 -0.046873067 1129717426319569
0.06285252 0.14914156 -0.046873067 1129717431340245
0.057526033 0.16299044 -0.050068956 1129717436274622
0.053264845 0.16512102 -0.05113425 1129717441294778
0.05113425 0.19281875 -0.05219955 1129717446223321
0.045807768 0.18855755 -0.059656627 1129717451299623
0.031958908 0.15020686 -0.059656627 1129717456178634
0.0063917814 0.12463974 -0.03835069 1129717461210092
-0.022371236 0.09374613 -0.019175345 1129717466131083
-0.04154658 0.067113705 -0.012783563 1129717471167906
-0.05113425 0.058591332 -0.0063917814 1129717476100459
-0.04261188 0.06285252 -0.0021305939 1129717481123688
-0.028763017 0.067113705 0.0021305939 1129717486050460
-0.018110048 0.07244019 0.0063917814 1129717491081658
-0.0063917814 0.07776668 0.011718267 1129717496223378
0.005326485 0.07883197 0.02130594 1129717501158065
0.012783563 0.08096257 0.026632423 1129717505976035
0.033024207 0.08522376 0.029828314 1129717511008014
0.057526033 0.08735435 0.02450183 1129717516074161
0.046873067 0.07244019 0.011718267 1129717521088640
0.014914157 0.034089502 0.014914157 1129717525894266
-0.015979454 -0.017044751 0.026632423 1129717530899676
-0.039415985 -0.063917816 0.033024207 1129717535834736
-0.05113425 -0.09800732 0.033024207 1129717540911715
-0.053264845 -0.12570503 0.028763017 1129717545791664
-0.040481284 -0.14701098 0.025567126 1129717550858116
-0.025567126 -0.15872924 0.02450183 1129717555771964
-0.012783563 -0.16085984 0.018110048 1129717560786769
0.0010652969 -0.14807628 0.014914157 1129717565707343
0.012783563 -0.12996623 0.012783563 1129717570778488
0.028763017 -0.11185618 0.0074570784 1129717575672292
0.04154658 -0.09587672 0.009587673 1129717580686250
0.044742472 -0.08096257 0.0085223755 1129717585620574
0.04793836 -0.067113705 0.0063917814 1129717590654584
0.043677174 -0.053264845 0.0085223755 1129717595585002
0.03835069 -0.043677174 0.011718267 1129717600640262
0.028763017 -0.03835069 0.014914157 1129717605552191
0.018110048 -0.031958908 0.018110048 1129717610585159
0.005326485 -0.026632423 0.022371236 1129717615520369
-0.0063917814 -0.018110048 0.026632423 1129717620529483
-0.009587673 -0.011718267 0.02450183 1129717625454536
-0.012783563 -0.0010652969 0.019175345 1129717630520988
-0.012783563 0.014914157 0.019175345 1129717635434017
-0.01384886 0.025567126 0.014914157 1129717640454381
-0.011718267 0.033024207 0.0074570784 1129717645398750
-0.017044751 0.031958908 0.0042611877 1129717650859330
-0.023436533 0.03089361 0.0 1129717655351571
-0.029828314 0.02769772 -0.0010652969 1129717660371466