
-0.04377921 0.21525097 -0.13654077 1129713099892679
-0.018810168 0.1769638 -0.14140016 1129713105204086
-0.017980427 0.17699051 -0.1416769 1129713109797576
0.011693761 0.14829159 -0.031864613 1129713114813982
0.012565017 0.1483202 -0.032177597 1129713119750077
-0.024635687 0.13398361 -0.003668189 1129713124821691
-0.023482412 0.13399696 -0.0035766363 1129713129712057
-0.0414719 0.12920666 -0.055850714 1129713134726432
-0.040346414 0.12919903 -0.05535987 1129713139662735
-0.10630588 0.16750622 -0.09333184 1129713144684506
-0.10524435 0.16750336 -0.09294644 1129713149611278
-0.037047252 0.119615555 -0.035038084 1129713154681174
-0.035709545 0.11959934 -0.0342907 1129713159567425
-0.05790758 0.19139671 3.311634E-4 1129713164782581
-0.056414366 0.19135189 0.0016965866 1129713169546540
-0.09319475 0.16734314 -0.111420006 1129713174606176
-0.09173137 0.1672926 -0.10993117 1129713179490916
-0.15737696 0.21033096 -0.12750304 1129713184735604
-0.15639144 0.21026707 -0.12590808 1129713189682324
-0.13640106 0.10966396 -0.119907916 1129713194602792
-0.13582411 0.109641075 -0.11923772 1129713199395241
-0.08762851 0.11441326 -0.20499903 1129713204442168
-0.08728336 0.1144104 -0.20483094 1129713209354461
-0.07724886 0.11442089 -0.05643308 1129713214401492
-0.07684319 0.11442661 -0.056415856 1129713219316650
-0.009270683 0.17187786 0.0014287233 1129713224444774
-0.008599386 0.17185307 0.0021547973 1129713229279255
0.07364812 0.14307022 0.0849188 1129713234473838
0.0746442 0.14300442 0.08658472 1129713239277277
0.0565854 0.15728378 0.06477806 1129713244264255
0.057930723 0.15717793 0.06739858 1129713249201444
-0.03627546 0.12354374 -0.07812184 1129713254307434
-0.034737825 0.123446465 -0.075544596 1129713259170195
-0.119405225 0.013239861 -0.23148057 1129713264198841
-0.118033916 0.013198853 -0.23011386 1129713269096290
0.031756297 0.09458923 -0.18145356 1129713274142019
0.033175543 0.09460449 -0.18119809 1129713279067072
0.020310253 0.09941673 -0.07096252 1129713284091030
0.021786526 0.09945202 -0.07111481 1129713289038532
-0.07732643 0.08990097 -0.023177028 1129713294042281
-0.07589844 0.08992672 -0.023121953 1129713298990928
-0.079289794 0.046842575 -0.0659025 1129713304016188
-0.07797781 0.04684162 -0.06533724 1129713308930513
-0.08156906 0.051615715 -0.08369994 1129713313991033
-0.080660135 0.05159664 -0.08292773 1129713318919316
-0.070273146 -0.015459061 -0.21627095 1129713323918065
-0.06948252 -0.015471458 -0.21569845 1129713328838535
-0.073504314 0.03242016 -0.26819634 1129713333875150
-0.072896704 0.032455444 -0.26867217 1129713339229995
0.0040559024 0.07081604 -0.08767322 1129713343854786
0.0042788982 0.07089138 -0.08915293 1129713348772340
-0.06734578 0.12364292 0.04815215 1129713353799370
-0.0671678 0.123711586 0.046812087 1129713358998643
-0.07174049 0.13334084 0.026668787 1129713363860726
-0.0716248 0.13338566 0.025812805 1129713368800883
-0.105333865 0.14300346 -0.003850013 1129713373863435
-0.10588656 0.14304161 -0.0048553944 1129713379041665
-0.024972111 0.15743637 0.037433922 1129713383796509
-0.025368437 0.15745926 0.03679326 1129713388762552
-0.06876011 0.13352776 0.012513965 1129713393769948
-0.06905593 0.13352013 0.012538016 1129713398670884
-0.107740775 0.13829803 -0.044862002 1129713403706146
-0.10846181 0.13828945 -0.044971585 1129713408704168
-0.052066892 0.11435413 -0.07429412 1129713413706512
-0.05324678 0.114388466 -0.07545823 1129713418686513
-0.059285223 0.1910429 -0.05763766 1129713423706409
-0.06031926 0.19109154 -0.059033543 1129713428444900
-0.061307713 0.16722107 -0.08479816 1129713433655368
-0.062148005 0.16729736 -0.08666575 1129713438358127
0.0374469 0.12428951 -0.06484473 1129713443416567
0.03655459 0.12438011 -0.06698558 1129713448424954
0.007016346 0.21066475 -0.021266997 1129713453619954
0.0064864308 0.21074581 -0.023066461 1129713458486827
-0.03712064 0.20602703 -0.005492598 1129713463322975
-0.03757979 0.20608234 -0.0067406 1129713468246779
0.014735788 0.16783047 0.059093475 1129713473407091
0.01455836 0.16788387 0.05797851 1129713478667509
0.04814796 0.24453068 0.062160075 1129713483270842
0.04845482 0.24454594 0.061966896 1129713488202041
-0.042084366 0.2780571 0.11975098 1129713493196051
-0.041583717 0.27802658 0.12053394 1129713498164386
-0.041193813 0.19658089 0.025749922 1129713503156000
-0.040926993 0.19654465 0.026556969 1129713508075272
-0.04582587 0.20130253 0.027106434 1129713513110636
-0.046195313 0.20127869 0.0274373 1129713518099388
0.025313333 0.22040462 0.07574794 1129713523063033
0.025051743 0.2203703 0.07631999 1129713527990378
-0.023162276 0.18681908 -0.03807327 1129713533072982
-0.02363719 0.18678093 -0.0375098 1129713537986830
-0.0050391704 0.2011118 -0.027464509 1129713543091681
-0.005571112 0.2010889 -0.027220726 1129713547917359
-0.044488877 0.22980309 -0.03191942 1129713552955119
-0.045173958 0.22979164 -0.03194076 1129713558153606
-0.02194041 0.2010498 0.030253023 1129713562892100
-0.02267693 0.20102692 0.030442655 1129713567830591
0.034192353 0.14352703 0.054937363 1129713572854080
0.033821166 0.14347172 0.05591148 1129713577905644
-0.009356558 0.19130039 0.023446798 1129713582809497
-0.009424657 0.19123745 0.02466178 1129713587744238
0.047973007 0.090620995 -0.11301139 1129713592783196
0.048079997 0.090566635 -0.11189321 1129713597697469
0.067391984 0.11445427 -0.12990275 1129713602726999
0.067541055 0.114403725 -0.12883219 1129713607647782
0.038900644 0.08564377 -0.123425096 1129713612653192
0.038927853 0.08562946 -0.12312114 1129713617612106
-0.080696955 0.1191473 -0.09434301 1129713622650074
-0.080763 0.11916447 -0.094698966 1129713627572263
-0.052167922 0.06650257 -0.12848192 1129713632608721
-0.052319333 0.06650448 -0.1285868 1129713637521066
-0.028615221 0.076086044 -0.047358453 1129713642571639
-0.028879732 0.07609272 -0.047588766 1129713647489296
-0.029074103 0.109609604 0.005042523 1129713652559817
-0.029163554 0.109604836 0.005105078 1129713657437214
-0.053348437 0.10001278 0.03884107 1129713662478880
-0.05362931 0.09999466 0.039103568 1129713667394871
0.027702242 0.13828468 0.12081969 1129713672436225
0.027739033 0.13825417 0.121441126 1129713677470549
-0.02480127 0.11906052 0.088786185 1129713682450237
-0.024521858 0.11902046 0.08969715 1129713687467321
0.018803194 0.15729141 -0.014823496 1129713692628779
0.019246846 0.15726471 -0.014126658 1129713697276228
-0.023050025 0.16202354 -0.061100215 1129713702337374
-0.021996096 0.16200161 -0.06025821 1129713707673052
-0.054540828 0.14763737 -0.055113465 1129713712361594
-0.053478137 0.1476574 -0.055103242 1129713717270397
-0.038127676 0.14769077 -0.036264718 1129713722379824
-0.037285373 0.14772892 -0.036710322 1129713727258888
-0.002901107 0.17648315 0.07807183 1129713732176179
-0.0018983334 0.1764965 0.078193754 1129713737186285
-0.015185684 0.25310993 0.09778553 1129713742211180
-0.014093474 0.2530918 0.09859216 1129713747260348
-0.060941994 0.1955967 0.04703152 1129713752827952
-0.06043902 0.1955595 0.04799378 1129713757145297
-0.122367635 0.15720558 0.010771692 1129713762050036
-0.12234075 0.15715504 0.011830568 1129713767081183
-0.0074947625 0.18103409 0.027450502 1129713772290348
-0.007601738 0.18097115 0.028718054 1129713776941184
-0.045918927 0.2000637 -0.080158114 1129713781946594
-0.045924783 0.2000103 -0.079062104 1129713786921484
-0.041134313 0.14251137 -0.15486959 1129713791989100
-0.041064456 0.14249897 -0.15459082 1129713796843634
-0.08906804 0.19039345 -0.039948493 1129713801876030
-0.08938633 0.19041348 -0.04048422 1129713806904625
-0.0033558458 0.1425476 0.0021750927 1129713812001597
-0.003309682 0.14255333 0.0020675957 1129713816758011
-0.017632201 0.14733791 -0.08881742 1129713821814417
-0.017485216 0.14735413 -0.08907691 1129713826716814
-0.031697854 0.16174412 0.015806794 1129713832102595
-0.031667754 0.161767 0.015324533 1129713836672805
-0.08443782 0.14264202 0.07695538 1129713841843065
-0.084587485 0.14265537 0.076621324 1129713846736035
-0.16130395 0.15223408 -0.014446318 1129713851888899
-0.16127767 0.15223598 -0.014467865 1129713856587963
-0.050995007 0.13785648 0.14389807 1129713861763900
-0.050584942 0.13782501 0.14472166 1129713866554995
-0.078596994 0.19524288 0.112398624 1129713871674735
-0.07775144 0.19518566 0.113927424 1129713876507913
-0.024257153 0.16159248 0.02484867 1129713881543844
-0.02345255 0.16151714 0.026754051 1129713886466976
-0.07543731 0.13750267 -0.019298583 1129713891615046
-0.07482061 0.13744354 -0.01780361 1129713896542290
-0.016835496 0.13259983 -0.049924433 1129713901471508
-0.016352654 0.13254833 -0.04861799 1129713906431406
-0.063857034 0.113339424 -0.056852132 1129713911551767
-0.06371266 0.11328411 -0.055609703 1129713916526657
-0.11166713 0.11323547 -0.025880009 1129713921366146
-0.11184952 0.11319733 -0.02511713 1129713926341036
-0.035536736 0.09401226 -0.043745756 1129713931513230
-0.035820812 0.09398651 -0.04331523 1129713936298231
-0.059986144 0.09396267 -0.0859718 1129713941292398
-0.060286596 0.09395504 -0.085959285 1129713946215003
0.006335169 0.08916855 -0.028717637 1129713951431565
0.006001666 0.08917141 -0.02891776 1129713956171931
0.02015321 0.13705826 0.037951827 1129713961350889
0.020112574 0.13705826 0.037948906 1129713966504484
0.024993032 0.14183426 0.086134076 1129713971223182
0.02536422 0.14180565 0.08690649 1129713976087871
0.10269004 0.103461266 0.08802244 1129713981108287
0.1036589 0.10343075 0.08911994 1129713986036466
0.009006113 0.07466602 -0.029349178 1129713991094330
0.010148585 0.074643135 -0.028348386 1129713995985008
0.049739137 0.089006424 -0.08997744 1129714001023081
0.050986826 0.08899307 -0.089113176 1129714005944697
-0.02916044 0.06982803 -0.06434491 1129714010989748
-0.028040498 0.069830894 -0.06389651 1129714015995159
0.0015749037 0.055478096 -0.08291975 1129714020949906
0.0023955554 0.055513382 -0.08329904 1129714025862980
-0.030484334 0.06992817 -0.07931122 1129714030911053
-0.030007407 0.06998253 -0.08028236 1129714035818346
-0.09659 0.0796175 -0.076530874 1129714040861783
-0.09623605 0.07967758 -0.077683926 1129714045774388
-0.028919607 0.12284088 -0.031131119 1129714050838659
-0.02866681 0.122909546 -0.03250271 1129714055742358
-0.057069913 0.113404274 0.08580837 1129714060768503
-0.056743458 0.11347103 0.0845446 1129714065864911
-0.11870365 0.11831951 0.0929696 1129714070865848
-0.118300036 0.11835766 0.09234533 1129714075688193
-0.16088945 0.108807564 0.05847922 1129714080693603
-0.16013165 0.10883331 0.058277696 1129714085717673
-0.08280377 0.19504929 0.014985621 1129714090723298
-0.08209501 0.19507408 0.014793605 1129714095668716
-0.081392676 0.08495331 0.077101886 1129714100611528
-0.08065735 0.084955215 0.07740444 1129714105540071
-0.041671738 0.0897398 -0.0849933 1129714110564602
-0.04133624 0.08974552 -0.08495876 1129714115479187
-0.08920246 0.10414505 -0.1287716 1129714120641166
-0.08953126 0.10419655 -0.130036 1129714125473667
8.369833E-4 0.14258003 -0.064894825 1129714130526740
1.9837916E-4 0.14266872 -0.0670664 1129714135392626
0.057095975 0.13319397 0.026294649 1129714140438459
0.056767464 0.13329315 0.024066418 1129714145351690
0.023101613 0.24352741 0.088932514 1129714150411377
0.023095772 0.24361324 0.087150574 1129714155320337
0.052105278 0.2484703 0.13374427 1129714160340701
0.05264947 0.24851894 0.13299698 1129714165266483
0.07731457 0.21503448 0.11344093 1129714170350285
0.07818231 0.21504498 0.11361775 1129714175332214
0.041099668 0.22941399 -0.015180767 1129714180287526
0.042475373 0.22942448 -0.014743835 1129714185256954
-0.10938138 0.1815443 0.014522076 1129714190245235
-0.10805978 0.18155384 0.014951855 1129714195276591
-0.025574952 0.21987343 -0.06139517 1129714200183153
-0.024487734 0.21989536 -0.06134081 1129714205501748
-0.009282872 0.124157906 -0.037642717 1129714210177112
-0.008730501 0.124222755 -0.03871736 1129714215051957
-0.041894212 0.16261673 -0.002028197 1129714220187582
-0.041718856 0.16271305 -0.00390777 1129714225040030
-0.060740322 0.119729996 -0.030109882 1129714230073781
-0.06065969 0.11984253 -0.03235066 1129714234971803
-0.04141079 0.15825844 0.046882957 1129714240074823
-0.0413509 0.15834427 0.045185804 1129714244933729
-0.03158526 0.18235493 0.15882444 1129714249967376
-0.031116486 0.18240738 0.15799206 1129714254881544
-0.07850051 0.17766571 0.1333557 1129714259913367
-0.07817873 0.17770004 0.13280186 1129714265125660
0.06577703 0.2830696 0.21863544 1129714269902899
0.06599504 0.28307343 0.2186732 1129714274795973
-0.058114752 0.21600628 0.26732272 1129714279885192
-0.05765389 0.21595478 0.26858568 1129714284968683
-0.10999811 0.14406681 0.006615877 1129714289797849
-0.10980523 0.14400482 0.007960349 1129714294833736
-0.090454966 0.120015144 -0.0101372 1129714299745923
-0.09019837 0.119986534 -0.009436905 1129714304676182
-0.12340303 0.14391518 -0.032981128 1129714309681592
-0.123095304 0.14391899 -0.03289923 1129714314637175
-0.14694381 0.09604168 -0.10001427 1129714319774415
-0.14706981 0.09606266 -0.100510776 1129714324793791
-0.14730388 0.096131325 -0.10201338 1129714334558740
-0.094786644 0.05306244 -0.0020706654 1129714339610511
-0.095058486 0.05308914 -0.0027305484 1129714344558897
-0.10964228 0.06747627 -0.041597486 1129714349560876
-0.11000529 0.067492485 -0.042092294 1129714354457023
-0.024275526 0.029211044 -0.014074087 1129714359523475
-0.02462478 0.029237747 -0.014788717 1129714364406802
-0.039199322 0.08195686 -0.030181974 1129714369446659
-0.03925608 0.08200741 -0.031213045 1129714374371244
-0.0774347 0.12034798 -0.012679577 1129714379414629
-0.07719034 0.12037659 -0.01312241 1129714384327964
-0.115354896 0.053373337 -0.06640637 1129714389373067
-0.115333214 0.053416252 -0.06726137 1129714394283121
-0.15385704 0.091778755 -0.1402874 1129714399318902
-0.15431997 0.09185696 -0.14204538 1129714404263174
-0.11194682 0.04406929 -0.13469777 1129714409318955
-0.11266814 0.04417324 -0.1370601 1129714414215414
0.011227995 0.092170715 -0.03897515 1129714419225831
0.01093249 0.09228039 -0.041245133 1129714424261349
-0.084816575 0.16422176 0.08581853 1129714429198540
-0.08464299 0.16432953 0.0838238 1129714434203750
-0.08388397 0.16448116 0.08125299 1129714444123178
-0.0018740743 0.15496159 0.14268857 1129714449109428
-0.001167357 0.15499878 0.14229459 1129714454022189
-0.07221481 0.13589 -0.0114429 1129714459058120
-0.07143472 0.1359415 -0.012083054 1129714463981930
0.015620455 0.18389988 -0.0370394 1129714469028857
0.01661034 0.18399239 -0.038351357 1129714474068962
0.022419035 0.13142204 0.012843728 1129714478986930
0.023378223 0.13152027 0.011423051 1129714483893078
0.014890403 0.17948341 0.039166808 1129714488932869
0.016017362 0.17956066 0.038208485 1129714493864589
-0.049842402 0.23230553 0.0038824081 1129714498899537
-0.048636198 0.23235703 0.0034626722 1129714503804121
-0.037816092 0.27070332 0.04638493 1129714508856777
-0.03666216 0.27073288 0.046364963 1129714513807872
-0.08840497 0.20850849 -0.073376566 1129714518813966
-0.08767487 0.20853996 -0.07362059 1129714523723342
-0.08243318 0.18943119 -0.08383137 1129714528770008
-0.082260475 0.18948555 -0.08475894 1129714533702874
-0.05324568 0.18476677 0.11039823 1129714538755426
-0.05286777 0.18481636 0.10964596 1129714543790271
-0.009359762 0.22314835 0.14288867 1129714548674125
-0.009046748 0.22314453 0.14311433 1129714553599335
-0.013243884 0.2470665 0.15333527 1129714558649595
-0.012493044 0.24703789 0.1542232 1129714563567148
-0.07873665 0.27093983 0.12661129 1129714568595221
-0.07794547 0.27088165 0.12806153 1129714573513764
-0.034137607 0.25165558 -0.004308343 1129714578590899
-0.03359519 0.25159073 -0.0028197765 1129714583465015
-0.028500214 0.20365524 -0.0687342 1129714588515535
-0.028341204 0.20362759 -0.06814501 1129714593426318
-0.013798833 0.251503 -0.12056938 1129714598472880
-0.013670549 0.2515087 -0.12062493 1129714603400746
0.010395721 0.22757626 0.042067647 1129714608418402
0.010600328 0.22757435 0.042201757 1129714613354705
-0.080093265 0.17489433 -0.029343903 1129714618422153
-0.07968554 0.17489338 -0.029133499 1129714623309967
-0.117656946 0.14616108 -0.067240804 1129714628330383
-0.11741528 0.14616108 -0.067111224 1129714633268561
-0.14598346 0.15575409 -3.0457973E-4 1129714638750071
-0.14580289 0.15576649 -4.4715405E-4 1129714643308666
-0.02099958 0.17014217 0.066538274 1129714648244395
-0.020498335 0.17014313 0.06675595 1129714653475282
0.02820842 0.19406891 0.18716282 1129714658202415
0.029478893 0.19402981 0.18853384 1129714663217054
0.050036862 0.25619888 0.16680932 1129714668250439
0.0517153 0.25610733 0.1694141 1129714673132315
0.03456609 0.24160957 0.19214112 1129714678328305
0.036376998 0.24146557 0.19585645 1129714683044295
-0.119950086 0.05935192 -0.04445511 1129714688087316
-0.11864686 0.0592165 -0.041096658 1129714692999036
-0.036180824 0.09740162 -0.114706516 1129714698277577
-0.035427958 0.097332 -0.11292189 1129714702959974
-0.0010688901 0.07334614 0.022483587 1129714707988672
-2.0903349E-4 0.07330513 0.023776233 1129714712919507
-0.051920205 0.09240055 0.09730488 1129714718192475
-0.05102092 0.09233379 0.09913856 1129714722870862
0.036092445 0.08267403 0.010353774 1129714727915809
0.037057444 0.08259773 0.012455583 1129714732859040
0.014199764 0.11124802 -0.042770028 1129714738092790
0.015381932 0.11118317 -0.04076612 1129714742785291
0.059824616 0.111120224 -0.076990694 1129714747866697
0.061033726 0.111058235 -0.07500416 1129714752841587
-0.024100125 0.010460854 -0.09268382 1129714757821955
-0.023167253 0.010457039 -0.09204838 1129714762766324
-0.08453596 0.04400444 -0.19747293 1129714767737428
-0.08380005 0.044060707 -0.19819742 1129714772658106
0.022168815 0.09680843 -0.031805128 1129714777746856
0.022888392 0.09689903 -0.033242464 1129714782615972
0.04285714 0.058668137 0.027905166 1129714787655607
0.043830693 0.058728218 0.027256638 1129714792583942
0.046456724 0.058786392 0.027620763 1129714802555557
-0.11015335 0.07317734 0.032725394 1129714807566234
-0.10882527 0.073186874 0.033340067 1129714812504673
-0.045495242 0.04445839 -0.057015866 1129714817479562
-0.044471145 0.04446602 -0.056549072 1129714822496341
-0.13471925 0.0013856888 -0.08514246 1129714827495767
-0.13408005 0.0014333725 -0.08574018 1129714832415664
-0.07141489 -0.0032701492 -0.2021662 1129714837439779
-0.07128134 -0.0031614304 -0.20431116 1129714842376030
-0.15270966 0.035277367 0.008462101 1129714847396134
-0.152845 0.035408974 0.00569731 1129714852332646
-0.08111656 0.08341217 0.11816397 1129714857355354
-0.08104819 0.08350277 0.116366595 1129714862303688
0.058212474 0.18413544 0.17253712 1129714867315719
0.058924153 0.18419647 0.17173597 1129714872244887
-0.031026483 0.20339203 0.11405039 1129714877309574
-0.029955417 0.20340729 0.11440569 1129714882203846
-0.004801154 0.16990376 0.009485096 1129714887221659
-0.0033367574 0.16993237 0.009811252 1129714892152545
0.0077672005 0.15081501 -0.07618415 1129714897236399
0.009117782 0.15086365 -0.07631078 1129714902501869
-0.080818504 0.12218094 -0.08620003 1129714907211296
-0.08017075 0.122244835 -0.08709088 1129714912077704
-0.108487576 0.2229023 -0.03616655 1129714917366818
-0.108334094 0.2230053 -0.038145542 1129714922026403
-0.084495485 0.2709942 0.10335985 1129714927061923
-0.084540874 0.27108955 0.101469755 1129714931979164
-0.084246546 0.27116203 0.100213915 1129714942173227
-0.10798779 0.23286247 0.05230552 1129714947004321
-0.1079196 0.2328577 0.05244109 1129714951907708
-0.09834978 0.2711544 -0.009603918 1129714956947395
-0.098388344 0.2711401 -0.009344429 1129714961860313
-0.026702523 0.24239159 -0.009077042 1129714966884010
-0.027016789 0.24236965 -0.008826613 1129714971828439
-0.037048012 0.19446945 -0.15723622 1129714976853022
-0.037668735 0.1944809 -0.15782654 1129714981770211
-0.10556212 0.14663029 -0.09676337 1129714986797241
-0.10639727 0.14668751 -0.09838244 1129714991734482
-0.06900948 0.23774147 0.033684134 1129714996877920
-0.06964022 0.237813 0.031925857 1129715001689431
-0.14194864 0.23786545 0.22214723 1129715006713389
-0.1424774 0.23788357 0.22150129 1129715011776620
-0.10451609 0.19957638 0.16860992 1129715016668286
-0.10470086 0.19956684 0.16869205 1129715021591673
-0.09545693 0.23306847 0.09221494 1129715026629381
-0.09577578 0.23304844 0.09240806 1129715031700476
-0.11534649 0.23780918 0.040031075 1129715036749642
-0.11581048 0.23777771 0.040364146 1129715041694011
-0.13563332 0.14675713 0.021624982 1129715046554591
-0.13182789 0.10839367 -0.044901818 1129715051956771
-0.13272303 0.108356476 -0.044710904 1129715056458499
-0.10494131 0.1418333 -0.006139815 1129715061478655
-0.10538533 0.14180946 -0.005922377 1129715066402511
-0.038431853 0.18967342 0.051876903 1129715071576154
-0.0385907 0.18962955 0.052641988 1129715076362772
0.009393215 0.16564369 -0.032631546 1129715081402355
0.009963155 0.16562176 -0.031882852 1129715086317565
-0.04636401 0.16562271 0.0070830584 1129715091630169
-0.045204848 0.16562462 0.0077155232 1129715096277722
-0.1301398 0.15125751 0.008509308 1129715101351367
-0.12883314 0.15124989 0.009419739 1129715106233660
-0.117762595 0.06504154 -0.056372553 1129715111462410
-0.11602795 0.065011024 -0.054733843 1129715116223654
-0.14277881 0.14157581 0.12462506 1129715121226630
-0.14126468 0.14152336 0.12661886 1129715126322152
-0.020272076 0.20372391 0.09965354 1129715131421162
-0.01899165 0.20368099 0.10131711 1129715136114549
-0.05583307 0.16533375 0.0024890304 1129715141135017
-0.054511994 0.1653099 0.003814727 1129715146062779
-0.005454302 0.07910442 -0.057398736 1129715151106526
-0.0044794977 0.07909298 -0.05655092 1129715156019343
-0.1519899 0.07908535 0.020818949 1129715161110332
-0.15123296 0.079071045 0.021613657 1129715165977989
-0.1745669 0.11257076 -0.04464218 1129715171232833
-0.17414743 0.112561226 -0.044169247 1129715175936272
-0.16443944 0.050294876 -0.19696558 1129715180995594
-0.16460517 0.050287247 -0.19692722 1129715185894293
-0.10277036 0.06466389 -0.16390523 1129715190951428
-0.10329157 0.06468868 -0.16475543 1129715195889399
-0.051152468 0.12698174 -0.012765706 1129715200976794
-0.051585883 0.12701511 -0.01372993 1129715205831431
-0.042299896 0.21802044 0.086126536 1129715211068618
-0.042382687 0.21802616 0.08594915 1129715215781692
0.0152089 0.13661385 0.11496925 1129715220800077
0.015406936 0.13659763 0.11542261 1129715225818047
0.01577714 0.13650036 0.11764607 1129715235820809
-0.007727802 0.20347595 0.13834408 1129715240868465
-0.0070791543 0.20340538 0.14021397 1129715245649299
0.051342636 0.09316921 0.09029207 1129715250644660
0.05247307 0.09303856 0.09374514 1129715255589029
0.030125529 0.10248566 -0.050908417 1129715260831748
0.031871796 0.10239315 -0.04779136 1129715265561124
-0.047581464 0.116698265 -0.049942672 1129715270593572
-0.045778364 0.11666298 -0.04793012 1129715275505604
-0.00579229 0.030447006 -0.041446894 1129715280538781
-0.004004568 0.030436516 -0.039945543 1129715285493887
-0.02085033 0.10226059 -0.023884088 1129715290755449
-0.018836051 0.10227394 -0.022703022 1129715295421544
-0.108044 0.111867905 -0.045698076 1129715300457377
-0.106583506 0.11189842 -0.045295596 1129715305377951
-0.13432282 0.054470062 -0.10752118 1129715310459878
-0.13359404 0.05451584 -0.10796976 1129715315345452
-0.12821811 0.078523636 -0.051486492 1129715320350862
-0.1277917 0.078603745 -0.05291626 1129715325309464
-0.08930096 0.13614082 -0.025681674 1129715330370869
-0.089084715 0.13622093 -0.027228653 1129715335352590
-0.050542533 0.17938805 0.076755196 1129715340282693
-0.050397575 0.17942905 0.07599828 1129715345351393
-0.030990005 0.13156605 0.056573153 1129715350317538
-0.030697435 0.13158417 0.056401283 1129715355176029
-0.11682278 0.14118195 -0.04934597 1129715360211862
-0.11725557 0.1412077 -0.050188273 1129715365271759
-0.017317206 0.1891203 0.010997027 1129715370124565
-0.017941684 0.1891613 0.009663165 1129715375088114
-0.023247033 0.16526318 0.13765624 1129715380116708
-0.023571134 0.16528034 0.13707057 1129715385052438
0.038804978 0.14613342 0.046047926 1129715390082386
0.039275587 0.14613533 0.046342492 1129715395061189
0.001624167 0.17486858 0.11379567 1129715400029731
0.0025566518 0.17487526 0.11432701 1129715404955149
-0.09215036 0.16530418 0.00963217 1129715409999315
-0.09111971 0.165308 0.010312766 1129715414930931
-0.013750017 0.122226715 -0.08998206 1129715419905820
-0.012959123 0.122270584 -0.09034455 1129715424874213
0.021245778 0.16542816 -0.08155221 1129715429914213
0.021757185 0.16549587 -0.082623124 1129715434842183
0.01759082 0.18474293 -0.060182482 1129715439865360
0.018300533 0.18483925 -0.061658382 1129715444819267
0.014276564 0.09874058 -7.942319E-4 1129715449831350
0.015237749 0.09883785 -0.0021144748 1129715455041716
-0.017303556 0.14202595 0.020629793 1129715459788851
-0.01618424 0.14212322 0.01945284 1129715464697707
-0.04359588 0.20925808 0.12853885 1129715469750988
-0.041994542 0.2093525 0.1277754 1129715474685989
-0.016108334 0.18068123 0.2572783 1129715479690832
-0.138136 0.1136837 0.18645972 1129715485032862
-0.13596267 0.1136961 0.18784004 1129715489609376
-0.1863156 0.18072128 0.10367331 1129715494624063
-0.1842005 0.18069458 0.10584977 1129715499551043
-0.009740531 0.060954094 0.079369575 1129715504657291
-0.0076105 0.06092453 0.0816586 1129715509517815
-0.101463854 0.13271427 0.016916364 1129715514554325
-0.09989348 0.13267803 0.018922746 1129715519590257
-0.084397405 0.0751915 -0.10888478 1129715524705837
-0.08372471 0.07518387 -0.10818091 1129715529475890
-0.13608027 0.089549065 -0.07440844 1129715534460577
-0.135876 0.089562416 -0.07452151 1129715539377297
-0.049521834 0.075226784 -0.06065744 1129715544686464
-0.04937467 0.07525349 -0.06109932 1129715549351413
-0.049303412 0.07533646 -0.06281558 1129715559344643
-0.087566346 0.08017254 -0.04463628 1129715564560737
-0.08732346 0.08022308 -0.0455209 1129715569303602
-0.07727003 0.16646957 -0.02715674 1129715574437925
-0.07675913 0.16653061 -0.028018922 1129715579383708
-0.090748966 0.19053268 -0.0098335445 1129715584416572
-0.09026471 0.19059849 -0.010840476 1129715589232927
0.05422026 0.24334145 0.21339825 1129715594210115
0.055218697 0.24337101 0.21357831 1129715599136887
-0.0010470152 0.17631817 0.12868357 1129715604167147
3.427267E-4 0.17629433 0.13031676 1129715609082408
0.0066312253 0.19541645 -0.025791496 1129715614135325
0.0083040595 0.19539833 -0.02402711 1129715619047514
0.02445969 0.10918522 -0.0077204704 1129715624115170
0.026234955 0.109163284 -0.0057470202 1129715628998296
-0.029031008 0.12831783 -0.09489474 1129715634050796
-0.026863545 0.12833405 -0.09337938 1129715638954599
-0.10147351 0.11880016 -0.27451804 1129715644038609
-0.099727005 0.11888313 -0.27480865 1129715648924183
-0.11714172 0.056746483 -0.17995483 1129715654048975
-0.115912825 0.056851387 -0.18115345 1129715658868820
-0.12924421 0.080919266 -0.14943993 1129715663912778
-0.12829912 0.081064224 -0.15171087 1129715668826060
-0.08891109 0.18177891 0.05173719 1129715673831470
-0.087649435 0.18193436 0.049540818 1129715678879447
-0.067258835 0.229949 0.20587146 1129715683821009
-0.06620845 0.23003864 0.20490348 1129715688795899
-0.10339475 0.19178104 0.18088254 1129715693770788
-0.10229629 0.19178295 0.18180293 1129715698805022
-0.12976617 0.22526646 0.14534616 1129715703792365
-0.12867987 0.22520256 0.14764947 1129715708656064
-0.051003516 0.114990234 -0.060399562 1129715713700439
-0.050314993 0.114914894 -0.05817184 1129715718614815
-0.0065867007 0.15795326 -0.1473555 1129715723644815
-0.006147772 0.15793228 -0.14648652 1129715728584504
-0.111610174 0.13877964 -0.18972299 1129715733606170
-0.11204371 0.13881302 -0.19083974 1129715738530130
-0.045348197 0.14845657 0.042064488 1129715743591119
-0.045611113 0.14851952 0.04045677 1129715748493672
-0.074529886 0.22519302 0.1970472 1129715753547006
-0.07452181 0.2252388 0.19608834 1129715758492319
-0.026335746 0.1965313 0.23896068 1129715763531329
-0.026012361 0.19651413 0.23962334 1129715768402268
0.017389417 0.2730732 0.13093829 1129715773489664
0.017796248 0.27298927 0.13309154 1129715778368259
-0.048706353 0.11488342 -0.01293838 1129715783465915
-0.048357874 0.11478996 -0.010611564 1129715788313051
-0.057848215 0.11948776 -0.14742121 1129715793377791
-0.057968885 0.11942196 -0.14609945 1129715798270917
0.0040433705 0.081077576 -0.14072153 1129715803407479
0.0039253235 0.08106804 -0.14061126 1129715808263574
-0.010451257 0.08585644 -0.06402752 1129715813419511
-0.010250181 0.08587074 -0.06414318 1129715818189044
-0.04834777 0.15292549 -0.021221459 1129715823222012
-0.04824841 0.15293694 -0.021393001 1129715828145191
-0.08649555 0.100260735 -0.016454875 1129715833213055
-0.086422026 0.10025406 -0.016247302 1129715838138629
-0.119951904 0.15290642 0.13262245 1129715843174671
-0.11996126 0.15285778 0.13368922 1129715848071391
-0.024322718 0.047452927 -0.080598116 1129715853100297
-0.024520695 0.047397614 -0.079552025 1129715858030975
-0.08713913 0.004252434 -0.2655519 1129715863049777
-0.087516844 0.0042409897 -0.26564628 1129715867971601
-0.11228043 -0.019688606 -0.21880914 1129715873007955
-0.113452524 -0.019661903 -0.22045399 1129715877960612
-0.023628265 0.009115219 -0.14594975 1129715883057584
-0.024673134 0.009178162 -0.14825371 1129715887919311
0.007834762 0.10023117 0.0024641156 1129715892923998
0.0068582 0.10031223 -1.4087558E-4 1129715897854937
-0.08031851 0.06209469 0.030569315 1129715902893895
-0.08104506 0.062185287 0.028012961 1129715907805459
-0.086381316 0.1388979 0.039832234 1129715912870042
-0.08671597 0.13896751 0.038054556 1129715917809991
-0.11092001 0.13899708 0.20001122 1129715922796606
-0.11110693 0.138978 0.20025316 1129715927718794
-0.05882016 0.19159698 0.0047133267 1129715932764315
-0.059454292 0.19154453 0.005281985 1129715938204316
0.108070165 0.10053253 -0.027617574 1129715943245202
0.10844022 0.10052109 -0.027061403 1129715947697859
-0.010630548 0.114892006 -0.060143888 1129715952698848
-0.009609669 0.11490917 -0.059604943 1129715957928016
0.082050204 0.17716694 -0.020899624 1129715962639578
0.0826076 0.1771822 -0.0207313 1129715967548382
0.0070216656 0.14370632 -0.035105497 1129715972642496
0.008303791 0.14375019 -0.034918487 1129715977772237
-0.019275635 0.13421726 -0.049194545 1129715982540362
-0.01826492 0.1342802 -0.049629718 1129715987463071
-0.12275112 0.076901436 -0.10328677 1129715992512967
-0.12200403 0.07699585 -0.10462791 1129715997416768
-0.17416048 0.06274414 -0.13529256 1129716002455051
-0.19768503 0.17794323 -0.0257895 1129716012517292
-0.19737434 0.17808151 -0.028394848 1129716017755887
-0.06290531 0.24523735 0.18498895 1129716022581668
-0.06242305 0.24533081 0.18347332 1129716027307033
-0.06670937 0.17837238 0.12005919 1129716032359533
-0.06610674 0.1784296 0.11940831 1129716037432712
-0.089359075 0.14974117 0.028145432 1129716042411097
-0.08872783 0.14977932 0.027914524 1129716047341619
-0.020802468 0.08756161 -0.06292805 1129716052243806
-0.019469619 0.08757973 -0.06214711 1129716057218696
-0.027945757 0.08277798 0.030057997 1129716062360838
-0.027162492 0.08276558 0.031010747 1129716067136465
-0.10767853 0.030101776 -0.16471115 1129716072168548
-0.10686511 0.030127525 -0.1645309 1129716077114483
-0.13973287 -0.0033311844 -0.23701274 1129716082113705
-0.13908654 -0.0032377243 -0.23836222 1129716087037821
-0.023435384 0.18362522 -0.015040189 1129716092082404
-0.022276908 0.18375969 -0.01675117 1129716097295738
0.0029504895 0.15513515 0.20249066 1129716102031884
0.004470736 0.1552124 0.20226645 1129716106949750
0.030317932 0.13610554 0.08809003 1129716111988916
0.032652497 0.13615417 0.08916992 1129716116980115
0.006388098 0.15534973 0.057023913 1129716121952927
0.008899897 0.15537834 0.05871299 1129716126864023
0.011997014 0.22245216 0.008135498 1129716131922876
0.015435249 0.2224865 0.010616481 1129716137057930
-0.09170899 0.12194729 0.094468266 1129716141868919
-0.0886763 0.12199497 0.09636521 1129716146879702
-0.13381884 0.1220665 -0.13236165 1129716151830535
-0.13162518 0.122161865 -0.13221958 1129716156717406
-0.12019637 0.13665485 -0.15226316 1129716161770223
-0.118584305 0.13679981 -0.15373501 1129716166797672
-0.021265745 0.14653683 -0.078941315 1129716171883297
-0.019850254 0.14668751 -0.08066812 1129716176800121
-0.07606813 0.16597748 0.027842164 1129716181687933
-0.074866176 0.16611099 0.02625975 1129716186614341
-0.06400356 0.24286842 0.1251328 1129716191675799
-0.06280309 0.24299622 0.12367377 1129716196844602
-0.10498771 0.19520473 0.11310792 1129716201603925
-0.10404533 0.19526958 0.11269143 1129716206524812
-0.06951451 0.15702248 0.07415795 1129716211558978
-0.06858328 0.15705776 0.07433534 1129716216494188
-0.029323936 0.20018673 0.017110884 1129716221519969
-0.028396457 0.2002182 0.017390609 1129716226442991
-0.051405102 0.1427784 -0.04916942 1129716231506064
-0.050785422 0.14279652 -0.048935622 1129716236399763
0.0023322105 0.09973049 -0.05867088 1129716241431221
0.00264436 0.09977627 -0.05930245 1129716246356847
-0.035177797 0.1381464 -0.012219727 1129716251417524
-0.034375668 0.13821697 -0.012862414 1129716256315077
0.047428787 0.13825607 0.001103878 1129716261347525
0.047993094 0.13827896 0.0011941195 1129716266284453
0.12073612 0.047327995 0.025461406 1129716271365703
0.1217252 0.0473547 0.02589485 1129716276227319
-0.011191428 -0.024445534 -0.07881409 1129716281261381
-0.0101311505 -0.024414062 -0.07841191 1129716286184195
5.443692E-4 0.080991745 -0.1503829 1129716291219976
0.0018198192 0.08106804 -0.1506798 1129716296176227
-0.07777467 0.14820004 0.0024551451 1129716301187893
-0.07662898 0.14827156 0.0021482706 1129716306100915
0.029658347 0.05738926 -0.041974425 1129716311162999
0.030671567 0.057499886 -0.043207794 1129716316056125
-0.09744227 0.16298008 0.027055293 1129716321091176
-0.096072644 0.16312695 0.02549696 1129716326014928
-0.03714457 0.16806698 0.081377804 1129716331050084
-0.035500348 0.16821098 0.08015028 1129716335971856
-0.091011286 0.13482666 0.117728055 1129716341003887
-0.08922294 0.13493824 0.11730316 1129716345931649
-0.044225305 0.120687485 -0.09852743 1129716351720138
-0.042948782 0.12078571 -0.099194735 1129716356023570
-0.089349866 0.11134815 -0.07172018 1129716361290243
-0.08819795 0.111471176 -0.07300416 1129716365844098
-0.08196062 0.1259985 -0.03165245 1129716370980086
-0.080349565 0.12615395 -0.03307557 1129716375804360
0.012531817 0.14545727 0.06647757 1129716380834880
0.014494121 0.14558792 0.06591287 1129716385757746
-0.09828353 0.19359016 -0.025216758 1129716390732635
-0.09554964 0.19370747 -0.024706692 1129716395902747
0.1858001 0.17467213 0.16825143 1129716400725032
0.1899111 0.17478561 0.17029905 1129716405719780
-0.2707181 0.34248352 0.16751146 1129716410657694
-0.2673574 0.34260368 0.16873237 1129716415643530
-0.06389874 0.12722969 0.030322373 1129716420662749
-0.062018037 0.12733555 0.03023988 1129716425597750
-0.012247324 0.17056465 0.06792042 1129716430594623
-0.010355115 0.17071533 0.06699628 1129716435575876
-0.20496035 0.223526 0.109232366 1129716440578011
-0.20358872 0.22364998 0.108264595 1129716445499106
-0.15448433 0.20940208 0.1264219 1129716450819835
-0.15363687 0.20949173 0.12559268 1129716455700409
-0.1242798 0.13772202 0.17783141 1129716460500045
-0.12367529 0.1377716 0.17751873 1129716465517754
-0.11813247 0.104299545 0.014624804 1129716470403064
-0.11733472 0.104338646 0.014710963 1129716475393536
-0.12619513 0.118733406 0.048433483 1129716480415828
-0.12554592 0.11875248 0.048778564 1129716485336558
-0.06743342 0.09003067 0.034957826 1129716490335930
-0.0669989 0.09000969 0.035848588 1129716495325726
-0.06641775 0.17140007 0.055878133 1129716500332705
-0.06586999 0.17139912 0.056503356 1129716505249217
-0.09432298 0.12352085 -0.01992029 1129716510318539
-0.09429431 0.12352848 -0.0200319 1129716515215415
0.0065976977 0.056518555 -0.106396705 1129716520268436
0.007187605 0.05656147 -0.10659546 1129716525161146
-0.106913984 0.10449982 -0.010993063 1129716530526406
-0.10616499 0.10454655 -0.011081368 1129716535123594
-0.05281037 0.13332844 -0.03048104 1129716540194376
-0.05199063 0.13340092 -0.031003296 1129716545072554
0.04947722 0.14784908 0.035398155 1129716550134376
0.050486565 0.14793587 0.034814 1129716555045680
0.018032074 0.12886429 0.04397732 1129716560104169
0.019373238 0.1289463 0.043849498 1129716564984170
-0.07962036 0.1625576 0.043781698 1129716570039118
-0.07803798 0.16264343 0.043872595 1129716574987765
-0.17216682 0.15791512 0.025389463 1129716580120838
-0.17064506 0.15794563 0.026496649 1129716584949120
-0.116336465 0.16755104 0.08525571 1129716589982605
-0.11479628 0.16756916 0.08666447 1129716594872298
-0.18511623 0.18192863 0.14596656 1129716600131829
-0.18376625 0.18192005 0.14770442 1129716604873914
-0.13942343 0.11965561 -0.061231375 1129716609879323
-0.13847739 0.11965752 -0.06015578 1129716614781050
-0.1475091 0.07178974 -0.06942329 1129716619813863
-0.1470787 0.07182503 -0.06963697 1129716624730999
-0.050891697 0.1437006 -0.022246897 1129716630046207
-0.050471485 0.14374352 -0.022622794 1129716634694594
-0.08358407 0.17249966 -0.003505379 1129716639719646
-0.08329415 0.17251587 -0.0035012066 1129716644669855
-0.08795488 0.09593296 -0.109318405 1129716649678657
-0.08762878 0.09598827 -0.110042065 1129716654602513
-0.09696001 0.1630907 -0.015267402 1129716659686887
-0.09685743 0.1631527 -0.016400516 1129716664563659
-0.06790155 0.18716621 0.15960053 1129716669631472
-0.06736064 0.18723774 0.15882713 1129716674578921
-0.06168562 0.17772579 0.048434407 1129716679692202
-0.060626388 0.17778587 0.048466533 1129716684515484
-0.059348762 0.21138 0.05805558 1129716689508817
-0.05801189 0.21145535 0.058133543 1129716694477673
-0.10931814 0.13969326 0.115941316 1129716699524443
-0.10804087 0.13973904 0.11653632 1129716704387361
-0.102074444 0.12060547 0.045704573 1129716709431580
-0.10080081 0.12063217 0.04668948 1129716714406470
-0.14261514 0.14459896 0.028575748 1129716719385800
-0.14139926 0.14461803 0.029648602 1129716724330169
-0.14039367 0.12547398 -0.084255666 1129716729593353
-0.13975632 0.12547302 -0.08347049 1129716734269864
-0.09620929 0.08717346 0.017480046 1129716739296687
-0.095933974 0.08718681 0.017537653 1129716744237105
-0.0812549 0.20213127 -0.030415624 1129716749276896
-0.08080155 0.20216942 -0.030641258 1129716754179189
-0.11396617 0.1495285 0.13197595 1129716759154078
-0.11371511 0.1495533 0.13177553 1129716764165909
-0.09915215 0.17352009 0.0836325 1129716769179034
-0.09888899 0.17354298 0.08349341 1129716774094400
-0.026791394 0.12566662 0.10282189 1129716779130962
-0.011967421 0.068203926 0.07468036 1129716784761223
-0.011487961 0.06820583 0.0752331 1129716789038568
-0.14022714 0.12567043 -0.058248878 1129716794054765
-0.13970226 0.12566948 -0.057584018 1129716799004610
-0.16785598 0.10651684 -0.042538643 1129716804518308
-0.16742831 0.10652161 -0.0420973 1129716808989143
-0.047104597 0.0730257 -0.041821152 1129716813976903
-0.046447158 0.073064804 -0.04180008 1129716818902633
-0.060124934 0.09706211 0.04891306 1129716823905808
-0.05941814 0.09712982 0.04842207 1129716828862322
-0.07298654 0.14030457 0.15313682 1129716833907530
-0.07219684 0.14035988 0.15299478 1129716838818625
-0.09507078 0.17870045 0.0818232 1129716844446906
-0.09435803 0.17870998 0.08250484 1129716848886907
-0.09377664 0.1547594 0.025958478 1129716853815292
-0.09320015 0.15474224 0.027017474 1129716858736700
-0.059262037 0.08288479 -0.07236913 1129716863742110
-0.058762074 0.08286762 -0.071388155 1129716868684878
-0.10610235 0.044561386 -0.018052846 1129716873732794
-0.10565287 0.044582367 -0.017911345 1129716878677163
-0.14840215 0.13082886 -0.047335267 1129716883953837
-0.14809173 0.13090229 -0.048440695 1129716888602380
-0.080881536 0.09267616 0.15603235 1129716893894619
-0.08076483 0.09274292 0.15481484 1129716898563839
-0.056648076 0.1406908 0.22078073 1129716903696182
-0.05652845 0.140728 0.22016463 1129716908521080
-0.09466189 0.13117123 0.15773857 1129716913561652
-0.09449047 0.1311655 0.15806496 1129716918476914
-0.08004218 0.16944027 0.12052649 1129716923520143
-0.079836905 0.16940212 0.121548265 1129716928451759
-0.05567509 0.14062595 0.15148044 1129716933457169
-0.05550289 0.1405859 0.1525104 1129716938398530
-0.1033259 0.08788204 -0.043085814 1129716943455405
-0.10332656 0.0878706 -0.04285869 1129716948350042
-0.11764681 0.09747028 -0.095926255 1129716953392854
-0.11760175 0.09751606 -0.09682262 1129716958304678
-0.17520463 0.15982437 -0.10777682 1129716963667959
-0.17557168 0.1598711 -0.10918322 1129716968259836
-0.08036685 0.09766388 0.023340225 1129716973388169
-0.08087343 0.09770298 0.021918684 1129716978369055
-0.08602357 0.073786736 0.035313636 1129716983336086
-0.08638686 0.07380772 0.034450263 1129716988192963
-0.14431387 0.09779835 -0.10118452 1129716993217546
-0.14501542 0.097846985 -0.10300562 1129716998141089
-0.11696035 0.08831692 -0.047299325 1129717003200411
-0.11715096 0.08836937 -0.048576802 1129717008093485
-0.13130689 0.17940521 0.13252753 1129717013163068
-0.13087076 0.17944717 0.13223568 1129717018052288
-0.07766652 0.16030979 0.1038194 1129717023100309
-0.077172995 0.16031647 0.10430074 1129717028020935
-0.0048322678 0.17469215 0.032883584 1129717033042341
-0.004367709 0.17471027 0.033092886 1129717037965103
-0.027674437 0.1316557 -0.057919562 1129717043008540
-0.027215898 0.13169384 -0.05811125 1129717047921458
-0.13232243 0.14131832 -0.121008456 1129717053064479
-0.1321224 0.1413908 -0.12220618 1129717057896824
-0.16089517 0.12232971 -0.1192804 1129717063100313
-0.16104227 0.122431755 -0.1214712 1129717068049533
-0.09417641 0.18959618 0.04344523 1129717072904585
-0.094068885 0.18975449 0.040497124 1129717077856305
-0.08888924 0.2281971 0.27778 1129717082885367
-0.08832604 0.2282896 0.27666914 1129717087844327
-0.092463374 0.22833252 0.24789107 1129717092820941
-0.09167516 0.22834778 0.24854755 1129717097711880
-0.018787146 0.24271679 0.17791957 1129717102742348
-0.01759547 0.24271107 0.17945337 1129717107679172
0.031477153 0.1948061 0.12385833 1129717112737558
0.03260392 0.19478989 0.12554145 1129717117657923
-0.033302605 0.1421032 0.0074794292 1129717122667611
-0.032386363 0.14209652 0.008741647 1129717127593289
-0.093569756 0.12296677 -0.09096962 1129717132627039
-0.09269446 0.12299633 -0.09046587 1129717137572144
-0.12067658 0.1421938 -0.080836385 1129717142608074
-0.119921625 0.14224815 -0.080969304 1129717147506937
-0.19116479 0.15188503 -0.062253863 1129717152539020
-0.19074774 0.15195942 -0.063201725 1129717157477094
-0.07073003 0.13288784 0.10795593 1129717162689385
-0.07038897 0.13295841 0.10700226 1129717167414543
0.040262163 0.19525719 0.18328857 1129717172544699
0.04100907 0.19527912 0.18379319 1129717177401419
0.0323264 0.15217304 0.074970126 1129717182568971
0.03314793 0.15214634 0.07652098 1129717187330691
-0.052006423 0.118608475 -0.012791604 1129717192375482
-0.05092144 0.11859894 -0.011237025 1129717197329025
-0.09265047 0.13296795 -0.047904342 1129717202315431
-0.091655314 0.1329794 -0.046856254 1129717207243609
-0.11982113 0.0659771 -0.0707708 1129717212273765
-0.119431615 0.066057205 -0.07187387 1129717217700902
-0.16733122 0.05178833 -0.116888165 1129717222233089
-0.16766834 0.051914215 -0.11980119 1129717227155955
-0.05776298 0.11910534 -0.0608297 1129717232191736
-0.05779791 0.11926842 -0.06404251 1129717237107360
-0.110257864 0.1625433 0.2535705 1129717242148508
-0.10993707 0.16269875 0.25099105 1129717247093770
-0.10001308 0.1819725 0.3113718 1129717252115957
-0.09956342 0.18202877 0.31083822 1129717257256739
-0.09414923 0.08625221 0.30220187 1129717262059447
-0.093321145 0.08618641 0.3044775 1129717266996272
-0.07795197 0.05734825 0.077947795 1129717272026115
-0.07701033 0.057234764 0.08132666 1129717277125595
-0.17695081 0.037979126 -0.16491047 1129717281977210
-0.17668241 0.037890434 -0.16283303 1129717286912263
-0.085595965 -0.07709026 -0.2812244 1129717291940075
-0.08575654 -0.077121735 -0.28082523 1129717296869608
-0.16754144 -0.019662857 -0.2716927 1129717301890753
-0.16802537 -0.019620895 -0.27313668 1129717306940494
-0.12065464 0.023562431 -0.15578076 1129717311958306
-0.12112892 0.023685455 -0.15877864 1129717317003464
-0.10732418 0.086060524 0.06313527 1129717321849766
-0.10789186 0.08618355 0.060068548 1129717326742632
-0.118141234 0.17247868 0.14344585 1129717331769038
-0.1187318 0.17256546 0.1410572 1129717336709143
-0.08579975 0.21573734 0.13891 1129717341726903
-0.0865556 0.21578503 0.13709617 1129717346853519
-0.039592743 0.22539616 0.11139238 1129717352908779
-0.040092945 0.22541809 0.110387206 1129717356642478
-0.031253695 0.21108055 0.003636837 1129717361634457
-0.03205031 0.21109962 0.0023326874 1129717366578156
0.01017046 0.17279434 -0.06577137 1129717371590552
0.009439826 0.17280006 -0.066740006 1129717376704095
0.004085064 0.17761612 -0.010470152 1129717381540918
0.0037459135 0.17767715 -0.011997521 1129717386491231
-0.024798512 0.2878971 0.21168202 1129717391517377
-0.024137437 0.28796673 0.21116292 1129717396505503
0.087180614 0.26405525 0.389175 1129717401449871
0.08887863 0.26404095 0.3914249 1129717406512535
0.09393287 0.2639408 0.39935863 1129717416661130
-0.013656557 0.21123123 -0.018218577 1129717421379515
-0.010959327 0.21120644 -0.014437556 1129717426319569
0.07799941 0.1681099 -0.07320821 1129717431340245
0.080892384 0.16813374 -0.07000607 1129717436274622
-0.06455749 0.06282711 -0.43085313 1129717441294778
-0.06151086 0.06287384 -0.42783812 1129717446223321
-0.06281513 0.10605621 -0.056303322 1129717451299623
-0.059567332 0.10617447 -0.05436945 1129717456178634
-0.22013468 0.25952053 -0.08243966 1129717461210092
-0.21893704 0.2596426 -0.08326906 1129717466131083
-0.13668686 0.12571907 -0.056408018 1129717471167906
-0.13618058 0.12587166 -0.05871746 1129717476100459
-0.12628376 0.26006603 0.0638656 1129717481123688
-0.12615919 0.26013565 0.06266791 1129717486050460
-0.22677654 0.25537872 0.19605583 1129717491081658
-0.22708404 0.25536346 0.19595504 1129717496223378
-0.09375566 0.1499443 0.11022711 1129717501158065
-0.094723165 0.14983845 0.11102939 1129717505976035
-0.03363222 0.02995491 -0.25582117 1129717511008014
-0.034528196 0.029736519 -0.252729 1129717516074161
-0.15452933 0.06311035 -0.140107 1129717521088640
-0.15503812 0.06303692 -0.1393384 1129717525894266
-0.1418994 0.086940765 -0.16893387 1129717530899676
-0.1435206 0.086940765 -0.17105326 1129717535834736
-0.08302337 0.21625614 0.046348125 1129717540911715
-0.08456266 0.21630478 0.043411434 1129717545791664
-0.10999912 0.17323875 0.28512925 1129717550858116
-0.1114167 0.17323494 0.28338563 1129717555771964
-0.09818995 0.16364384 0.16730177 1129717560786769
-0.09911466 0.16360569 0.1668616 1129717565707343
-0.037670374 0.13960171 0.1574651 1129717570778488
-0.038141012 0.13951969 0.15845025 1129717575672292
-0.02911371 0.057992935 0.0643639 1129717580686250
-0.029562175 0.057868958 0.06621081 1129717585620574
-0.020307183 0.15350819 -0.0035322905 1129717590654584
-0.020687401 0.15338707 -0.0016589165 1129717595585002
-0.045155942 0.11495972 -0.1101 1129717600640262
-0.04580158 0.11485577 -0.10889822 1129717605552191
0.0060631037 0.095612526 -0.12252921 1129717610585159
0.005082071 0.095541954 -0.122402936 1129717615520369
-0.010468006 0.061966896 -0.13717765 1129717620529483
-0.011511505 0.061924934 -0.1377055 1129717625454536
-0.0410282 0.11936855 -0.11442104 1129717630520988
-0.041745186 0.11935234 -0.115002334 1129717635434017
-0.09012699 0.057102203 -0.0485726 1129717640454381
-0.09023398 0.057118416 -0.049040794 1129717645398750
-0.1716001 0.12419987 -0.016322732 1129717650859330
-0.17135012 0.12426376 -0.017261803 1129717655351571
-0.09443253 0.10520077 0.08670944 1129717660371466