
0.641678 0.23562193 0.24493356 1129713099892679
0.6416714 0.2356654 0.2448856 1129713105204086
0.64166623 0.23568293 0.24482945 1129713109797576
0.6416908 0.2357145 0.24478121 1129713114813982
0.641685 0.23572947 0.24472055 1129713119750077
0.6416786 0.23575597 0.24465345 1129713124821691
0.6416865 0.23577777 0.24457031 1129713129712057
0.6417086 0.2357939 0.24447295 1129713134726432
0.6417391 0.23579758 0.24436305 1129713139662735
0.6417685 0.23578711 0.24424565 1129713144684506
0.6417992 0.23577826 0.24413027 1129713149611278
0.6418271 0.23578385 0.24402177 1129713154681174
0.6418591 0.23581022 0.24391529 1129713159567425
0.64189947 0.23585248 0.24378832 1129713164782581
0.641953 0.23588729 0.24366464 1129713169546540
0.64202243 0.23592624 0.24353203 1129713174606176
0.64208424 0.23595151 0.24339785 1129713179490916
0.6421539 0.23596528 0.24325433 1129713184735604
0.64223474 0.23594993 0.24310894 1129713189682324
0.6423149 0.23589557 0.24294268 1129713194602792
0.6423892 0.23579885 0.2427642 1129713199395241
0.642468 0.2356639 0.2425703 1129713204442168
0.6425391 0.23552099 0.24237274 1129713209354461
0.642603 0.23537473 0.24216916 1129713214401492
0.6426666 0.2352356 0.24197549 1129713219316650
0.64274096 0.2351067 0.24177442 1129713224444774
0.6428199 0.23500226 0.24158101 1129713229279255
0.64291495 0.23492226 0.24138528 1129713234473838
0.64301205 0.23486987 0.24119993 1129713239277277
0.6431212 0.23483527 0.24101472 1129713244264255
0.64327455 0.2348345 0.24083497 1129713249201444
0.6434 0.23483998 0.24063966 1129713254307434
0.64351255 0.23484346 0.24045268 1129713259170195
0.64361215 0.23482856 0.24025984 1129713264198841
0.6436909 0.23479222 0.24007362 1129713269096290
0.64375097 0.23474298 0.23989017 1129713274142019
0.6437898 0.23469442 0.23971564 1129713279067072
0.6438214 0.23464927 0.23954286 1129713284091030
0.6438427 0.23460455 0.23937847 1129713289038532
0.6438711 0.23456244 0.23921403 1129713294042281
0.64389956 0.2345203 0.23905101 1129713298990928
0.6439378 0.2344796 0.23888516 1129713304016188
0.64398617 0.23443833 0.23871876 1129713308930513
0.64404356 0.23439643 0.23855424 1129713313991033
0.64410335 0.23434584 0.23840144 1129713318919316
0.64416575 0.2342836 0.23824443 1129713323918065
0.644224 0.23421437 0.23808588 1129713328838535
0.6442672 0.23414315 0.2379368 1129713333875150
0.6442866 0.23406559 0.23780873 1129713339229995
0.64428824 0.23398411 0.23770723 1129713343854786
0.64426893 0.23390327 0.23762727 1129713348772340
0.64424145 0.23383602 0.23756497 1129713353799370
0.6442167 0.23378533 0.2375163 1129713358998643
0.6442055 0.23373523 0.23745714 1129713363860726
0.64420086 0.23368207 0.23739856 1129713368800883
0.64419657 0.23361959 0.23735337 1129713373863435
0.64419067 0.23355359 0.23733184 1129713379041665
0.6441876 0.23350157 0.23731548 1129713383796509
0.644187 0.23346128 0.23730098 1129713388762552
0.64422995 0.23343633 0.23728779 1129713393769948
0.6442555 0.23339626 0.2372504 1129713398670884
0.6442896 0.2333368 0.23719738 1129713403706146
0.64433193 0.23323615 0.2371298 1129713408704168
0.6443705 0.23309372 0.2370543 1129713413706512
0.6443951 0.23292723 0.23697579 1129713418686513
0.64441806 0.23274708 0.23689193 1129713423706409
0.64443713 0.23257051 0.23679848 1129713428444900
0.6444464 0.23237453 0.23669195 1129713433655368
0.64445084 0.23218626 0.2365845 1129713438358127
0.6444499 0.23198506 0.23647813 1129713443416567
0.644445 0.23179248 0.23637626 1129713448424954
0.64443666 0.23160675 0.23627621 1129713453619954
0.64443105 0.2314532 0.23618144 1129713458486827
0.6444298 0.2313116 0.23609246 1129713463322975
0.64443743 0.23118208 0.2360043 1129713468246779
0.6444414 0.23106705 0.23592325 1129713473407091
0.6444407 0.23097521 0.23585156 1129713478667509
0.6444474 0.2309187 0.23578717 1129713483270842
0.6444576 0.23089795 0.23573337 1129713488202041
0.6444781 0.23090531 0.23568715 1129713493196051
0.6445119 0.2309269 0.2356404 1129713498164386
0.6445559 0.23094204 0.23558964 1129713503156000
0.6445993 0.23094009 0.2355339 1129713508075272
0.6446416 0.23091274 0.23548414 1129713513110636
0.6446801 0.23087236 0.23544413 1129713518099388
0.6447213 0.23083471 0.23540099 1129713523063033
0.64476657 0.23080237 0.23535578 1129713527990378
0.6448121 0.23076433 0.23531036 1129713533072982
0.64489514 0.23072967 0.23527741 1129713537986830
0.64494425 0.23067456 0.23523138 1129713543091681
0.6449878 0.23061016 0.23517938 1129713547917359
0.6450275 0.23053966 0.23513024 1129713552955119
0.64506465 0.23046388 0.23508365 1129713558153606
0.6450992 0.23039126 0.23504284 1129713562892100
0.6451421 0.23032299 0.2350025 1129713567830591
0.6451953 0.23026583 0.23495491 1129713572854080
0.64525706 0.23023188 0.23490568 1129713577905644
0.6453135 0.23022111 0.2348587 1129713582809497
0.6453717 0.23022333 0.23482044 1129713587744238
0.64542603 0.23023309 0.23479041 1129713592783196
0.6454719 0.23025823 0.23476623 1129713597697469
0.64551693 0.23028833 0.23474306 1129713602726999
0.6455604 0.23031406 0.23471765 1129713607647782
0.64558953 0.23032972 0.23469684 1129713612653192
0.6456102 0.23033382 0.23467588 1129713617612106
0.6456204 0.23033884 0.23465815 1129713622650074
0.6456187 0.23033246 0.23464924 1129713627572263
0.6456244 0.2303153 0.2346316 1129713632608721
0.64564174 0.23028286 0.23459546 1129713637521066
0.6456643 0.23022816 0.23454371 1129713642571639
0.64569396 0.23014773 0.23446831 1129713647489296
0.64573586 0.23005399 0.23436946 1129713652559817
0.6457816 0.22996113 0.23426177 1129713657437214
0.64583296 0.22986928 0.23416208 1129713662478880
0.6458856 0.2297793 0.23406602 1129713667394871
0.6459351 0.22970355 0.23396896 1129713672436225
0.64599305 0.22963893 0.2338683 1129713677470549
0.64609355 0.22958729 0.23376833 1129713682450237
0.64616317 0.22952232 0.23364332 1129713687467321
0.6462305 0.22945395 0.23352039 1129713692628779
0.6462915 0.22938931 0.23338936 1129713697276228
0.6463555 0.22933975 0.23324426 1129713702337374
0.64641577 0.2292928 0.23308586 1129713707673052
0.64645964 0.22923806 0.23293662 1129713712361594
0.64649194 0.2291774 0.23278356 1129713717270397
0.64651674 0.22910163 0.23262796 1129713722379824
0.64653707 0.2290236 0.2324833 1129713727258888
0.6465631 0.22896352 0.23234841 1129713732176179
0.6465919 0.22892475 0.23221989 1129713737186285
0.64662534 0.22890793 0.23210151 1129713742211180
0.64666855 0.22890493 0.23198767 1129713747260348
0.64672077 0.22891021 0.23187912 1129713752827952
0.6467731 0.22889873 0.23179393 1129713757145297
0.64682984 0.22888817 0.23171945 1129713762050036
0.646887 0.22887334 0.23166211 1129713767081183
0.64694995 0.2288638 0.23161271 1129713772290348
0.6470139 0.2288528 0.2315637 1129713776941184
0.6470749 0.22884893 0.23151565 1129713781946594
0.6471294 0.22884473 0.23147108 1129713786921484
0.6471717 0.2288429 0.23143543 1129713791989100
0.64719146 0.22884512 0.23141228 1129713796843634
0.6471893 0.22884648 0.23141499 1129713801876030
0.64717865 0.2288433 0.23143323 1129713806904625
0.6471688 0.22884898 0.23144741 1129713812001597
0.6471711 0.22885697 0.23144165 1129713816758011
0.6471798 0.2288693 0.23143578 1129713821814417
0.6471748 0.22888039 0.23142996 1129713826716814
0.64719445 0.22890367 0.23144105 1129713832102595
0.64718866 0.22889198 0.23142503 1129713836672805
0.6471823 0.22886692 0.23140714 1129713841843065
0.6471906 0.22883248 0.23137638 1129713846736035
0.6472071 0.22880211 0.23134062 1129713851888899
0.64722323 0.22877999 0.23130348 1129713856587963
0.64724493 0.22878277 0.23127498 1129713861763900
0.64727795 0.22880735 0.23123962 1129713866554995
0.6473145 0.22886303 0.23120634 1129713871674735
0.6473601 0.22893068 0.23116882 1129713876507913
0.6474179 0.22900516 0.2311311 1129713881543844
0.64747614 0.22907878 0.23109363 1129713886466976
0.6475292 0.2291583 0.23107225 1129713891615046
0.6475709 0.22923224 0.23105825 1129713896542290
0.6476073 0.22931 0.23105714 1129713901471508
0.64763826 0.22939272 0.23106636 1129713906431406
0.6476731 0.22946844 0.23107453 1129713911551767
0.6477131 0.22951797 0.2310743 1129713916526657
0.6477519 0.22954421 0.23107047 1129713921366146
0.64778537 0.22955912 0.2310687 1129713926341036
0.64781135 0.2295681 0.23107478 1129713931513230
0.64783895 0.22956224 0.2310665 1129713936298231
0.6478728 0.22954 0.23103656 1129713941292398
0.6479011 0.22948551 0.23098883 1129713946215003
0.64793193 0.22939849 0.23092063 1129713951431565
0.64796495 0.22930673 0.23084126 1129713956171931
0.64799875 0.22921653 0.23075438 1129713961350889
0.6480664 0.22915515 0.23068094 1129713966504484
0.64810234 0.22911021 0.23060866 1129713971223182
0.64814425 0.22910109 0.23054281 1129713976087871
0.6481875 0.22912607 0.23048069 1129713981108287
0.648222 0.22917402 0.23042463 1129713986036466
0.6482537 0.2292459 0.23037997 1129713991094330
0.6482732 0.22932486 0.23034658 1129713995985008
0.6482742 0.22941355 0.23032273 1129714001023081
0.64828473 0.22950144 0.2302946 1129714005944697
0.64829814 0.2295773 0.23025423 1129714010989748
0.64830494 0.22962947 0.2302078 1129714015995159
0.6483074 0.22965874 0.23016146 1129714020949906
0.6482933 0.2296776 0.23012106 1129714025862980
0.6482641 0.22969219 0.23009902 1129714030911053
0.6482289 0.22970419 0.23008989 1129714035818346
0.6481872 0.22972676 0.23009501 1129714040861783
0.6481411 0.22974895 0.23010997 1129714045774388
0.64808345 0.22978322 0.2301472 1129714050838659
0.6480175 0.22983639 0.23020709 1129714055742358
0.64794475 0.22990519 0.23027883 1129714060768503
0.6478782 0.22997195 0.23034541 1129714065864911
0.6478263 0.23000981 0.23038168 1129714070865848
0.6478012 0.23003173 0.23038076 1129714075688193
0.6477891 0.23004761 0.2303597 1129714080693603
0.6477836 0.2300614 0.23031582 1129714085717673
0.6478098 0.23009232 0.23029226 1129714090723298
0.6478024 0.23011205 0.230258 1129714095668716
0.64780575 0.23012936 0.23021561 1129714100611528
0.6478218 0.23013847 0.23015654 1129714105540071
0.6478461 0.2301357 0.23008648 1129714110564602
0.647867 0.23010097 0.23001605 1129714115479187
0.64786816 0.23003909 0.2299574 1129714120641166
0.6478542 0.22995827 0.22991668 1129714125473667
0.64782155 0.22985983 0.22989242 1129714130526740
0.6477802 0.22975522 0.22987024 1129714135392626
0.6477299 0.22964953 0.22984731 1129714140438459
0.647679 0.22956571 0.22982627 1129714145351690
0.6476186 0.22951426 0.22982517 1129714150411377
0.6475624 0.22949465 0.22983804 1129714155320337
0.6475125 0.22951141 0.2298574 1129714160340701
0.6474751 0.22955367 0.22987162 1129714165266483
0.64744407 0.22961658 0.2298867 1129714170350285
0.6474301 0.22969587 0.22989446 1129714175332214
0.64742196 0.22979347 0.22988911 1129714180287526
0.64741 0.22989577 0.22987914 1129714185256954
0.6474039 0.2299924 0.22986116 1129714190245235
0.64739686 0.23007981 0.22983992 1129714195276591
0.6473879 0.23015466 0.22982612 1129714200183153
0.64737487 0.23021728 0.2298044 1129714205501748
0.6473948 0.23025708 0.22978255 1129714210177112
0.64735943 0.23025723 0.22975987 1129714215051957
0.6473092 0.23023902 0.22974479 1129714220187582
0.64725536 0.23020191 0.22972886 1129714225040030
0.647188 0.23016077 0.22972086 1129714230073781
0.6471224 0.23011678 0.22971326 1129714234971803
0.64705575 0.2300834 0.22971407 1129714240074823
0.647003 0.2300635 0.22972019 1129714244933729
0.6469573 0.23006932 0.22973444 1129714249967376
0.6469184 0.23010647 0.22975112 1129714254881544
0.6468788 0.23016094 0.2297805 1129714259913367
0.64684045 0.23022765 0.22983202 1129714265125660
0.64680994 0.23029399 0.22987959 1129714269902899
0.64679056 0.23037371 0.22993733 1129714274795973
0.6467921 0.23047523 0.2299884 1129714279885192
0.6468192 0.23056173 0.2300065 1129714284968683
0.64685756 0.2306306 0.23001221 1129714289797849
0.64689296 0.23070234 0.23003185 1129714294833736
0.646918 0.23077111 0.23005511 1129714299745923
0.6469284 0.23084126 0.2300845 1129714304676182
0.64692754 0.23090954 0.2301152 1129714309681592
0.64691794 0.23096718 0.23014323 1129714314637175
0.6469076 0.23100899 0.23017347 1129714319774415
0.64688975 0.23102534 0.23020294 1129714324793791
0.64681846 0.23107907 0.2303043 1129714334558740
0.64683884 0.23107864 0.2303208 1129714339610511
0.6468321 0.23104505 0.23031269 1129714344558897
0.64682806 0.23101495 0.23030208 1129714349560876
0.646829 0.23097791 0.23029304 1129714354457023
0.6468177 0.23095106 0.23030685 1129714359523475
0.64679605 0.23095252 0.23034275 1129714364406802
0.64674926 0.2309893 0.23041359 1129714369446659
0.64669174 0.23105524 0.23050472 1129714374371244
0.6466383 0.23115477 0.2306083 1129714379414629
0.6465883 0.23126386 0.23070972 1129714384327964
0.64653325 0.23136844 0.2308176 1129714389373067
0.6464777 0.23144731 0.23091309 1129714394283121
0.6464197 0.23149514 0.23100093 1129714399318902
0.6463582 0.23149106 0.2310653 1129714404263174
0.64629257 0.23144692 0.2311171 1129714409318955
0.6462303 0.23137826 0.23114659 1129714414215414
0.64616644 0.23130168 0.23116206 1129714419225831
0.64610666 0.2312363 0.23116273 1129714424261349
0.6460461 0.23117788 0.2311476 1129714429198540
0.6459924 0.23112616 0.23112322 1129714434203750
0.6458721 0.23119642 0.23120059 1129714444123178
0.6458381 0.23121971 0.23119633 1129714449109428
0.6458166 0.23125519 0.2311875 1129714454022189
0.6458208 0.23130918 0.23119518 1129714459058120
0.6457847 0.2313579 0.23120126 1129714463981930
0.6457289 0.2314199 0.23122458 1129714469028857
0.6456549 0.23149975 0.23126496 1129714474068962
0.6455746 0.2315789 0.23130655 1129714478986930
0.64549786 0.2316546 0.2313472 1129714483893078
0.6454321 0.23174694 0.23138581 1129714488932869
0.6453651 0.23184632 0.23142828 1129714493864589
0.6452946 0.2319712 0.2314905 1129714498899537
0.64523727 0.23210202 0.23154767 1129714503804121
0.64518505 0.23224546 0.23160958 1129714508856777
0.6451432 0.23237708 0.23166153 1129714513807872
0.6451093 0.23248541 0.23170482 1129714518813966
0.6450781 0.23256275 0.23173477 1129714523723342
0.64504284 0.23260887 0.23176056 1129714528770008
0.64500505 0.23262931 0.23178628 1129714533702874
0.644956 0.23265503 0.23181552 1129714538755426
0.6449234 0.23268136 0.23182869 1129714543790271
0.64490914 0.23270871 0.2318289 1129714548674125
0.6449132 0.23274128 0.23182905 1129714553599335
0.644925 0.23279779 0.23182471 1129714558649595
0.64493984 0.23287334 0.23182327 1129714563567148
0.64495486 0.23297319 0.23183881 1129714568595221
0.6450132 0.23309433 0.23186822 1129714573513764
0.64504504 0.23321186 0.23189385 1129714578590899
0.6450709 0.2333219 0.2319288 1129714583465015
0.6450821 0.23343219 0.23198937 1129714588515535
0.64507484 0.23353505 0.2320656 1129714593426318
0.6450498 0.23364936 0.232161 1129714598472880
0.64501476 0.23375727 0.2322607 1129714603400746
0.6449771 0.2338661 0.23236299 1129714608418402
0.6449528 0.23396546 0.23244339 1129714613354705
0.644938 0.23405433 0.2325034 1129714618422153
0.6449268 0.23412561 0.23253822 1129714623309967
0.64492244 0.23417705 0.23255734 1129714628330383
0.64492667 0.23419693 0.23255171 1129714633268561
0.6449268 0.23418911 0.2325311 1129714638750071
0.6449378 0.23416129 0.2324863 1129714643308666
0.6449458 0.23415124 0.23244932 1129714648244395
0.6449553 0.23416679 0.23241894 1129714653475282
0.64497447 0.23420757 0.23238097 1129714658202415
0.64500105 0.23430187 0.23235138 1129714663217054
0.6450478 0.23443267 0.2323302 1129714668250439
0.6451021 0.23458503 0.23230273 1129714673132315
0.6451797 0.23477814 0.23227163 1129714678328305
0.64527065 0.23495056 0.23222841 1129714683044295
0.6454067 0.23512203 0.23218717 1129714688087316
0.6455052 0.23523487 0.2321255 1129714692999036
0.6455918 0.23534143 0.23208274 1129714698277577
0.64564216 0.23541437 0.23205635 1129714702959974
0.6456765 0.23548211 0.2320294 1129714707988672
0.6457131 0.23553963 0.2319912 1129714712919507
0.6457632 0.2356044 0.23194347 1129714718192475
0.64582276 0.2356578 0.23188487 1129714722870862
0.64588994 0.2357293 0.23183498 1129714727915809
0.64594996 0.2358097 0.23179366 1129714732859040
0.6460078 0.23591049 0.23176217 1129714738092790
0.6460554 0.23601356 0.23173198 1129714742785291
0.64609516 0.23614642 0.23171976 1129714747866697
0.64613336 0.23627242 0.23171218 1129714752841587
0.646154 0.23639105 0.23171999 1129714757821955
0.64615 0.2364858 0.2317322 1129714762766324
0.6461232 0.2365657 0.23175001 1129714767737428
0.6460712 0.23664348 0.23179203 1129714772658106
0.64599615 0.23673245 0.23186556 1129714777746856
0.6459078 0.2368318 0.23194915 1129714782615972
0.64582276 0.23695819 0.23204641 1129714787655607
0.6457463 0.23710959 0.23214775 1129714792583942
0.64558315 0.23760276 0.23246953 1129714802555557
0.6455195 0.2378216 0.23258795 1129714807566234
0.64547056 0.23803213 0.23269615 1129714812504673
0.645456 0.23824975 0.23282798 1129714817479562
0.6454067 0.2384444 0.23294455 1129714822496341
0.6453581 0.23860188 0.23305044 1129714827495767
0.64529485 0.23871984 0.23313995 1129714832415664
0.64520895 0.23880231 0.23323001 1129714837439779
0.64511055 0.2388492 0.23331872 1129714842376030
0.64499676 0.23887786 0.23341317 1129714847396134
0.64488703 0.23888934 0.23349914 1129714852332646
0.6447913 0.23889613 0.2335698 1129714857355354
0.64471626 0.23891777 0.23362842 1129714862303688
0.6446497 0.23897061 0.23368438 1129714867315719
0.64459306 0.23904945 0.2337333 1129714872244887
0.6445427 0.2391724 0.2337924 1129714877309574
0.6445075 0.23931642 0.23385641 1129714882203846
0.64446807 0.23947917 0.23392859 1129714887221659
0.6444183 0.23965895 0.23400366 1129714892152545
0.6443555 0.23985939 0.23409948 1129714897236399
0.6442826 0.24005209 0.23420759 1129714902501869
0.6442194 0.24019888 0.23429318 1129714907211296
0.64414525 0.24031307 0.23438679 1129714912077704
0.6440436 0.24040997 0.23449984 1129714917366818
0.6439499 0.24046093 0.23458873 1129714922026403
0.6438523 0.24050464 0.234692 1129714927061923
0.64379764 0.24056192 0.23479836 1129714931979164
0.64365685 0.2408145 0.23507337 1129714942173227
0.643624 0.24090983 0.23515733 1129714947004321
0.64359444 0.24101315 0.23525539 1129714951907708
0.6435606 0.2411353 0.23537682 1129714956947395
0.6435272 0.24126178 0.23550394 1129714961860313
0.6434928 0.2413913 0.23564117 1129714966884010
0.64346707 0.24149589 0.23576467 1129714971828439
0.6434421 0.24157542 0.23587678 1129714976853022
0.643405 0.241621 0.2359805 1129714981770211
0.64335334 0.24164286 0.23609039 1129714986797241
0.6432877 0.24165556 0.23620045 1129714991734482
0.6432072 0.24166675 0.23632449 1129714996877920
0.64313054 0.24169412 0.23643942 1129715001689431
0.64306176 0.2417472 0.23655996 1129715006713389
0.64301634 0.2418095 0.23667687 1129715011776620
0.64298433 0.24188106 0.23677997 1129715016668286
0.64295965 0.2419657 0.23687817 1129715021591673
0.6429346 0.24205717 0.23699248 1129715026629381
0.64290786 0.24215935 0.23711577 1129715031700476
0.64288616 0.24225879 0.23724039 1129715036749642
0.64290375 0.24235854 0.23736688 1129715041694011
0.642899 0.24242538 0.23747164 1129715046554591
0.64289737 0.24249366 0.2375974 1129715051956771
0.6428957 0.24252869 0.23769014 1129715056458499
0.64289033 0.24258098 0.237803 1129715061478655
0.6428738 0.24265774 0.23790787 1129715066402511
0.642851 0.24276377 0.23801544 1129715071576154
0.6428469 0.24286513 0.23811243 1129715076362772
0.6428379 0.24299513 0.23821777 1129715081402355
0.6428157 0.24314186 0.23831216 1129715086317565
0.6427695 0.24334234 0.23842633 1129715091630169
0.6427302 0.24352159 0.23851694 1129715096277722
0.6426878 0.24372552 0.23862273 1129715101351367
0.6426543 0.24391817 0.23871036 1129715106233660
0.64262545 0.24413294 0.23879978 1129715111462410
0.6426104 0.24435239 0.23886757 1129715116223654
0.64260495 0.2446032 0.23893744 1129715121226630
0.64260244 0.24482621 0.23901547 1129715126322152
0.642598 0.2450308 0.23909575 1129715131421162
0.6425968 0.24521618 0.23915826 1129715136114549
0.64262235 0.24543726 0.23924279 1129715141135017
0.64260733 0.24562307 0.23931146 1129715146062779
0.6425853 0.24579702 0.23938513 1129715151106526
0.64256436 0.24594809 0.23945326 1129715156019343
0.6425447 0.2460862 0.23951295 1129715161110332
0.64254147 0.24618576 0.2395433 1129715165977989
0.6425462 0.24626331 0.23956096 1129715171232833
0.6425582 0.24628963 0.23954594 1129715175936272
0.64258397 0.24627644 0.23951004 1129715180995594
0.6426124 0.24621469 0.2394542 1129715185894293
0.64263326 0.24611713 0.23939142 1129715190951428
0.64264804 0.24599825 0.23932284 1129715195889399
0.64264774 0.24587855 0.23926401 1129715200976794
0.64265096 0.24577774 0.23921132 1129715205831431
0.64265555 0.24570084 0.23916714 1129715211068618
0.64267164 0.24564847 0.23912108 1129715215781692
0.6426948 0.24562591 0.23907965 1129715220800077
0.6427182 0.24561982 0.23904654 1129715225818047
0.6427559 0.24575938 0.23911026 1129715235820809
0.64279145 0.2458349 0.23911868 1129715240868465
0.6428295 0.24593818 0.23913313 1129715245649299
0.64291507 0.24610615 0.23917061 1129715250644660
0.6429825 0.24629597 0.2392022 1129715255589029
0.6430434 0.24653676 0.23924664 1129715260831748
0.6430832 0.24676275 0.23928176 1129715265561124
0.643099 0.24700138 0.2393282 1129715270593572
0.6430947 0.247227 0.23938715 1129715275505604
0.6430792 0.2474488 0.23945872 1129715280538781
0.64306086 0.24765776 0.23951413 1129715285493887
0.64304245 0.24788676 0.23954935 1129715290755449
0.6430273 0.24805382 0.23955292 1129715295421544
0.64300996 0.24820238 0.23955965 1129715300457377
0.6429829 0.24832012 0.23956975 1129715305377951
0.6429583 0.24839306 0.2395748 1129715310459878
0.64292914 0.24842842 0.23957117 1129715315345452
0.6428836 0.24845211 0.23957843 1129715320350862
0.64282596 0.2484605 0.23959278 1129715325309464
0.64276534 0.24846964 0.23962648 1129715330370869
0.64269435 0.24849975 0.23968175 1129715335352590
0.6426245 0.24854611 0.23974808 1129715340282693
0.64257294 0.2486072 0.23982076 1129715345351393
0.6425357 0.24868122 0.23988698 1129715350317538
0.6425047 0.24874952 0.23994191 1129715355176029
0.6424744 0.24879228 0.23999141 1129715360211862
0.642443 0.24879268 0.24004251 1129715365271759
0.6424088 0.24877821 0.24009635 1129715370124565
0.6423623 0.24876721 0.24016131 1129715375088114
0.6423453 0.2487825 0.24024428 1129715380116708
0.64231116 0.24881664 0.24031664 1129715385052438
0.6422774 0.24890506 0.24040098 1129715390082386
0.64224166 0.24903278 0.24049413 1129715395061189
0.64219826 0.24919266 0.24060516 1129715400029731
0.6421483 0.24938123 0.24072416 1129715404955149
0.6420979 0.249583 0.24084501 1129715409999315
0.64205295 0.24977353 0.24095547 1129715414930931
0.642002 0.24993692 0.2410672 1129715419905820
0.64193213 0.25008458 0.24117598 1129715424874213
0.64184946 0.2502219 0.24129206 1129715429914213
0.64176124 0.25034374 0.24141124 1129715434842183
0.6416549 0.2504682 0.2415366 1129715439865360
0.6415506 0.2505895 0.2416519 1129715444819267
0.64144826 0.25071502 0.24176548 1129715449831350
0.64134073 0.2508599 0.24188422 1129715455041716
0.6412431 0.25099212 0.24198523 1129715459788851
0.64113945 0.25114167 0.24209419 1129715464697707
0.64103246 0.25131276 0.24220878 1129715469750988
0.6409319 0.25149652 0.24230972 1129715474685989
0.6408561 0.25171623 0.24239941 1129715479690832
0.64079297 0.2519836 0.24248233 1129715485032862
0.6407579 0.25221804 0.24254146 1129715489609376
0.640738 0.25247866 0.24260142 1129715494624063
0.6407305 0.25272325 0.242655 1129715499551043
0.6407226 0.252976 0.24271779 1129715504657291
0.6407176 0.25322506 0.24277195 1129715509517815
0.64071995 0.25345647 0.24282205 1129715514554325
0.6407243 0.2536535 0.24286747 1129715519590257
0.64072496 0.25380674 0.24291071 1129715524705837
0.64071846 0.2538998 0.24294272 1129715529475890
0.64070594 0.25396308 0.2429795 1129715534460577
0.6407185 0.25402066 0.24302696 1129715539377297
0.6406827 0.25406623 0.24307586 1129715544686464
0.64065415 0.25409892 0.24311103 1129715549351413
0.6405453 0.25420502 0.24326284 1129715559344643
0.6404992 0.25422838 0.24330933 1129715564560737
0.6404569 0.2542507 0.24333888 1129715569303602
0.6404118 0.25428984 0.24336734 1129715574437925
0.64036566 0.25432393 0.24339025 1129715579383708
0.6403139 0.25436157 0.24342911 1129715584416572
0.64025515 0.2544128 0.24347608 1129715589232927
0.640189 0.25450155 0.2435336 1129715594210115
0.6401489 0.25462535 0.24359016 1129715599136887
0.6401372 0.25478914 0.24364616 1129715604167147
0.64013034 0.25497463 0.24370262 1129715609082408
0.6401224 0.25519013 0.24377592 1129715614135325
0.64010465 0.2554153 0.24385123 1129715619047514
0.64008296 0.25566766 0.24394238 1129715624115170
0.6400638 0.2559163 0.24402973 1129715628998296
0.64003235 0.25618157 0.24410917 1129715634050796
0.6399948 0.25642973 0.2441809 1129715638954599
0.6399403 0.25665092 0.24425355 1129715644038609
0.63986075 0.25682288 0.24432193 1129715648924183
0.639768 0.25696585 0.24437644 1129715654048975
0.6396916 0.25703952 0.244401 1129715658868820
0.6396076 0.25707188 0.24441119 1129715663912778
0.6395134 0.25708312 0.24441805 1129715668826060
0.6394067 0.25710732 0.24443392 1129715673831470
0.63930297 0.25714967 0.24444999 1129715678879447
0.63921684 0.25719875 0.24446139 1129715683821009
0.6391549 0.25725973 0.24447933 1129715688795899
0.6391179 0.25734705 0.24449678 1129715693770788
0.63911164 0.25745744 0.24451403 1129715698805022
0.63913155 0.25759473 0.24452393 1129715703792365
0.63916916 0.25773358 0.24453579 1129715708656064
0.63921946 0.25787437 0.24454226 1129715713700439
0.63927245 0.25796747 0.24453521 1129715718614815
0.63931483 0.25804424 0.24452594 1129715723644815
0.63933545 0.25808287 0.24451435 1129715728584504
0.6393409 0.2580597 0.24450243 1129715733606170
0.6393212 0.25800145 0.24450159 1129715738530130
0.6392797 0.25793675 0.24450359 1129715743591119
0.63923764 0.25788566 0.24451147 1129715748493672
0.63919234 0.2578604 0.24453656 1129715753547006
0.6391519 0.25786996 0.24457268 1129715758492319
0.6391231 0.25792333 0.24461524 1129715763531329
0.6391178 0.2580069 0.24466479 1129715768402268
0.6391629 0.25813615 0.24474159 1129715773489664
0.6391972 0.2582688 0.2447976 1129715778368259
0.6392344 0.25841913 0.24485648 1129715783465915
0.639277 0.25854805 0.244908 1129715788313051
0.63931507 0.25866103 0.24496786 1129715793377791
0.63933265 0.25875157 0.24503806 1129715798270917
0.6393243 0.25883412 0.2451271 1129715803407479
0.63929904 0.25891057 0.24521424 1129715808263574
0.639262 0.25900233 0.2453138 1129715813419511
0.63922 0.25909746 0.2454046 1129715818189044
0.6391733 0.25919855 0.24550241 1129715823222012
0.63913083 0.25928918 0.24559699 1129715828145191
0.6390961 0.25939217 0.2456988 1129715833213055
0.63906145 0.2595003 0.24580379 1129715838138629
0.63902974 0.2596227 0.24592373 1129715843174671
0.63902384 0.25974485 0.24602659 1129715848071391
0.63902617 0.25985897 0.24612583 1129715853100297
0.6390317 0.25995064 0.24621001 1129715858030975
0.6390324 0.26002517 0.24629559 1129715863049777
0.6390108 0.2600709 0.24637419 1129715867971601
0.63896716 0.26007727 0.24646717 1129715873007955
0.63891125 0.26005432 0.24656987 1129715877960612
0.63883924 0.26002556 0.24667747 1129715883057584
0.6387604 0.2599941 0.24677986 1129715887919311
0.6386691 0.25997272 0.24689609 1129715892923998
0.6385698 0.25996166 0.24702331 1129715897854937
0.6384603 0.2599558 0.24716195 1129715902893895
0.6383512 0.25997362 0.24730131 1129715907805459
0.638227 0.2600293 0.24746808 1129715912870042
0.6381174 0.26012447 0.24764164 1129715917809991
0.63803256 0.26024973 0.2478172 1129715922796606
0.63798213 0.26039845 0.24798328 1129715927718794
0.63794607 0.26056495 0.2481673 1129715932764315
0.63789535 0.26074582 0.24838969 1129715938204316
0.637833 0.26095995 0.24860668 1129715943245202
0.63775843 0.26119727 0.24881914 1129715947697859
0.63765436 0.26149464 0.24907975 1129715952698848
0.6375333 0.26184222 0.24936451 1129715957928016
0.63742393 0.26214755 0.24963155 1129715962639578
0.6372993 0.26246697 0.24992797 1129715967548382
0.6371471 0.262835 0.2502481 1129715972642496
0.6369865 0.26324147 0.25058624 1129715977772237
0.6368332 0.26362032 0.25090665 1129715982540362
0.63666403 0.26398578 0.25123686 1129715987463071
0.63648015 0.2643334 0.25157353 1129715992512967
0.63630205 0.2646323 0.25187638 1129715997416768
0.6361161 0.26489267 0.25217035 1129716002455051
0.6357217 0.26531577 0.2527396 1129716012517292
0.6355335 0.26551625 0.25300333 1129716017755887
0.6353705 0.26570562 0.25323534 1129716022581668
0.6352304 0.2658963 0.25344676 1129716027307033
0.6350977 0.26610294 0.25366417 1129716032359533
0.63498354 0.26631472 0.25386602 1129716037432712
0.6348848 0.26652518 0.25405023 1129716042411097
0.63479054 0.2667298 0.254231 1129716047341619
0.6347036 0.26695192 0.25440243 1129716052243806
0.634625 0.2672149 0.25456893 1129716057218696
0.6345618 0.26748392 0.25474554 1129716062360838
0.6345133 0.26769227 0.25488687 1129716067136465
0.63445765 0.26788434 0.25501317 1129716072168548
0.6343925 0.26805764 0.2551368 1129716077114483
0.6343045 0.26820546 0.2552674 1129716082113705
0.63419366 0.26834062 0.25540474 1129716087037821
0.6340609 0.26849085 0.2555629 1129716092082404
0.63391227 0.2686807 0.25573298 1129716097295738
0.6338155 0.26890066 0.2559059 1129716102031884
0.63369715 0.26916006 0.25608352 1129716106949750
0.6335921 0.26947927 0.25627145 1129716111988916
0.6334827 0.26984033 0.25646472 1129716116980115
0.6333685 0.27023923 0.25668105 1129716121952927
0.63325673 0.27066186 0.2569105 1129716126864023
0.6331317 0.27115253 0.25716063 1129716131922876
0.6330008 0.27169207 0.25742838 1129716137057930
0.6328935 0.27217272 0.2576651 1129716141868919
0.63278097 0.2726138 0.25787202 1129716146879702
0.6326602 0.2730006 0.2580629 1129716151830535
0.6325311 0.2733151 0.2582425 1129716156717406
0.6323806 0.27358234 0.25842416 1129716161770223
0.63222057 0.27381656 0.25860417 1129716166797672
0.63205534 0.27403027 0.2587764 1129716171883297
0.63190734 0.27421248 0.25892192 1129716176800121
0.6317692 0.27438167 0.2590625 1129716181687933
0.63163257 0.27455103 0.25920516 1129716186614341
0.6314893 0.27472633 0.2593512 1129716191675799
0.631355 0.27490214 0.2594974 1129716196844602
0.631247 0.275061 0.25963223 1129716201603925
0.6311567 0.2752327 0.25976261 1129716206524812
0.6310712 0.27541098 0.2598897 1129716211558978
0.6310057 0.275581 0.2600023 1129716216494188
0.6309386 0.27575997 0.26012126 1129716221519969
0.63087595 0.2759327 0.26023406 1129716226442991
0.63082355 0.27610046 0.26033536 1129716231506064
0.63077784 0.2762303 0.26042497 1129716236399763
0.63072854 0.27633238 0.26050785 1129716241431221
0.6306719 0.27640742 0.2605846 1129716246356847
0.6306037 0.27649325 0.26066557 1129716251417524
0.6305303 0.27660513 0.26074818 1129716256315077
0.6304538 0.276746 0.2608825 1129716261347525
0.6303878 0.27690822 0.2610143 1129716266284453
0.63031435 0.27710852 0.26115566 1129716271365703
0.630242 0.27731624 0.26129657 1129716276227319
0.63016164 0.27756044 0.26145893 1129716281261381
0.6300675 0.2778138 0.26164475 1129716286184195
0.6299467 0.27807727 0.2618543 1129716291219976
0.6298074 0.27836755 0.26208487 1129716296176227
0.6296515 0.2787132 0.2623321 1129716301187893
0.6295045 0.27901876 0.26258862 1129716306100915
0.6293386 0.27930108 0.26285478 1129716311162999
0.6291679 0.2795749 0.26311302 1129716316056125
0.6289733 0.2798719 0.26339447 1129716321091176
0.6287752 0.28017685 0.26367125 1129716326014928
0.62856734 0.2805007 0.26396224 1129716331050084
0.6283708 0.2808312 0.26423812 1129716335971856
0.6281819 0.28118944 0.26450828 1129716341003887
0.62801474 0.28152665 0.26475856 1129716345931649
0.6278298 0.2819092 0.26504752 1129716351720138
0.627695 0.28215152 0.2652387 1129716356023570
0.62752247 0.28242427 0.26546526 1129716361290243
0.62738 0.28262734 0.26564127 1129716365844098
0.6272099 0.28285006 0.26583123 1129716370980086
0.6270549 0.283068 0.26599595 1129716375804360
0.62693286 0.28333434 0.26617846 1129716380834880
0.6267947 0.28359154 0.2663361 1129716385757746
0.62666535 0.28386644 0.2664881 1129716390732635
0.62652445 0.28422508 0.26667067 1129716395902747
0.62636983 0.28469467 0.2668844 1129716400725032
0.6262197 0.28520975 0.2670943 1129716405719780
0.62609184 0.2856713 0.26726618 1129716410657694
0.6259601 0.28607225 0.26742983 1129716415643530
0.62582767 0.28640577 0.2676134 1129716420662749
0.6257044 0.28667152 0.2677722 1129716425597750
0.62558043 0.28689045 0.26789615 1129716430594623
0.6254575 0.287081 0.267998 1129716435575876
0.62534785 0.2872482 0.2680847 1129716440578011
0.6252467 0.28738776 0.26816955 1129716445499106
0.62514025 0.28753594 0.26827478 1129716450819835
0.6250567 0.28764975 0.26836425 1129716455700409
0.62499374 0.28775403 0.26844686 1129716460500045
0.6249351 0.2878602 0.26852977 1129716465517754
0.6248804 0.2879777 0.2686078 1129716470403064
0.62482363 0.28811488 0.2686993 1129716475393536
0.62476736 0.28826118 0.26880252 1129716480415828
0.6247204 0.28839996 0.26889858 1129716485336558
0.6246818 0.28853825 0.2689879 1129716490335930
0.6246618 0.288667 0.26907182 1129716495325726
0.6246423 0.28879339 0.2691434 1129716500332705
0.62462294 0.2888975 0.26920092 1129716505249217
0.624599 0.2889734 0.2692593 1129716510318539
0.6245816 0.28900844 0.26930025 1129716515215415
0.6245588 0.2890495 0.2693282 1129716520268436
0.62452877 0.28910375 0.26935378 1129716525161146
0.62449276 0.28917354 0.26937908 1129716530526406
0.6244661 0.28923002 0.2693931 1129716535123594
0.6244282 0.28929687 0.2694274 1129716540194376
0.6243766 0.28936857 0.2694659 1129716545072554
0.62431407 0.28945374 0.26951575 1129716550134376
0.6242451 0.2895573 0.26957706 1129716555045680
0.6241708 0.28968704 0.26965755 1129716560104169
0.62410015 0.28983387 0.26972887 1129716564984170
0.62402135 0.29000366 0.26980767 1129716570039118
0.6239488 0.29017395 0.26988125 1129716574987765
0.6238944 0.2903559 0.26994613 1129716580120838
0.6238677 0.29051703 0.26998428 1129716584949120
0.62384397 0.29068834 0.27001956 1129716589982605
0.623827 0.29085523 0.27005368 1129716594872298
0.623818 0.29104236 0.27009892 1129716600131829
0.6238175 0.2912027 0.27012953 1129716604873914
0.6238229 0.2913518 0.27015445 1129716609879323
0.6238178 0.29146418 0.2701812 1129716614781050
0.6237942 0.29154888 0.27022842 1129716619813863
0.623757 0.29161665 0.2702814 1129716624730999
0.6237042 0.29169312 0.27035278 1129716630046207
0.6236597 0.29176205 0.27041262 1129716634694594
0.6236225 0.29184484 0.27047804 1129716639719646
0.6235924 0.29191595 0.27053797 1129716644669855
0.623551 0.29196966 0.2706043 1129716649678657
0.6235011 0.29201934 0.27066064 1129716654602513
0.6234377 0.2920739 0.27073565 1129716659686887
0.623369 0.29212746 0.270824 1129716664563659
0.6232912 0.2921972 0.27092218 1129716669631472
0.62322086 0.2922862 0.27100754 1129716674578921
0.6231579 0.2924041 0.27108473 1129716679692202
0.62309915 0.29253858 0.27115932 1129716684515484
0.6230254 0.29270267 0.27125135 1129716689508817
0.62294906 0.29287836 0.27134982 1129716694477673
0.62287694 0.29306796 0.27145305 1129716699524443
0.6228148 0.29325792 0.27155557 1129716704387361
0.6227609 0.29346487 0.27167112 1129716709431580
0.6227044 0.29367656 0.27178574 1129716714406470
0.6226786 0.29390898 0.27191794 1129716719385800
0.6226267 0.294118 0.27203116 1129716724330169
0.6225748 0.2943222 0.272155 1129716729593353
0.6225354 0.29447934 0.272261 1129716734269864
0.62248725 0.2946216 0.27237514 1129716739296687
0.62243694 0.294739 0.27248508 1129716744237105
0.622386 0.29484686 0.27258563 1129716749276896
0.62233144 0.2949483 0.27267474 1129716754179189
0.62227964 0.2950475 0.27276683 1129716759154078
0.6222305 0.2951404 0.27285975 1129716764165909
0.62218076 0.29522932 0.27295378 1129716769179034
0.62213075 0.29532945 0.27305177 1129716774094400
0.6220882 0.29544073 0.27315164 1129716779130962
0.62205386 0.29557037 0.2732457 1129716784761223
0.622035 0.29566464 0.27330112 1129716789038568
0.6220125 0.29577002 0.27336246 1129716794054765
0.62199974 0.2958608 0.27340797 1129716799004610
0.62198424 0.2959586 0.27345684 1129716804518308
0.6219726 0.29602754 0.27349254 1129716808989143
0.6219521 0.29610097 0.27352506 1129716813976903
0.62192243 0.29617116 0.27355903 1129716818902633
0.6218747 0.2962544 0.27361348 1129716823905808
0.6218115 0.29635057 0.27368745 1129716828862322
0.62173253 0.296468 0.2737821 1129716833907530
0.62166816 0.29659688 0.2738749 1129716838818625
0.62161976 0.29676056 0.2739618 1129716844446906
0.6215917 0.29688427 0.27402928 1129716848886907
0.6215675 0.29701963 0.274111 1129716853815292
0.62155014 0.29715303 0.2741868 1129716858736700
0.6215407 0.29727957 0.27426237 1129716863742110
0.62152964 0.29739285 0.27432412 1129716868684878
0.6215117 0.29749295 0.27437818 1129716873732794
0.6214892 0.29755783 0.27441683 1129716878677163
0.62144494 0.29759702 0.27445993 1129716883953837
0.6213918 0.29761934 0.27450025 1129716888602380
0.62132895 0.2976339 0.27455127 1129716893894619
0.62127554 0.29764736 0.27459857 1129716898563839
0.6212239 0.29766968 0.27464676 1129716903696182
0.62119 0.2976947 0.27468765 1129716908521080
0.62116957 0.29772916 0.27472138 1129716913561652
0.6211679 0.29776812 0.27474487 1129716918476914
0.62117743 0.29782125 0.27477613 1129716923520143
0.6211889 0.29789227 0.2748107 1129716928451759
0.6212011 0.29797706 0.27485338 1129716933457169
0.62120706 0.2980603 0.27490285 1129716938398530
0.62120634 0.2981317 0.27495605 1129716943455405
0.62119496 0.29818228 0.27500662 1129716948350042
0.6211627 0.2982229 0.27506205 1129716953392854
0.62111527 0.29825193 0.27512062 1129716958304678
0.62105906 0.29825813 0.27518186 1129716963667959
0.6210156 0.29823482 0.27522823 1129716968259836
0.62098086 0.2981812 0.2752595 1129716973388169
0.62095493 0.29812026 0.2752752 1129716978369055
0.6209462 0.29806212 0.27527 1129716983336086
0.6209452 0.29799676 0.275254 1129716988192963
0.62093437 0.29789293 0.27522442 1129716993217546
0.6209163 0.29778114 0.2752108 1129716998141089
0.62088656 0.297699 0.27522513 1129717003200411
0.6208508 0.29766962 0.27524906 1129717008093485
0.6208108 0.29768503 0.27528086 1129717013163068
0.62078 0.29772976 0.2753117 1129717018052288
0.62075686 0.29780993 0.27535564 1129717023100309
0.6207338 0.29790467 0.2754127 1129717028020935
0.620701 0.29801315 0.27548522 1129717033042341
0.620659 0.29812384 0.2755694 1129717037965103
0.6206021 0.29824445 0.27565986 1129717043008540
0.6205458 0.29834986 0.27575088 1129717047921458
0.62048244 0.29843083 0.2758443 1129717053064479
0.6204136 0.29847607 0.27591905 1129717057896824
0.6203347 0.29848564 0.2759919 1129717063100313
0.6202512 0.29847613 0.27606183 1129717068049533
0.6201453 0.2984714 0.27615327 1129717072904585
0.6200179 0.29848823 0.2762573 1129717077856305
0.6199063 0.298541 0.27635586 1129717082885367
0.6198219 0.29862612 0.27644584 1129717087844327
0.6197614 0.29875216 0.27654138 1129717092820941
0.61971074 0.29891828 0.27664915 1129717097711880
0.61965686 0.2991367 0.27677804 1129717102742348
0.61959904 0.2993919 0.27692714 1129717107679172
0.61954015 0.29967704 0.27709848 1129717112737558
0.6194709 0.29996803 0.27728555 1129717117657923
0.6194005 0.30025798 0.277472 1129717122667611
0.619334 0.3005071 0.2776408 1129717127593289
0.6192561 0.30074424 0.277799 1129717132627039
0.6191764 0.30095538 0.27795297 1129717137572144
0.6190931 0.30113596 0.27809626 1129717142608074
0.6190139 0.30129206 0.27821875 1129717147506937
0.6189366 0.30141857 0.27833024 1129717152539020
0.61884767 0.30152538 0.27844802 1129717157477094
0.61873704 0.30165285 0.27860418 1129717162689385
0.6186253 0.30180556 0.27877694 1129717167414543
0.61850846 0.30202085 0.27898598 1129717172544699
0.6184051 0.30227894 0.2791994 1129717177401419
0.6183016 0.30260444 0.27945068 1129717182568971
0.6182036 0.30293867 0.2797086 1129717187330691
0.6180925 0.30330884 0.2799869 1129717192375482
0.61797386 0.3036841 0.28027087 1129717197329025
0.6178468 0.30408296 0.2805583 1129717202315431
0.61772174 0.30442765 0.28083104 1129717207243609
0.61759186 0.3046967 0.28108302 1129717212273765
0.6174492 0.30489674 0.28130794 1129717217700902
0.61732507 0.3049917 0.28147206 1129717222233089
0.617187 0.30503142 0.28162995 1129717227155955
0.6170459 0.3050469 0.28176537 1129717232191736
0.616911 0.305055 0.28187782 1129717237107360
0.6167753 0.30506507 0.28197518 1129717242148508
0.61665857 0.3050903 0.28206176 1129717247093770
0.616558 0.30514193 0.2821528 1129717252115957
0.6164889 0.30524227 0.28224775 1129717257256739
0.61645466 0.3053949 0.28234112 1129717262059447
0.61645174 0.30559656 0.28243187 1129717266996272
0.6164773 0.30582684 0.28250894 1129717272026115
0.61651134 0.30604565 0.28257576 1129717277125595
0.616543 0.30621782 0.28263333 1129717281977210
0.6165722 0.30633757 0.2826799 1129717286912263
0.61659634 0.30640465 0.282704 1129717291940075
0.6166133 0.30640882 0.28270754 1129717296869608
0.6166256 0.30635262 0.28268716 1129717301890753
0.61662173 0.30624497 0.28265008 1129717306940494
0.6165979 0.3061019 0.2826049 1129717311958306
0.61655545 0.30594185 0.2825592 1129717317003464
0.61651 0.30577576 0.2825171 1129717321849766
0.61646855 0.30560794 0.28247127 1129717326742632
0.6164333 0.30544847 0.28243354 1129717331769038
0.6164062 0.3053084 0.28239784 1129717336709143
0.6163832 0.3051801 0.28236693 1129717341726903
0.61637384 0.30505252 0.28233775 1129717346853519
0.6163769 0.30490413 0.2822955 1129717352908779
0.61637443 0.3048299 0.28228098 1129717356642478
0.61637706 0.30471212 0.28224775 1129717361634457
0.6163882 0.30458555 0.28220573 1129717366578156
0.616412 0.30445316 0.28215522 1129717371590552
0.6164354 0.3043296 0.282101 1129717376704095
0.61643946 0.30422592 0.2820641 1129717381540918
0.6164174 0.3041467 0.28204843 1129717386491231
0.6163731 0.3041248 0.2820542 1129717391517377
0.6163321 0.30416852 0.2820715 1129717396505503
0.61630636 0.3042946 0.28209987 1129717401449871
0.6162977 0.30450463 0.28213936 1129717406512535
0.6163245 0.30511764 0.28220803 1129717416661130
0.6163139 0.30546156 0.28228515 1129717421379515
0.6162809 0.30584788 0.2823983 1129717426319569
0.616221 0.3062621 0.28254634 1129717431340245
0.61614096 0.30669266 0.28271183 1129717436274622
0.61605126 0.30713126 0.28288332 1129717441294778
0.61593926 0.30760688 0.28309366 1129717446223321
0.6158126 0.30809557 0.28329405 1129717451299623
0.6156941 0.30849367 0.28344056 1129717456178634
0.6155644 0.30880874 0.28360593 1129717461210092
0.61542636 0.30901733 0.2837746 1129717466131083
0.61527735 0.3091621 0.28393075 1129717471167906
0.61512643 0.30927396 0.28408894 1129717476100459
0.6149874 0.30939454 0.28425682 1129717481123688
0.61487395 0.30952343 0.28442466 1129717486050460
0.61477506 0.30966505 0.2846028 1129717491081658
0.6146952 0.30981767 0.28479156 1129717496223378
0.6146428 0.3099621 0.28498343 1129717501158065
0.6146057 0.31010434 0.28517726 1129717505976035
0.6146015 0.31026793 0.28537366 1129717511008014
0.61463284 0.31046128 0.28554562 1129717516074161
0.61464643 0.31064054 0.28567988 1129717521088640
0.61463606 0.31072578 0.2857822 1129717525894266
0.6146203 0.31068832 0.2858519 1129717530899676
0.614604 0.31054908 0.28587848 1129717535834736
0.614592 0.3103401 0.28586182 1129717540911715
0.6145922 0.31010157 0.2858007 1129717545791664
0.6146263 0.30983263 0.28568912 1129717550858116
0.6146902 0.3095669 0.28555176 1129717555771964
0.6147725 0.30931208 0.2853886 1129717560786769
0.6148637 0.30909914 0.28523332 1129717565707343
0.6149931 0.3089377 0.28510356 1129717570778488
0.61509633 0.3088179 0.284973 1129717575672292
0.61521333 0.30872768 0.28485793 1129717580686250
0.61532164 0.3086684 0.2847642 1129717585620574
0.61542565 0.3086367 0.2846842 1129717590654584
0.6155116 0.30862337 0.2846348 1129717595585002
0.6155867 0.3086164 0.28460792 1129717600640262
0.61564165 0.3086085 0.28460383 1129717605552191
0.6156785 0.30859786 0.28462252 1129717610585159
0.61569244 0.30858195 0.28466654 1129717615520369
0.6156846 0.308565 0.2847401 1129717620529483
0.61566514 0.3085608 0.28482166 1129717625454536
0.6156287 0.30857944 0.28491446 1129717630520988
0.61558145 0.3086254 0.28502986 1129717635434017
0.61552095 0.3086953 0.28515697 1129717640454381
0.6154536 0.30878985 0.28528002 1129717645398750
0.6153707 0.30888787 0.28540742 1129717650859330
0.6152855 0.3089791 0.28551763 1129717655351571
0.61518425 0.30906639 0.28563365 1129717660371466